dvfs_mode,state,submission_time,start_time,finish_time,nodes,job_id,terminated
base,active,0.0,0.0,132.0,0 1 2 3,34036.0,False
base,active,,0.0,256.0,4,-1.0,
base,active,,0.0,297.0,5 6 7 8,-1.0,
base,active,,0.0,328.0,9,-1.0,
base,active,,0.0,455.0,10,-1.0,
base,active,,0.0,490.0,11 12 13 14 15 16 17 18 19 20 21 22 23 24 25 26,-1.0,
base,active,,0.0,494.0,27 28 29 30 31 32 33 34 35 36 37 38 39 40 41 42 43 44 45 46 47 48 49 50 51 52 53 54 55 56 57 58,-1.0,
base,active,,0.0,576.0,59 60 61 62 63 64 65 66,-1.0,
base,active,,0.0,871.0,67 68 69 70 71 72 73 74,-1.0,
base,active,,0.0,900.0,75 76 77 78 79 80 81 82 83 84 85 86 87 88 89 90 91 92 93 94 95 96 97 98 99 100 101 102 103 104 105 106 107 108 109 110 111 112 113 114 115 116 117 118 119 120 121 122 123 124 125 126 127,-1.0,
base,active,,132.0,1032.0,0 1 2 3,-1.0,
base,active,256.0,256.0,367.0,4,34039.0,False
base,active,297.0,297.0,321.0,5 6 7 8,34040.0,False
base,active,,321.0,1221.0,5 6 7 8,-1.0,
base,active,328.0,328.0,337.0,9,34041.0,False
base,active,,337.0,1237.0,9,-1.0,
base,active,,367.0,1267.0,4,-1.0,
base,active,455.0,455.0,571.0,10,34042.0,False
base,active,490.0,490.0,1611.0,11 12 13 14 15 16 17 18 19 20 21 22 23 24 25 26,34043.0,False
base,active,494.0,494.0,1249.0,27 28 29 30 31 32 33 34 35 36 37 38 39 40 41 42 43 44 45 46 47 48 49 50 51 52 53 54 55 56 57 58,34044.0,False
base,active,,571.0,1300.0,10,-1.0,
base,active,576.0,576.0,729.0,59 60 61 62 63 64 65 66,34045.0,False
base,active,,729.0,1300.0,59 60 61,-1.0,
base,active,,729.0,1307.0,62,-1.0,
base,active,,729.0,1316.0,63 64 65 66,-1.0,
base,active,871.0,871.0,1016.0,67 68 69 70 71 72 73 74,34047.0,False
base,switching_off,,900.0,2700.0,75 76 77 78 79 80 81 82 83 84 85 86 87 88 89 90 91 92 93 94 95 96 97 98 99 100 101 102 103 104 105 106 107 108 109 110 111 112 113 114 115 116 117 118 119 120 121 122 123 124 125 126 127,-2.0,
base,active,,1016.0,1316.0,67 68 69 70 71 72 73 74,-1.0,
base,switching_off,,1032.0,2832.0,0 1 2 3,-2.0,
base,switching_off,,1221.0,3021.0,5 6 7 8,-2.0,
base,switching_off,,1237.0,3037.0,9,-2.0,
base,active,,1249.0,1316.0,27 28 29 30,-1.0,
base,active,,1249.0,1326.0,31,-1.0,
base,active,,1249.0,1343.0,32 33,-1.0,
base,active,,1249.0,1535.0,34 35 36 37 38 39 40 41 42 43 44 45 46 47 48 49 50 51 52 53 54 55 56 57 58,-1.0,
base,switching_off,,1267.0,3067.0,4,-2.0,
base,active,1300.0,1300.0,1500.0,10 59 60 61,34048.0,False
base,active,1307.0,1307.0,1375.0,62,34049.0,False
base,active,1316.0,1316.0,1506.0,27 28 29 30 63 64 65 66 67 68 69 70 71 72 73 74,34050.0,False
base,active,1326.0,1326.0,1360.0,31,34051.0,False
base,active,1343.0,1343.0,1681.0,32 33,34052.0,False
base,active,,1360.0,1535.0,31,-1.0,
base,active,,1375.0,1535.0,62,-1.0,
base,active,,1500.0,1535.0,10 59 60 61,-1.0,
base,active,,1506.0,1535.0,27,-1.0,
base,active,,1506.0,1681.0,28 29 30 63 64 65 66 67 68 69 70 71 72 73 74,-1.0,
base,active,1535.0,1535.0,1875.0,10 27 31 34 35 36 37 38 39 40 41 42 43 44 45 46 47 48 49 50 51 52 53 54 55 56 57 58 59 60 61 62,34056.0,False
base,active,,1611.0,1681.0,11 12 13 14 15 16 17 18 19 20 21 22 23 24 25 26,-1.0,
base,active,,1681.0,1875.0,33,-1.0,
base,active,1651.0,1681.0,5134.0,11 12 13 14 15 16 17 18 19 20 21 22 23 24 25 26 28 29 30 32 63 64 65 66 67 68 69 70 71 72 73 74,34058.0,False
base,active,1817.0,1875.0,1903.0,34 35,34061.0,False
base,active,,1875.0,1906.0,36 37 38 39,-1.0,
base,active,1795.0,1875.0,1913.0,10 27 31 33,34060.0,False
base,active,,1875.0,2700.0,40 41,-1.0,
base,active,,1875.0,2775.0,42 43 44 45 46 47 48 49 50 51 52 53 54 55 56 57 58 59 60 61 62,-1.0,
base,active,,1903.0,2803.0,34 35,-1.0,
base,active,1906.0,1906.0,2934.0,36 37 38 39,34062.0,False
base,active,,1913.0,2030.0,10,-1.0,
base,active,,1913.0,2813.0,27 31 33,-1.0,
base,active,2030.0,2030.0,2184.0,10,34065.0,False
base,active,,2184.0,2349.0,10,-1.0,
base,active,2349.0,2349.0,2426.0,10,34070.0,False
base,active,,2426.0,5721.0,10,-1.0,
base,sleeping,,2700.0,3021.0,107 108 109 110 111 112 113 114 115 116 117 118 119 120 121 122 123 124 125 126 127,-4.0,
base,active,1927.0,2700.0,3711.0,40 41,34064.0,False
base,switching_on,,2700.0,5400.0,75 76 77 78 79 80 81 82 83 84 85 86 87 88 89 90 91 92 93 94 95 96 97 98 99 100 101 102 103 104 105 106,-3.0,
base,switching_off,,2775.0,4575.0,42 43 44 45 46 47 48 49 50 51 52 53 54 55 56 57 58 59 60 61 62,-2.0,
base,switching_off,,2803.0,4603.0,34 35,-2.0,
base,switching_off,,2813.0,4613.0,27 31 33,-2.0,
base,sleeping,,2832.0,2953.0,0,-4.0,
base,sleeping,,2832.0,3021.0,1 2 3,-4.0,
base,active,,2934.0,3834.0,39,-1.0,
base,active,,2934.0,5721.0,36 37 38,-1.0,
base,switching_on,,2953.0,5653.0,0,-3.0,
base,switching_on,,3021.0,5721.0,1 2 3 5 6 7 8 107 108 109 110 111 112 113 114 115 116 117 118 119 120 121 122 123 124 125 126 127,-3.0,
base,sleeping,,3037.0,4150.0,9,-4.0,
base,sleeping,,3067.0,4150.0,4,-4.0,
base,active,,3711.0,4611.0,40 41,-1.0,
base,switching_off,,3834.0,5634.0,39,-2.0,
base,switching_on,,4150.0,6850.0,4 9,-3.0,
base,sleeping,,4575.0,5413.0,50 51 52 53 54 55 56 57 58 59 60,-4.0,
base,sleeping,,4575.0,5878.0,61 62,-4.0,
base,switching_on,,4575.0,7275.0,42 43 44 45 46 47 48 49,-3.0,
base,sleeping,,4603.0,5413.0,34 35,-4.0,
base,switching_off,,4611.0,6411.0,40 41,-2.0,
base,sleeping,,4613.0,5413.0,27 31 33,-4.0,
base,active,2889.0,5134.0,5413.0,11 12 13 14 15 16 17 18 19 20 21 22 23 24 25 26 28 29 30 32 63 64 65 66 67 68 69 70 71 72 73 74,34074.0,False
base,active,1924.0,5400.0,5792.0,75 76 77 78 79 80 81 82 83 84 85 86 87 88 89 90 91 92 93 94 95 96 97 98 99 100 101 102 103 104 105 106,34063.0,False
base,active,3239.0,5413.0,6121.0,11 12 13 14 15 16 17 18 19 20 21 22 23 24 25 26 28 29 30 32 63 64 65 66 67 68 69 70 71 72 73 74,34078.0,False
base,switching_on,,5413.0,8113.0,27 31 33 34 35 50 51 52 53 54 55 56 57 58 59 60,-3.0,
base,sleeping,,5634.0,5878.0,39,-4.0,
base,active,2953.0,5653.0,5672.0,0,34075.0,False
base,active,,5672.0,5792.0,0,-1.0,
base,active,2800.0,5721.0,8028.0,1 2 3 5 6 7 8 10 36 37 38 107 108 109 110 111 112 113 114 115 116 117 118 119 120 121 122 123 124 125 126 127,34072.0,False
base,active,3968.0,5792.0,5878.0,90 91 92 93 94 95 96 97 98 99 100 101 102 103 104 105,34086.0,False
base,active,3267.0,5792.0,6918.0,0 75 76 77 78 79 80 81 82 83 84 85 86 87 88 89,34080.0,False
base,active,,5792.0,8578.0,106,-1.0,
base,active,5274.0,5878.0,5954.0,98 99 100 101 102 103 104 105,34105.0,False
base,active,5175.0,5878.0,5956.0,90 91 92 93 94 95 96 97,34104.0,False
base,switching_on,,5878.0,8578.0,39 61 62,-3.0,
base,active,5450.0,5954.0,6023.0,98 99 100 101 102 103 104 105,34106.0,False
base,active,5587.0,5956.0,5998.0,90 91 92 93 94 95 96 97,34109.0,False
base,active,5731.0,5998.0,6085.0,90 91 92 93 94 95 96 97,34111.0,False
base,active,,6023.0,6121.0,98 99 100 101 102 103 104 105,-1.0,
base,active,,6085.0,6121.0,90 91 92 93 94 95 96 97,-1.0,
base,active,,6121.0,6193.0,28 29 30 32,-1.0,
base,active,,6121.0,6918.0,63 64 65 66 67 68 69 70 71 72 73 74,-1.0,
base,active,4161.0,6121.0,6997.0,11 12 13 14 15 16 17 18 19 20 21 22 23 24 25 26 90 91 92 93 94 95 96 97 98 99 100 101 102 103 104 105,34089.0,False
base,active,6193.0,6193.0,6238.0,28 29 30 32,34115.0,False
base,active,,6238.0,6918.0,28 29 30 32,-1.0,
base,sleeping,,6411.0,7822.0,40,-4.0,
base,sleeping,,6411.0,7892.0,41,-4.0,
base,active,4150.0,6850.0,6875.0,4 9,34088.0,False
base,active,,6875.0,6918.0,4 9,-1.0,
base,active,,6918.0,6997.0,88 89,-1.0,
base,active,5044.0,6918.0,7144.0,0 4 9 28 29 30 32 63 64 65 66 67 68 69 70 71 72 73 74 75 76 77 78 79 80 81 82 83 84 85 86 87,34101.0,False
base,active,,6997.0,7144.0,104 105,-1.0,
base,active,5114.0,6997.0,10534.0,11 12 13 14 15 16 17 18 19 20 21 22 23 24 25 26 88 89 90 91 92 93 94 95 96 97 98 99 100 101 102 103,34103.0,False
base,active,5815.0,7144.0,7370.0,0 4 9 28 29 30 32 63 64 65 66 67 68 69 70 71 72 73 74 75 76 77 78 79 80 81 82 83 84 85 104 105,34112.0,False
base,active,,7144.0,7370.0,86 87,-1.0,
base,active,2846.0,7275.0,9542.0,42 43 44 45 46 47 48 49,34073.0,False
base,active,6675.0,7370.0,7486.0,0 4 9 28 29 30 32 63 64 65 66 67 68 69 70 71 72 73 74 75 76 77 78 79 80 81 82 83 84 85 86 87,34121.0,False
base,active,,7370.0,7486.0,104 105,-1.0,
base,active,7388.0,7486.0,7502.0,64 65 66 67 68 69 70 71,34136.0,False
base,active,7267.0,7486.0,7545.0,72 73 74 75 76 77 78 79,34133.0,False
base,active,7161.0,7486.0,7559.0,80 81 82 83 84 85 86 87,34130.0,False
base,active,6928.0,7486.0,7572.0,0 4 9 28 29 30 104 105,34123.0,False
base,active,,7486.0,7572.0,32 63,-1.0,
base,active,7451.0,7502.0,7554.0,64 65 66 67 68 69 70 71,34137.0,False
base,active,,7545.0,7572.0,72 73 74 75 76 77 78 79,-1.0,
base,active,,7554.0,7572.0,64 65 66 67 68 69 70 71,-1.0,
base,active,,7559.0,7572.0,80 81 82 83 84 85 86 87,-1.0,
base,active,6935.0,7572.0,7854.0,0 4 9 28 29 30 32 63 64 65 66 67 68 69 70 71 72 73 74 75 76 77 78 79 80 81 82 83 84 85 86 87,34124.0,False
base,active,,7572.0,7854.0,104 105,-1.0,
base,switching_on,,7822.0,10522.0,40,-3.0,
base,active,7385.0,7854.0,7944.0,72 73 74 75 76 77 78 79,34135.0,False
base,active,,7854.0,7945.0,70 71,-1.0,
base,active,7007.0,7854.0,7946.0,0 4 9 28 29 30 104 105,34125.0,False
base,active,7224.0,7854.0,7951.0,80 81 82 83 84 85 86 87,34132.0,False
base,active,7067.0,7854.0,7983.0,32 63 64 65 66 67 68 69,34127.0,False
base,switching_on,,7892.0,10592.0,41,-3.0,
base,active,,7944.0,8028.0,72 73 74 75 76 77 78 79,-1.0,
base,active,7945.0,7945.0,8047.0,70 71,34149.0,False
base,active,,7946.0,8028.0,29 30 104 105,-1.0,
base,active,7923.0,7946.0,8068.0,0 4 9 28,34148.0,False
base,active,,7951.0,8028.0,80 81 82 83 84 85 86 87,-1.0,
base,active,,7983.0,8028.0,32 63 64 65 66 67 68 69,-1.0,
base,active,,8028.0,8068.0,124 125 126 127,-1.0,
base,active,7558.0,8028.0,8089.0,116 117 118 119 120 121 122 123,34139.0,False
base,active,7556.0,8028.0,8136.0,108 109 110 111 112 113 114 115,34138.0,False
base,active,7168.0,8028.0,18995.0,6 7 8 10 36 37 38 107,34131.0,False
base,active,7125.0,8028.0,19035.0,1 2 3 5 29 30 32 63 64 65 66 67 68 69 72 73 74 75 76 77 78 79 80 81 82 83 84 85 86 87 104 105,34128.0,False
base,active,,8047.0,8068.0,70 71,-1.0,
base,active,8010.0,8068.0,8071.0,9,34151.0,False
base,active,7698.0,8068.0,8167.0,0 4 70 71 124 125 126 127,34141.0,False
base,active,,8068.0,8466.0,28,-1.0,
base,active,,8071.0,8466.0,9,-1.0,
base,active,,8089.0,8466.0,116 117 118 119 120 121,-1.0,
base,active,,8089.0,8772.0,122 123,-1.0,
base,active,3252.0,8113.0,8121.0,27 31 33 34 35 50 51 52 53 54 55 56 57 58 59 60,34079.0,False
base,active,,8121.0,8772.0,27 31,-1.0,
base,active,,8121.0,8795.0,33 34,-1.0,
base,active,,8121.0,8831.0,35 50 51 52,-1.0,
base,active,,8121.0,8852.0,53 54,-1.0,
base,active,,8121.0,9003.0,55 56,-1.0,
base,active,,8121.0,9021.0,57 58 59 60,-1.0,
base,active,,8136.0,9036.0,108 109 110 111 112 113 114 115,-1.0,
base,active,,8167.0,9047.0,0 4 70 71,-1.0,
base,active,,8167.0,9067.0,124 125 126 127,-1.0,
base,active,8466.0,8466.0,8549.0,9 28 116 117 118 119 120 121,34154.0,False
base,active,,8549.0,9098.0,9 28 116 117,-1.0,
base,active,,8549.0,9121.0,118 119,-1.0,
base,active,,8549.0,9137.0,120 121,-1.0,
base,active,4297.0,8578.0,8619.0,39 61 62 106,34092.0,False
base,active,,8619.0,9137.0,39 61 62 106,-1.0,
base,active,8772.0,8772.0,8811.0,27 31 122 123,34158.0,False
base,active,8795.0,8795.0,8811.0,33 34,34159.0,False
base,active,,8811.0,9137.0,27 31,-1.0,
base,active,,8811.0,9196.0,33 34,-1.0,
base,active,,8811.0,9208.0,122 123,-1.0,
base,active,8831.0,8831.0,8928.0,35 50 51 52,34160.0,False
base,active,8852.0,8852.0,8928.0,53 54,34161.0,False
base,active,,8928.0,9208.0,35 50,-1.0,
base,active,,8928.0,9233.0,51 52,-1.0,
base,active,,8928.0,9240.0,53 54,-1.0,
base,active,9003.0,9003.0,9023.0,55 56,34163.0,False
base,switching_off,,9021.0,10821.0,57 58 59 60,-2.0,
base,active,,9023.0,9240.0,55 56,-1.0,
base,switching_off,,9036.0,10836.0,108 109 110 111 112 113 114 115,-2.0,
base,active,9047.0,9047.0,9085.0,0 4 70 71,34164.0,False
base,switching_off,,9067.0,10867.0,124 125 126 127,-2.0,
base,active,,9085.0,9240.0,0 4 70 71,-1.0,
base,active,9098.0,9098.0,9144.0,9 28 116 117,34166.0,False
base,active,9121.0,9121.0,9144.0,118 119,34168.0,False
base,active,9137.0,9137.0,9182.0,27 31 39 61 62 106 120 121,34169.0,False
base,active,,9144.0,9381.0,9 28 116 117 118 119,-1.0,
base,active,,9182.0,9381.0,27 31,-1.0,
base,active,,9182.0,9451.0,39 61 62 106 120 121,-1.0,
base,active,9196.0,9196.0,9265.0,33 34,34172.0,False
base,active,9208.0,9208.0,9581.0,35 50 122 123,34173.0,False
base,active,9233.0,9233.0,9588.0,51 52,34174.0,False
base,active,9240.0,9240.0,9327.0,0 4 53 54 55 56 70 71,34175.0,False
base,active,,9265.0,9451.0,33 34,-1.0,
base,active,,9327.0,9541.0,0,-1.0,
base,active,,9327.0,9565.0,4 53 54 55 56 70 71,-1.0,
base,active,9381.0,9381.0,9421.0,9 27 28 31 116 117 118 119,34177.0,False
base,active,,9421.0,9565.0,9,-1.0,
base,active,,9421.0,9569.0,27 28 31 116 117 118 119,-1.0,
base,active,9451.0,9451.0,9530.0,33 34 39 61 62 106 120 121,34178.0,False
base,active,,9530.0,9569.0,33 34 39 61 62 106 120 121,-1.0,
base,active,9541.0,9541.0,9545.0,0,34179.0,False
base,active,,9542.0,9569.0,42,-1.0,
base,active,,9542.0,9572.0,43,-1.0,
base,active,,9542.0,9594.0,44 45 46 47,-1.0,
base,active,,9542.0,9632.0,48 49,-1.0,
base,active,,9545.0,9750.0,0,-1.0,
base,active,9565.0,9565.0,9668.0,4 9 53 54 55 56 70 71,34180.0,False
base,active,9569.0,9569.0,9819.0,27 28 31 33 34 39 42 61 62 106 116 117 118 119 120 121,34181.0,False
base,active,9572.0,9572.0,9614.0,43,34182.0,False
base,active,,9581.0,9750.0,35 50 122,-1.0,
base,active,,9581.0,9758.0,123,-1.0,
base,active,,9588.0,9780.0,51 52,-1.0,
base,active,9594.0,9594.0,9636.0,44 45 46 47,34183.0,False
base,active,,9614.0,9892.0,43,-1.0,
base,active,9632.0,9632.0,9661.0,48 49,34185.0,False
base,active,,9636.0,9892.0,44 45 46 47,-1.0,
base,active,,9661.0,9892.0,48 49,-1.0,
base,active,,9668.0,9892.0,4,-1.0,
base,active,,9668.0,9899.0,9 53 54 55 56 70 71,-1.0,
base,active,9750.0,9750.0,9887.0,0 35 50 122,34188.0,False
base,active,9758.0,9758.0,9775.0,123,34189.0,False
base,active,,9775.0,9899.0,123,-1.0,
base,active,9780.0,9780.0,9897.0,51 52,34190.0,False
base,active,,9819.0,9899.0,27 28 31 33 34 39 42 61,-1.0,
base,active,,9819.0,10146.0,62 106 116 117 118 119 120 121,-1.0,
base,active,,9887.0,10175.0,0,-1.0,
base,active,,9887.0,10231.0,35,-1.0,
base,active,,9887.0,10265.0,50 122,-1.0,
base,active,9892.0,9892.0,9897.0,4 43 44 45 46 47 48 49,34192.0,False
base,active,,9897.0,10265.0,4 43,-1.0,
base,active,,9897.0,10290.0,44 45,-1.0,
base,active,,9897.0,10369.0,46 47 48 49 51 52,-1.0,
base,active,9899.0,9899.0,9995.0,9 27 28 31 33 34 39 42 53 54 55 56 61 70 71 123,34193.0,False
base,active,,9995.0,10369.0,9 27,-1.0,
base,active,,9995.0,10509.0,28 31 33 34 39 42 53 54,-1.0,
base,active,,9995.0,10826.0,55 56 61 70,-1.0,
base,active,,9995.0,10847.0,71 123,-1.0,
base,active,10146.0,10146.0,10227.0,62 106 116 117 118 119 120 121,34195.0,False
base,active,10175.0,10175.0,10216.0,0,34196.0,False
base,active,,10216.0,11028.0,0,-1.0,
base,active,,10227.0,11028.0,62 106 116,-1.0,
base,active,,10227.0,11050.0,117 118,-1.0,
base,active,,10227.0,11127.0,119 120 121,-1.0,
base,active,10231.0,10231.0,10255.0,35,34197.0,False
base,active,,10255.0,11136.0,35,-1.0,
base,active,10265.0,10265.0,10368.0,4 43 50 122,34198.0,False
base,active,10290.0,10290.0,10367.0,44 45,34200.0,False
base,active,,10367.0,11136.0,44 45,-1.0,
base,active,,10368.0,11136.0,4 43 50 122,-1.0,
base,active,10369.0,10369.0,10462.0,9 27 46 47 48 49 51 52,34202.0,False
base,active,,10462.0,11136.0,9,-1.0,
base,active,,10462.0,11327.0,27 46 47 48,-1.0,
base,active,,10462.0,11362.0,49 51 52,-1.0,
base,active,10509.0,10509.0,10593.0,28 31 33 34 39 42 53 54,34205.0,False
base,active,7822.0,10522.0,10577.0,40,34144.0,False
base,active,,10534.0,11434.0,11 12 13 14 15 16 17 18 19 20 21 22 23 24 25 26 88 89 90 91 92 93 94 95 96 97 98 99 100 101 102 103,-1.0,
base,active,,10577.0,11441.0,40,-1.0,
base,active,7892.0,10592.0,10617.0,41,34146.0,False
base,active,,10593.0,11441.0,28,-1.0,
base,active,,10593.0,11479.0,31 33 34 39,-1.0,
base,active,,10593.0,11493.0,42 53 54,-1.0,
base,active,,10617.0,11517.0,41,-1.0,
base,sleeping,,10821.0,11692.0,57 58 59 60,-4.0,
base,active,10826.0,10826.0,10951.0,55 56 61 70,34207.0,False
base,sleeping,,10836.0,11692.0,108 109 110 111 112 113 114 115,-4.0,
base,active,10847.0,10847.0,10951.0,71 123,34208.0,False
base,sleeping,,10867.0,11692.0,124 125 126 127,-4.0,
base,active,,10951.0,11536.0,55 56 61 70 71 123,-1.0,
base,active,11028.0,11028.0,12010.0,0 62 106 116,34211.0,False
base,active,11050.0,11050.0,12010.0,117 118,34213.0,False
base,switching_off,,11127.0,12927.0,119 120 121,-2.0,
base,active,11136.0,11136.0,11555.0,4 9 35 43 44 45 50 122,34215.0,False
base,active,11327.0,11327.0,11376.0,27 46 47 48,34217.0,False
base,switching_off,,11362.0,13162.0,49 51 52,-2.0,
base,active,,11376.0,11536.0,27 46,-1.0,
base,active,,11376.0,11598.0,47 48,-1.0,
base,switching_off,,11434.0,13234.0,11 12 13 14 15 16 17 18 19 20 21 22 23 24 25 26 88 89 90 91 92 93 94 95 96 97 98 99 100 101 102 103,-2.0,
base,active,11441.0,11441.0,11458.0,28 40,34218.0,False
base,active,,11458.0,11598.0,28 40,-1.0,
base,active,11479.0,11479.0,11516.0,31 33 34 39,34219.0,False
base,switching_off,,11493.0,13293.0,42 53 54,-2.0,
base,active,,11516.0,11598.0,31 33 34 39,-1.0,
base,switching_off,,11517.0,13317.0,41,-2.0,
base,active,11536.0,11536.0,11579.0,27 46 55 56 61 70 71 123,34220.0,False
base,active,,11555.0,11598.0,4 9 35 43 44 45 50 122,-1.0,
base,active,,11579.0,14392.0,27 46 55 56 61 70 71 123,-1.0,
base,active,11598.0,11598.0,11660.0,4 9 28 31 33 34 35 39 40 43 44 45 47 48 50 122,34222.0,False
base,active,,11660.0,12110.0,40 43 44 45 122,-1.0,
base,active,,11660.0,12554.0,47,-1.0,
base,active,,11660.0,12560.0,48 50,-1.0,
base,active,,11660.0,14392.0,4 9 28 31 33 34 35 39,-1.0,
base,switching_on,,11692.0,14392.0,57 58 59 60 108 109 110 111 112 113 114 115 124 125 126 127,-3.0,
base,active,,12010.0,12110.0,116 117 118,-1.0,
base,active,,12010.0,12208.0,0,-1.0,
base,active,,12010.0,12910.0,62 106,-1.0,
base,active,11883.0,12110.0,12165.0,40 43 44 45,34228.0,False
base,active,12110.0,12110.0,12673.0,116 117 118 122,34230.0,False
base,active,,12165.0,12208.0,40,-1.0,
base,active,,12165.0,12908.0,43,-1.0,
base,active,,12165.0,13032.0,45,-1.0,
base,active,,12165.0,13065.0,44,-1.0,
base,active,12135.0,12208.0,12747.0,0 40,34231.0,False
base,active,12554.0,12554.0,12557.0,47,34239.0,False
base,active,,12557.0,13032.0,47,-1.0,
base,switching_off,,12560.0,14360.0,48 50,-2.0,
base,active,,12673.0,13009.0,116 117 118 122,-1.0,
base,active,,12747.0,13647.0,0 40,-1.0,
base,active,12908.0,12908.0,12965.0,43,34243.0,False
base,switching_off,,12910.0,14710.0,62 106,-2.0,
base,sleeping,,12927.0,12983.0,119,-4.0,
base,sleeping,,12927.0,16878.0,120 121,-4.0,
base,active,,12965.0,13865.0,43,-1.0,
base,switching_on,,12983.0,15683.0,119,-3.0,
base,active,13009.0,13009.0,13972.0,116 117 118 122,34246.0,False
base,active,13032.0,13032.0,13975.0,45 47,34248.0,False
base,switching_off,,13065.0,14865.0,44,-2.0,
base,sleeping,,13162.0,13234.0,49 51 52,-4.0,
base,switching_on,,13234.0,15934.0,11 12 13 14 15 16 17 18 19 20 21 22 23 24 25 26 49 51 52 88 89 90 91 92 93 94 95 96 97 98 99 100,-3.0,
base,sleeping,,13234.0,16878.0,101 102 103,-4.0,
base,sleeping,,13293.0,14687.0,42,-4.0,
base,sleeping,,13293.0,15273.0,53,-4.0,
base,sleeping,,13293.0,15445.0,54,-4.0,
base,sleeping,,13317.0,14687.0,41,-4.0,
base,switching_off,,13647.0,15447.0,0 40,-2.0,
base,switching_off,,13865.0,15665.0,43,-2.0,
base,active,,13972.0,14129.0,118 122,-1.0,
base,active,,13972.0,14542.0,116 117,-1.0,
base,active,,13975.0,14542.0,45 47,-1.0,
base,active,14129.0,14129.0,14307.0,118 122,34257.0,False
base,active,,14307.0,14392.0,118 122,-1.0,
base,sleeping,,14360.0,14687.0,48 50,-4.0,
base,active,14392.0,14392.0,14491.0,118 122,34261.0,False
base,active,11692.0,14392.0,14542.0,4 9 27 28 31 33 34 35 39 46 55 56 57 58 59 60 61 70 71 108 109 110 111 112 113 114 115 123 124 125 126 127,34224.0,False
base,active,,14491.0,14542.0,118 122,-1.0,
base,active,12208.0,14542.0,14592.0,4 9 27 28 31 33 34 35 39 45 46 47 55 56 57 58 59 60 61 70 71 108 109 110 111 112 113 114 116 117 118 122,34232.0,False
base,active,,14542.0,14592.0,115 123 124 125 126 127,-1.0,
base,active,13548.0,14592.0,14976.0,117 118 122 123 124 125 126 127,34250.0,False
base,active,,14592.0,15492.0,4 9 27 28 31 33 34 35 39 45 46 47 55 56,-1.0,
base,active,13947.0,14592.0,15805.0,57 58 59 60 61 70 71 108 109 110 111 112 113 114 115 116,34256.0,False
base,switching_on,,14687.0,17387.0,41 42 48 50,-3.0,
base,sleeping,,14710.0,15445.0,62,-4.0,
base,sleeping,,14710.0,16878.0,106,-4.0,
base,sleeping,,14865.0,15273.0,44,-4.0,
base,active,,14976.0,15805.0,117 118 122 123 124 125 126 127,-1.0,
base,switching_on,,15273.0,17973.0,44 53,-3.0,
base,switching_on,,15445.0,18145.0,54 62,-3.0,
base,sleeping,,15447.0,15962.0,0,-4.0,
base,sleeping,,15447.0,16798.0,40,-4.0,
base,switching_off,,15492.0,17292.0,4 9 27 28 31 33 34 35 39 45 46 47 55 56,-2.0,
base,sleeping,,15665.0,16878.0,43,-4.0,
base,active,12983.0,15683.0,15701.0,119,34245.0,False
base,active,,15701.0,15805.0,119,-1.0,
base,active,,15805.0,15894.0,108 109,-1.0,
base,active,,15805.0,16057.0,57 58 59 60 61 70 71,-1.0,
base,active,15235.0,15805.0,16751.0,110 111 112 113 114 115 116 117 118 119 122 123 124 125 126 127,34273.0,False
base,active,15894.0,15894.0,15955.0,108 109,34287.0,False
base,active,11739.0,15934.0,16057.0,11 12 13 14 15 16 17 18 19 20 21 22 23 24 25 26 49 51 52 88 89 90 91 92 93 94 95 96 97 98 99 100,34226.0,False
base,active,,15955.0,16057.0,108 109,-1.0,
base,switching_on,,15962.0,18662.0,0,-3.0,
base,active,15528.0,16057.0,16064.0,20 21 22 23 24 25 26 49 51 52 57 58 59 60 61 70 71 88 89 90 91 92 93 94 95 96 97 98 99 100 108 109,34279.0,False
base,active,,16057.0,16684.0,18 19,-1.0,
base,active,,16057.0,19578.0,11 12 13 14 15 16 17,-1.0,
base,active,15572.0,16064.0,16074.0,20 21 22 23 24 25 26 49 51 52 57 58 59 60 61 70 71 88 89 90 91 92 93 94 95 96 97 98 99 100 108 109,34280.0,False
base,active,15596.0,16074.0,16085.0,71 88 89 90 91 92 93 94 95 96 97 98 99 100 108 109,34282.0,False
base,active,15920.0,16074.0,16087.0,20 21 22 23 24 25 26 49 51 52 57 58 59 60 61 70,34288.0,False
base,active,,16085.0,16626.0,71 88 89 90 91 92 93 94 95 96 97 98 99 100 108 109,-1.0,
base,active,,16087.0,16626.0,20 21 22 23 24 25 26 49 51 52 57 58 59 60 61 70,-1.0,
base,active,16626.0,16626.0,16878.0,20 21 22 23 24 25 26 49 51 52 57 58 59 60 61 70 71 88 89 90 91 92 93 94 95 96 97 98 99 100 108 109,34296.0,False
base,active,16684.0,16684.0,16769.0,18 19,34297.0,False
base,active,,16751.0,19578.0,110 111 112 113 114 115 116 117 118 119 122 123 124 125 126 127,-1.0,
base,active,,16769.0,19578.0,18 19,-1.0,
base,switching_on,,16798.0,19498.0,40,-3.0,
base,active,,16878.0,19578.0,20 21 22 23 24 25 26 49 51 52 57 58 59 60 61 70 71 88 89 90 91 92 93 94 95 96 97 98 99 100 108 109,-1.0,
base,switching_on,,16878.0,19578.0,43 101 102 103 106 120 121,-3.0,
base,sleeping,,17292.0,18944.0,4,-4.0,
base,sleeping,,17292.0,18950.0,9,-4.0,
base,sleeping,,17292.0,19035.0,27 28 31 33 34 35 39 45 46 47 55 56,-4.0,
base,active,14639.0,17387.0,17392.0,41 42,34266.0,False
base,active,14687.0,17387.0,17447.0,48 50,34267.0,False
base,active,16985.0,17392.0,17567.0,41 42,34303.0,False
base,active,,17447.0,17575.0,48 50,-1.0,
base,active,,17567.0,18467.0,41 42,-1.0,
base,active,17575.0,17575.0,17773.0,48 50,34313.0,False
base,active,,17773.0,17834.0,48 50,-1.0,
base,active,17834.0,17834.0,17893.0,48 50,34317.0,False
base,active,,17893.0,18793.0,48 50,-1.0,
base,active,15273.0,17973.0,18034.0,44 53,34274.0,False
base,active,,18034.0,18934.0,44 53,-1.0,
base,active,15445.0,18145.0,18206.0,54 62,34277.0,False
base,active,,18206.0,19106.0,62,-1.0,
base,active,,18206.0,21735.0,54,-1.0,
base,switching_off,,18467.0,20267.0,41 42,-2.0,
base,active,15962.0,18662.0,18680.0,0,34290.0,False
base,active,,18680.0,21735.0,0,-1.0,
base,switching_off,,18793.0,20593.0,48 50,-2.0,
base,switching_off,,18934.0,20734.0,44 53,-2.0,
base,switching_on,,18944.0,21644.0,4,-3.0,
base,switching_on,,18950.0,21650.0,9,-3.0,
base,active,,18995.0,19035.0,8 10 36 37 38,-1.0,
base,active,,18995.0,19636.0,107,-1.0,
base,active,,18995.0,21735.0,6 7,-1.0,
base,active,18742.0,19035.0,19116.0,1 2 3 8 10 36 37 38,34330.0,False
base,active,,19035.0,19241.0,5,-1.0,
base,active,,19035.0,19293.0,29 30 32,-1.0,
base,active,,19035.0,19636.0,63 64 65 66 67 68 69 72 73 74 75 76 77 78 79 80 81 82 83 84 85 86 87 104 105,-1.0,
base,switching_on,,19035.0,21735.0,27 28 31 33 34 35 39 45 46 47 55 56,-3.0,
base,switching_off,,19106.0,20906.0,62,-2.0,
base,active,,19116.0,19293.0,1 2 3 8 10,-1.0,
base,active,,19116.0,19419.0,36,-1.0,
base,active,,19116.0,19636.0,37 38,-1.0,
base,active,19241.0,19241.0,19249.0,5,34340.0,False
base,active,,19249.0,19636.0,5,-1.0,
base,active,19293.0,19293.0,21008.0,1 2 3 8 10 29 30 32,34342.0,False
base,active,19419.0,19419.0,19438.0,36,34343.0,False
base,active,,19438.0,19636.0,36,-1.0,
base,active,16798.0,19498.0,19528.0,40,34298.0,False
base,active,,19528.0,19636.0,40,-1.0,
base,active,12277.0,19578.0,19636.0,11 12 13 14 15 16 17 18 19 20 21 22 23 24 25 26 43 49 51 52 57 58 59 60 61 70 71 88 89 90 91 92 93 94 95 96 97 98 99 100 101 102 103 106 108 109 110 111 112 113 114 115 116 117 118 119 120 121 122 123 124 125 126 127,34234.0,False
base,active,,19636.0,19657.0,113,-1.0,
base,active,15281.0,19636.0,19661.0,5 11 12 13 14 15 16 17 18 19 20 21 22 23 24 25 26 36 37 38 40 43 49 51 52 57 58 59 60 61 63 64 65 66 67 68 69 70 71 72 73 74 75 76 77 78 79 80 81 82 83 84 85 86 87 88 89 90 91 92 93 104 105 107,34275.0,False
base,active,,19636.0,19661.0,114 115 116 117 118 119 120 121 122 123 124 125 126 127,-1.0,
base,active,17083.0,19636.0,19793.0,94 95 96 97 98 99 100 101 102 103 106 108 109 110 111 112,34306.0,False
base,active,19657.0,19657.0,19743.0,113,34348.0,False
base,active,15356.0,19661.0,19678.0,5 11 12 13 14 15 16 17 18 19 20 21 22 23 24 25 26 36 37 38 40 43 49 51 52 57 58 59 60 61 63 64 65 66 67 68 69 70 71 72 73 74 75 76 77 78 79 80 81 82 114 115 116 117 118 119 120 121 122 123 124 125 126 127,34276.0,False
base,active,,19661.0,19678.0,83 84 85 86 87 88 89 90 91 92 93 104 105 107,-1.0,
base,active,,19678.0,19684.0,114,-1.0,
base,active,15500.0,19678.0,19690.0,5 11 12 13 14 15 16 17 18 19 20 21 22 23 24 25 26 36 37 38 40 43 49 51 52 57 58 59 60 61 63 64 65 66 67 68 69 70 71 72 73 74 75 76 77 78 79 80 81 82 83 84 85 86 87 88 89 90 91 92 93 104 105 107,34278.0,False
base,active,,19678.0,19690.0,115 116 117 118 119 120 121 122 123 124 125 126 127,-1.0,
base,active,19684.0,19684.0,19761.0,114,34349.0,False
base,active,15948.0,19690.0,19709.0,5 11 12 13 14 15 16 17 18 19 20 21 22 23 24 25 26 36 37 38 40 43 49 51 52 57 58 59 60 61 63 64 65 66 67 68 69 70 71 72 73 74 75 76 77 78 79 80 81 82 83 115 116 117 118 119 120 121 122 123 124 125 126 127,34289.0,False
base,active,,19690.0,19709.0,84 85 86 87 88 89 90 91 92 93 104 105 107,-1.0,
base,active,,19709.0,19793.0,115 116 117 118 119 120 121 122 123 124 125 126 127,-1.0,
base,active,16961.0,19709.0,19952.0,5 11 12 13 14 15 16 17 18 19 20 21 22 23 24 25 26 36 37 84 85 86 87 88 89 90 91 92 93 104 105 107,34302.0,False
base,active,17256.0,19709.0,23172.0,38 40 43 49 51 52 57 58 59 60 61 63 64 65 66 67 68 69 70 71 72 73 74 75 76 77 78 79 80 81 82 83,34308.0,False
base,active,,19743.0,19793.0,113,-1.0,
base,active,,19761.0,19793.0,114,-1.0,
base,active,,19793.0,19952.0,95 96 97 98 99 100 101 102 103 106 108 109 110 111 112,-1.0,
base,active,17276.0,19793.0,20066.0,94 113 114 115 116 117 118 119 120 121 122 123 124 125 126 127,34309.0,False
base,active,,19952.0,20066.0,36 37 84 85 86 87 88 89 90 91 92 93 104 105 107,-1.0,
base,active,17972.0,19952.0,20252.0,11 12 13 14 15 16 17 18 19 20 21 22 23 24 25 26,34318.0,False
base,active,17538.0,19952.0,20880.0,5 95 96 97 98 99 100 101 102 103 106 108 109 110 111 112,34311.0,False
base,active,19996.0,20066.0,20087.0,117,34358.0,False
base,active,19895.0,20066.0,20089.0,126 127,34356.0,False
base,active,19961.0,20066.0,20110.0,118 119 120 121 122 123 124 125,34357.0,False
base,active,18115.0,20066.0,20253.0,36 37 84 85 86 87 88 89 90 91 92 93 94 104 105 107,34319.0,False
base,active,,20066.0,20253.0,113 114 115 116,-1.0,
base,active,,20087.0,20253.0,117,-1.0,
base,active,,20089.0,20110.0,126 127,-1.0,
base,active,20108.0,20110.0,20153.0,120 121 122 123 124 125 126 127,34359.0,False
base,active,,20110.0,20253.0,118 119,-1.0,
base,active,,20153.0,20253.0,120 121 122 123 124 125 126 127,-1.0,
base,active,,20252.0,20253.0,11 12 13 14 15 16 17 18 19 20 21 22 23 24 25 26,-1.0,
base,active,18394.0,20253.0,20447.0,11 12 13 14 15 16 17 18 19 20 21 22 23 24 25 26 36 113 114 115 116 117 118 119 120 121 122 123 124 125 126 127,34324.0,False
base,active,,20253.0,20447.0,107,-1.0,
base,active,,20253.0,22967.0,37 84 85 86 87 88 89 90 91 92 93 94 104 105,-1.0,
base,switching_on,,20267.0,22967.0,41 42,-3.0,
base,active,,20447.0,20880.0,26 36 113 114 115 116 117 118 119 120 121 122 123 124 125 126 127,-1.0,
base,active,18547.0,20447.0,21247.0,11 12 13 14 15 16 17 18 19 20 21 22 23 24 25 107,34327.0,False
base,sleeping,,20593.0,21008.0,48 50,-4.0,
base,sleeping,,20734.0,21008.0,44 53,-4.0,
base,active,18681.0,20880.0,21135.0,5 26 36 95 96 97 98 99 100 101 102 103 106 108 109 110 111 113 114 115 116 117 118 119 120 121 122 123 124 125 126 127,34328.0,False
base,active,,20880.0,21135.0,112,-1.0,
base,sleeping,,20906.0,21008.0,62,-4.0,
base,active,20895.0,21008.0,21058.0,8 10 29 30,34372.0,False
base,active,20481.0,21008.0,21087.0,2 3,34368.0,False
base,active,,21008.0,21135.0,32,-1.0,
base,active,,21008.0,23708.0,1,-1.0,
base,switching_on,,21008.0,23708.0,44 48 50 53 62,-3.0,
base,active,,21058.0,21135.0,8 10 29 30,-1.0,
base,active,,21087.0,21135.0,2 3,-1.0,
base,active,18846.0,21135.0,21155.0,100 101 102 103 106 108 109 110 111 113 114 115 116 117 118 119,34331.0,False
base,active,,21135.0,21155.0,120 121 122 123 124 125 126 127,-1.0,
base,active,18736.0,21135.0,21503.0,2 3 5 8 10 26 29 30 32 36 95 96 97 98 99 112,34329.0,False
base,active,18872.0,21155.0,21352.0,100 101 102 103 106 108 109 110 120 121 122 123 124 125 126 127,34332.0,False
base,active,,21155.0,21352.0,111 113 114 115 116 117 118 119,-1.0,
base,active,,21247.0,21352.0,11 12 13 14 15 16 17 18 19 20 21 22 23 24 25 107,-1.0,
base,active,,21352.0,21503.0,120 121 122 123 124 125 126 127,-1.0,
base,active,19252.0,21352.0,23108.0,11 12 13 14 15 16 17 18 19 20 21 22 23 24 25 100 101 102 103 106 107 108 109 110 111 113 114 115 116 117 118 119,34341.0,False
base,active,19530.0,21503.0,21721.0,2 3 5 8 10 26 29 30 120 121 122 123 124 125 126 127,34345.0,False
base,active,,21503.0,21721.0,32 36 95 96 97 98 99 112,-1.0,
base,active,18944.0,21644.0,21680.0,4,34334.0,False
base,active,18950.0,21650.0,21664.0,9,34335.0,False
base,active,,21664.0,21721.0,9,-1.0,
base,active,,21680.0,21721.0,4,-1.0,
base,active,,21721.0,21789.0,29 30 120 121 122 123 124 125 126 127,-1.0,
base,active,19578.0,21721.0,22044.0,2 3 4 5 8 9 10 26 32 36 95 96 97 98 99 112,34346.0,False
base,active,17070.0,21735.0,21789.0,0 6 7 27 28 31 33 34 35 39 45 46 47 54 55 56,34305.0,False
base,active,20883.0,21789.0,21914.0,35 39 45 46 47 54 55 56,34371.0,False
base,active,19802.0,21789.0,21998.0,0 6 7 27 28 29 30 31 120 121 122 123 124 125 126 127,34354.0,False
base,active,,21789.0,22044.0,33 34,-1.0,
base,active,,21914.0,22044.0,35 39 45 46 47 54 55 56,-1.0,
base,active,,21998.0,22044.0,0 6 7 27 28 29 30 31 120 121 122 123 124 125 126 127,-1.0,
base,active,,22044.0,22088.0,10,-1.0,
base,active,,22044.0,22151.0,26,-1.0,
base,active,,22044.0,22216.0,32 36,-1.0,
base,active,20128.0,22044.0,22251.0,0 2 3 4 5 6 7 8 9 27 28 29 30 31 33 34 35 39 45 46 47 54 55 56 120 121 122 123 124 125 126 127,34360.0,False
base,active,,22044.0,22251.0,95 96 97 98 99 112,-1.0,
base,active,22088.0,22088.0,22136.0,10,34374.0,False
base,active,,22136.0,22216.0,10,-1.0,
base,active,22151.0,22151.0,22211.0,26,34376.0,False
base,active,,22211.0,22216.0,26,-1.0,
base,active,22216.0,22216.0,22348.0,10 26 32 36,34377.0,False
base,active,20174.0,22251.0,22317.0,0 2 3 4 5 6 7 8 9 27 95 96 97 98 99 112,34361.0,False
base,active,20386.0,22251.0,22317.0,28 29 30 31 33 34 35 39 45 46 47 54 55 56 120 121,34365.0,False
base,active,,22251.0,22317.0,124 125 126 127,-1.0,
base,active,22238.0,22251.0,22370.0,122 123,34378.0,False
base,active,20467.0,22317.0,22623.0,0 2 3 4 5 6 7 8 9 27 28 29 30 31 33 34 35 39 45 46 47 54 55 56 95 96 97 98 124 125 126 127,34367.0,False
base,active,,22317.0,22623.0,99 112 120 121,-1.0,
base,active,,22348.0,22413.0,26 32,-1.0,
base,active,22327.0,22348.0,22417.0,10,34379.0,False
base,active,,22348.0,22503.0,36,-1.0,
base,active,,22370.0,22623.0,122 123,-1.0,
base,active,22413.0,22413.0,22495.0,26 32,34381.0,False
base,active,,22417.0,22554.0,10,-1.0,
base,active,,22495.0,22557.0,26,-1.0,
base,active,,22495.0,22623.0,32,-1.0,
base,active,22503.0,22503.0,22509.0,36,34382.0,False
base,active,,22509.0,22623.0,36,-1.0,
base,active,22554.0,22554.0,22568.0,10,34384.0,False
base,active,22557.0,22557.0,22587.0,26,34385.0,False
base,active,,22568.0,22623.0,10,-1.0,
base,active,,22587.0,22623.0,26,-1.0,
base,active,20556.0,22623.0,22644.0,0 2 3 4 5 6 10 26 32 36 99 112 120 121 122 123,34370.0,False
base,active,,22623.0,22644.0,33 34 35 39 45 46 47 54 55 56 95 96 97 98 124 125 126 127,-1.0,
base,active,22515.0,22623.0,22701.0,7 8 9 27 28 29 30 31,34383.0,False
base,active,,22644.0,22703.0,122 123,-1.0,
base,active,22101.0,22644.0,22867.0,0 2 3 4 5 6 10 26 32 33 34 35 36 39 45 46 47 54 55 56 95 96 97 98 99 112 120 121 124 125 126 127,34375.0,False
base,active,,22701.0,22703.0,7 8 9 27 28 29 30,-1.0,
base,active,,22701.0,22763.0,31,-1.0,
base,active,22626.0,22703.0,22766.0,122,34387.0,False
base,active,22703.0,22703.0,23499.0,7 8 9 27 28 29 30 123,34388.0,False
base,active,22763.0,22763.0,22835.0,31,34390.0,False
base,active,,22766.0,22840.0,122,-1.0,
base,active,,22835.0,22840.0,31,-1.0,
base,active,22724.0,22840.0,22937.0,31 122,34389.0,False
base,active,22374.0,22867.0,23042.0,0 2 3 4 5 6 10 26 32 33 34 35 36 39 45 46 47 54 55 56 95 96 97 98 99 112 120 121 124 125 126 127,34380.0,False
base,active,22857.0,22937.0,22961.0,31,34392.0,False
base,active,,22937.0,22961.0,122,-1.0,
base,active,22908.0,22961.0,26020.0,31 122,34394.0,False
base,active,18542.0,22967.0,23139.0,37 41 42 84 85 86 87 88 89 90 91 92 93 94 104 105,34326.0,False
base,active,22840.0,23042.0,23193.0,0 2 3 4 5 6 10 26 32 33 34 35 36 39 45 46 47 54 55 56 95 96 97 98 99 112 120 121 124 125 126 127,34391.0,False
base,active,,23108.0,23139.0,15 16 17 18 19 20 21 22 23 24 25 100 101 102 103 106 107 108 109 110 111 113 114 115 116 117 118 119,-1.0,
base,active,22886.0,23108.0,26185.0,11 12 13 14,34393.0,False
base,active,,23139.0,23194.0,85 86 87 88 89 90 91 92 93 94 104 105,-1.0,
base,active,23067.0,23139.0,23210.0,15 16 17 18 19 20 21 22 23 24 25 37 41 42 84 100 101 102 103 106 107 108 109 110 111 113 114 115 116 117 118 119,34396.0,False
base,active,,23172.0,23194.0,38 40 43 49 51 52 57 58 59 60 61 63 64 65 66 67 68 69 70 71,-1.0,
base,active,,23172.0,23295.0,72,-1.0,
base,active,,23172.0,23429.0,73,-1.0,
base,active,,23172.0,23521.0,74 75 76 77 78 79 80 81,-1.0,
base,active,,23172.0,23573.0,82,-1.0,
base,active,,23172.0,23865.0,83,-1.0,
base,active,,23193.0,23865.0,0 2 3 4 5 6 10,-1.0,
base,active,,23193.0,24089.0,26 32 33 34 35 36 39 45 46 47 54 55 56 95 96 97 98 99 112 120 121 124 125 126 127,-1.0,
base,active,23194.0,23194.0,23513.0,38 40 43 49 51 52 57 58 59 60 61 63 64 65 66 67 68 69 70 71 85 86 87 88 89 90 91 92 93 94 104 105,34397.0,False
base,active,,23210.0,24089.0,15 16 17 18 19 20 21 22 23 24 25 37 41 42 84 100 101 102 103 106 107 108 109 110 111 113 114 115 116 117 118 119,-1.0,
base,active,23295.0,23295.0,23356.0,72,34398.0,False
base,active,,23356.0,24089.0,72,-1.0,
base,active,23429.0,23429.0,23517.0,73,34400.0,False
base,active,,23499.0,24089.0,7 8 9 27 28 29,-1.0,
base,active,,23499.0,24194.0,30 123,-1.0,
base,active,,23513.0,24194.0,38 40 43 49 51 52 57 58 59 60 61 63 64 65 66 67 68 69 70 71 85 86 87 88 89 90 91 92 93 94 104 105,-1.0,
base,active,,23517.0,24194.0,73,-1.0,
base,active,23521.0,23521.0,23857.0,74 75 76 77 78 79 80 81,34402.0,False
base,active,23573.0,23573.0,23693.0,82,34404.0,False
base,active,,23693.0,24194.0,82,-1.0,
base,active,19788.0,23708.0,24928.0,1 62,34353.0,False
base,active,19766.0,23708.0,24950.0,44 48 50 53,34352.0,False
base,active,,23857.0,24194.0,74 75 76 77 78 79 80 81,-1.0,
base,active,23865.0,23865.0,23946.0,0 2 3 4 5 6 10 83,34407.0,False
base,active,,23946.0,24194.0,0 2 3 4 5 6 10 83,-1.0,
base,active,24089.0,24089.0,24117.0,7 8 9 15 16 17 18 19 20 21 22 23 24 25 26 27 28 29 32 33 34 35 36 37 39 41 42 45 46 47 54 55 56 72 84 95 96 97 98 99 100 101 102 103 106 107 108 109 110 111 112 113 114 115 116 117 118 119 120 121 124 125 126 127,34408.0,False
base,active,,24117.0,24194.0,7 8 9 15 16 17 18 19 20 21 22 23,-1.0,
base,active,,24117.0,24535.0,24 25 26 27 28 29 32 33 34 35 36 37 39 41 42 45 46 47 54 55 56 72 84 95 96 97 98 99 100 101 102 103,-1.0,
base,active,,24117.0,24822.0,106,-1.0,
base,active,,24117.0,24954.0,107 108 109 110 111 112 113 114 115 116 117 118 119 120 121 124 125 126 127,-1.0,
base,active,24194.0,24194.0,24389.0,0 2 3 4 5 6 7 8 9 10 15 16 17 18 19 20 21 22 23 30 38 40 43 49 51 52 57 58 59 60 61 63 64 65 66 67 68 69 70 71 73 74 75 76 77 78 79 80 81 82 83 85 86 87 88 89 90 91 92 93 94 104 105 123,34410.0,False
base,active,,24389.0,24954.0,0 2 3 4 5 6 7 8 9 10 15 16 17,-1.0,
base,active,,24389.0,25095.0,18 19 20 21 22 23 30 38 40 43 49 51 52 57 58 59 60 61 63 64 65 66 67 68 69 70 71 73 74 75 76 77,-1.0,
base,active,,24389.0,25250.0,78 79 80 81 82 83 85 86 87 88 89 90 91 92 93 94 104 105 123,-1.0,
base,active,24535.0,24535.0,24747.0,24 25 26 27 28 29 32 33 34 35 36 37 39 41 42 45 46 47 54 55 56 72 84 95 96 97 98 99 100 101 102 103,34411.0,False
base,active,,24747.0,25250.0,24 25 26 27 28 29 32 33 34 35 36 37 39,-1.0,
base,active,,24747.0,25424.0,41 42 45 46 47 54 55 56 72 84 95 96 97 98 99 100 101 102 103,-1.0,
base,active,24822.0,24822.0,24835.0,106,34413.0,False
base,active,,24835.0,25424.0,106,-1.0,
base,active,,24928.0,25424.0,1 62,-1.0,
base,active,,24950.0,25424.0,44 48 50 53,-1.0,
base,active,24954.0,24954.0,24995.0,0 2 3 4 5 6 7 8 9 10 15 16 17 107 108 109 110 111 112 113 114 115 116 117 118 119 120 121 124 125 126 127,34415.0,False
base,active,,24995.0,25424.0,0 2 3 4 5 6,-1.0,
base,active,,24995.0,25808.0,7,-1.0,
base,active,,24995.0,25895.0,8 9 10 15 16 17 107 108 109 110 111 112 113 114 115 116 117 118 119 120 121 124 125 126 127,-1.0,
base,active,25095.0,25095.0,25135.0,18 19 20 21 22 23 30 38 40 43 49 51 52 57 58 59 60 61 63 64 65 66 67 68 69 70 71 73 74 75 76 77,34419.0,False
base,active,,25135.0,26035.0,18 19 20 21 22 23 30 38 40 43 49 51 52 57 58 59 60 61 63 64 65 66 67 68 69 70 71 73 74 75 76 77,-1.0,
base,active,25250.0,25250.0,25346.0,24 25 26 27 28 29 32 33 34 35 36 37 39 78 79 80 81 82 83 85 86 87 88 89 90 91 92 93 94 104 105 123,34421.0,False
base,active,,25346.0,26246.0,24 25 26 27 28 29 32 33 34 35 36 37 39 78 79 80 81 82 83 85 86 87 88 89 90 91 92 93 94 104 105 123,-1.0,
base,active,25424.0,25424.0,25702.0,0 1 2 3 4 5 6 41 42 44 45 46 47 48 50 53 54 55 56 62 72 84 95 96 97 98 99 100 101 102 103 106,34422.0,False
base,active,,25702.0,26602.0,0 1 2 3 4 5 6 41 42 44 45 46 47 48 50 53 54 55 56 62 72 84 95 96 97 98 99 100 101 102 103 106,-1.0,
base,active,25808.0,25808.0,25826.0,7,34424.0,False
base,active,,25826.0,26726.0,7,-1.0,
base,switching_off,,25895.0,27695.0,8 9 10 15 16 17 107 108 109 110 111 112 113 114 115 116 117 118 119 120 121 124 125 126 127,-2.0,
base,active,,26020.0,26920.0,31 122,-1.0,
base,switching_off,,26035.0,27835.0,18 19 20 21 22 23 30 38 40 43 49 51 52 57 58 59 60 61 63 64 65 66 67 68 69 70 71 73 74 75 76 77,-2.0,
base,active,,26185.0,27085.0,11 12 13 14,-1.0,
base,switching_off,,26246.0,28046.0,24 25 26 27 28 29 32 33 34 35 36 37 39 78 79 80 81 82 83 85 86 87 88 89 90 91 92 93 94 104 105 123,-2.0,
base,switching_off,,26602.0,28402.0,0 1 2 3 4 5 6 41 42 44 45 46 47 48 50 53 54 55 56 62 72 84 95 96 97 98 99 100 101 102 103 106,-2.0,
base,switching_off,,26726.0,28526.0,7,-2.0,
base,switching_off,,26920.0,28720.0,31 122,-2.0,
base,switching_off,,27085.0,28885.0,11 12 13 14,-2.0,
base,sleeping,,27695.0,28885.0,8 9 10 15 16 17 107 108 109 110 111 112 113 114 115 116 117 118 119 120 121 124 125 126 127,-4.0,
base,sleeping,,27835.0,28885.0,18 19 20 21 22 23 30 38 40 43 49 51 52 57 58 59 60 61 63 64 65 66 67 68 69 70 71 73 74 75 76 77,-4.0,
base,sleeping,,28046.0,28885.0,24 25 26 27 28 29 32 33 34 35 36 37 39 78 79 80 81 82 83 85 86 87 88 89 90 91 92 93 94 104 105 123,-4.0,
base,sleeping,,28402.0,28885.0,0 1 2 3 4 5 6 41 42 44 45 46 47 48 50 53 54 55 56 62 72 84 95 96 97 98 99 100 101 102 103 106,-4.0,
base,sleeping,,28526.0,28885.0,7,-4.0,
base,sleeping,,28720.0,28885.0,31 122,-4.0,
base,switching_on,,28885.0,31585.0,0 1 2 3 4 5 6 7 8 9 10 11 12 13 14 15 16 17 18 19 20 21 22 23 24 25 26 27 28 29 30 31 32 33 34 35 36 37 38 39 40 41 42 43 44 45 46 47 48 49 50 51 52 53 54 55 56 57 58 59 60 61 62 63 64 65 66 67 68 69 70 71 72 73 74 75 76 77 78 79 80 81 82 83 84 85 86 87 88 89 90 91 92 93 94 95 96 97 98 99 100 101 102 103 104 105 106 107 108 109 110 111 112 113 114 115 116 117 118 119 120 121 122 123 124 125 126 127,-3.0,
base,active,26092.0,31585.0,32031.0,0 1 2 3 4 5 6 7 8 9 10 11 12 13 14 15 16 17 18 19 20 21 22 23 24 25 26 27 28 29 30 31 32 33 34 35 36 37 38 39 40 41 42 43 44 45 46 47 48 49 50 51 52 53 54 55 56 57 58 59 60 61 62 63 64 65 66 67 68 69 70 71 72 73 74 75 76 77 78 79 80 81 82 83 84 85 86 87 88 89 90 91 92 93 94 95 96 97 98 99 100 101 102 103 104 105 106 107 108 109 110 111 112 113 114 115 116 117 118 119 120 121 122 123 124 125 126 127,34426.0,False
base,active,27374.0,32031.0,32050.0,2 3,34430.0,False
base,active,27447.0,32031.0,32050.0,4 5,34431.0,False
base,active,27527.0,32031.0,32052.0,6 7,34432.0,False
base,active,27102.0,32031.0,32054.0,0 1,34428.0,False
base,active,27555.0,32031.0,32054.0,8 9 10 11,34433.0,False
base,active,27599.0,32031.0,32135.0,12 13 14 15 16 17 18 19 20 21 22 23 24 25 26 27 28 29 30 31 32 33 34 35 36 37 38 39 40 41 42 43,34434.0,False
base,active,,32031.0,32135.0,44 45 46 47 48 49 50 51 52 53 54 55 56 57 58 59 60 61 62 63 64 65 66 67 68 69 70 71 72 73 74 75 76 77 78 79 80 81 82 83 84 85 86 87 88 89 90 91 92 93 94 95 96 97 98 99 100 101 102 103 104 105 106 107 108 109 110 111 112 113 114 115 116 117 118 119 120 121 122 123 124 125 126 127,-1.0,
base,active,,32050.0,32135.0,2 3 4 5,-1.0,
base,active,,32052.0,32135.0,6 7,-1.0,
base,active,,32054.0,32135.0,0 1 8 9 10 11,-1.0,
base,active,27750.0,32135.0,32595.0,0 1 2 3 4 5 6 7 8 9 10 11 12 13 14 15 16 17 18 19 20 21 22 23 24 25 26 27 28 29 30 31 32 33 34 35 36 37 38 39 40 41 42 43 44 45 46 47 48 49 50 51 52 53 54 55 56 57 58 59 60 61 62 63 64 65 66 67 68 69 70 71 72 73 74 75 76 77 78 79 80 81 82 83 84 85 86 87 88 89 90 91 92 93 94 95 96 97 98 99 100 101 102 103 104 105 106 107 108 109 110 111 112 113 114 115 116 117 118 119 120 121 122 123 124 125 126 127,34436.0,False
base,active,28356.0,32595.0,33064.0,0 1 2 3 4 5 6 7 8 9 10 11 12 13 14 15 16 17 18 19 20 21 22 23 24 25 26 27 28 29 30 31 32 33 34 35 36 37 38 39 40 41 42 43 44 45 46 47 48 49 50 51 52 53 54 55 56 57 58 59 60 61 62 63 64 65 66 67 68 69 70 71 72 73 74 75 76 77 78 79 80 81 82 83 84 85 86 87 88 89 90 91 92 93 94 95 96 97 98 99 100 101 102 103 104 105 106 107 108 109 110 111 112 113 114 115 116 117 118 119 120 121 122 123 124 125 126 127,34438.0,False
base,active,30568.0,33064.0,33283.0,0 1 2 3 4 5 6 7 8 9 10 11 12 13 14 15 16 17 18 19 20 21 22 23 24 25 26 27 28 29 30 31,34446.0,False
base,active,,33064.0,33283.0,32 33 34 35 36 37 38 39 40 41 42 43 44 45 46 47 48 49 50 51 52 53 54 55 56 57 58 59 60 61 62 63 64 65 66 67 68 69 70 71 72 73 74 75 76 77 78 79 80 81 82 83 84 85 86 87 88 89 90 91 92 93 94 95 96 97 98 99 100 101 102 103 104 105 106 107 108 109 110 111 112 113 114 115 116 117 118 119 120 121 122 123 124 125 126 127,-1.0,
base,active,31727.0,33283.0,44209.0,0 1 2 3 4 5 6 7 8 9 10 11 12 13 14 15 16 17 18 19 20 21 22 23 24 25 26 27 28 29 30 31 32 33 34 35 36 37 38 39 40 41 42 43 44 45 46 47 48 49 50 51 52 53 54 55 56 57 58 59 60 61 62 63 64 65 66 67 68 69 70 71 72 73 74 75 76 77 78 79 80 81 82 83 84 85 86 87 88 89 90 91 92 93 94 95 96 97 98 99 100 101 102 103 104 105 106 107 108 109 110 111 112 113 114 115 116 117 118 119 120 121 122 123 124 125 126 127,34454.0,False
base,active,42658.0,44209.0,44294.0,0 1 2 3 4 5 6 7 8 9 10 11 12 13 14 15 16 17 18 19 20 21 22 23 24 25 26 27 28 29 30 31 32 33 34 35 36 37 38 39 40 41 42 43 44 45 46 47 48 49 50 51 52 53 54 55 56 57 58 59 60 61 62 63 64 65 66 67 68 69 70 71 72 73 74 75 76 77 78 79 80 81 82 83 84 85 86 87 88 89 90 91 92 93 94 95 96 97 98 99 100 101 102 103 104 105 106 107 108 109 110 111 112 113 114 115 116 117 118 119 120 121 122 123 124 125 126 127,34455.0,False
base,active,44124.0,44294.0,44318.0,0,34463.0,False
base,active,,44294.0,45194.0,1 2 3 4 5 6 7 8 9 10 11 12 13 14 15 16 17 18 19 20 21 22 23 24 25 26 27 28 29 30 31 32 33 34 35 36 37 38 39 40 41 42 43 44 45 46 47 48 49 50 51 52 53 54 55 56 57 58 59 60 61 62 63 64 65 66 67 68 69 70 71 72 73 74 75 76 77 78 79 80 81 82 83 84 85 86 87 88 89 90 91 92 93 94 95 96 97 98 99 100 101 102 103 104 105 106 107 108 109 110 111 112 113 114 115 116 117 118 119 120 121 122 123 124 125 126 127,-1.0,
base,active,,44318.0,45218.0,0,-1.0,
base,switching_off,,45194.0,46994.0,1 2 3 4 5 6 7 8 9 10 11 12 13 14 15 16 17 18 19 20 21 22 23 24 25 26 27 28 29 30 31 32 33 34 35 36 37 38 39 40 41 42 43 44 45 46 47 48 49 50 51 52 53 54 55 56 57 58 59 60 61 62 63 64 65 66 67 68 69 70 71 72 73 74 75 76 77 78 79 80 81 82 83 84 85 86 87 88 89 90 91 92 93 94 95 96 97 98 99 100 101 102 103 104 105 106 107 108 109 110 111 112 113 114 115 116 117 118 119 120 121 122 123 124 125 126 127,-2.0,
base,switching_off,,45218.0,47018.0,0,-2.0,
base,sleeping,,46994.0,50773.0,1 2 3 4 5 6 7 8 9 10 11 12 13 14 15 16 17 18 19 20 21 22 23 24 25 26 27 28 29 30 31 32 33 34 35 36 37 38 39 40 41 42 43 44 45 46 47 48 49 50 51 52 53 54 55 56 57 58 59 60 61 62 63 64 65 66 67 68 69 70 71 72 73 74 75 76 77 78 79 80 81 82 83 84 85 86 87 88 89 90 91 92 93 94 95 96 97 98 99 100 101 102 103 104 105 106 107 108 109 110 111 112 113 114 115 116 117 118 119 120 121 122 123 124 125 126 127,-4.0,
base,sleeping,,47018.0,47990.0,0,-4.0,
base,switching_on,,47990.0,50690.0,0,-3.0,
base,active,47990.0,50690.0,50773.0,0,34473.0,False
base,active,,50773.0,53473.0,0,-1.0,
base,switching_on,,50773.0,53473.0,1 2 3 4 5 6 7 8 9 10 11 12 13 14 15 16 17 18 19 20 21 22 23 24 25 26 27 28 29 30 31 32 33 34 35 36 37 38 39 40 41 42 43 44 45 46 47 48 49 50 51 52 53 54 55 56 57 58 59 60 61 62 63 64 65 66 67 68 69 70 71 72 73 74 75 76 77 78 79 80 81 82 83 84 85 86 87 88 89 90 91 92 93 94 95 96 97 98 99 100 101 102 103 104 105 106 107 108 109 110 111 112 113 114 115 116 117 118 119 120 121 122 123 124 125 126 127,-3.0,
base,active,48084.0,53473.0,53829.0,0 1 2 3 4 5 6 7 8 9 10 11 12 13 14 15 16 17 18 19 20 21 22 23 24 25 26 27 28 29 30 31 32 33 34 35 36 37 38 39 40 41 42 43 44 45 46 47 48 49 50 51 52 53 54 55 56 57 58 59 60 61 62 63 64 65 66 67 68 69 70 71 72 73 74 75 76 77 78 79 80 81 82 83 84 85 86 87 88 89 90 91 92 93 94 95 96 97 98 99 100 101 102 103 104 105 106 107 108 109 110 111 112 113 114 115 116 117 118 119 120 121 122 123 124 125 126 127,34474.0,False
base,active,48923.0,53829.0,53846.0,124 125 126 127,34480.0,False
base,active,48441.0,53829.0,53877.0,0,34475.0,False
base,active,48659.0,53829.0,53946.0,1,34476.0,False
base,active,,53829.0,53946.0,2 3 4 5 6 7 8 9 10 11 12 13 14 15 16 17 18 19 20 21 22 23 24 25 26 27 28 29 30 31 32 33 34 35 36 37 38 39 40 41 42 43 44 45 46 47 48 49 50 51 52 53 54 55 56 57 58 59 60 61 62 63 64 65 66 67 68 69 70 71 72 73 74 75 76 77 78 79 80 81 82 83 84 85 86 87 88 89 90 91 92 93 94 95 96 97 98 99 100 101 102 103 104 105 106 107 108 109 110 111 112 113 114 115 116 117 118 119 120 121 122 123,-1.0,
base,active,,53846.0,53946.0,124 125 126 127,-1.0,
base,active,,53877.0,53946.0,0,-1.0,
base,active,48784.0,53946.0,54036.0,0 1 2 3 4 5 6 7 8 9 10 11 12 13 14 15 16 17 18 19 20 21 22 23 24 25 26 27 28 29 30 31 32 33 34 35 36 37 38 39 40 41 42 43 44 45 46 47 48 49 50 51 52 53 54 55 56 57 58 59 60 61 62 63 64 65 66 67 68 69 70 71 72 73 74 75 76 77 78 79 80 81 82 83 84 85 86 87 88 89 90 91 92 93 94 95 96 97 98 99 100 101 102 103 104 105 106 107 108 109 110 111 112 113 114 115 116 117 118 119 120 121 122 123 124 125 126 127,34478.0,False
base,active,53039.0,54036.0,54157.0,2,34499.0,False
base,active,53376.0,54036.0,54176.0,3,34505.0,False
base,active,51180.0,54036.0,54207.0,0,34489.0,False
base,active,52303.0,54036.0,54322.0,1,34496.0,False
base,active,,54036.0,54553.0,4,-1.0,
base,active,,54036.0,54927.0,5,-1.0,
base,active,,54036.0,54936.0,6 7 8 9 10 11 12 13 14 15 16 17 18 19 20 21 22 23 24 25 26 27 28 29 30 31 32 33 34 35 36 37 38 39 40 41 42 43 44 45 46 47 48 49 50 51 52 53 54 55 56 57 58 59 60 61 62 63 64 65 66 67 68 69 70 71 72 73 74 75 76 77 78 79 80 81 82 83 84 85 86 87 88 89 90 91 92 93 94 95 96 97 98 99 100 101 102 103 104 105 106 107 108 109 110 111 112 113 114 115 116 117 118 119 120 121 122 123 124 125 126 127,-1.0,
base,active,,54157.0,55057.0,2,-1.0,
base,active,,54176.0,55076.0,3,-1.0,
base,active,,54207.0,55107.0,0,-1.0,
base,active,,54322.0,55222.0,1,-1.0,
base,active,54553.0,54553.0,54837.0,4,34508.0,False
base,active,,54837.0,55737.0,4,-1.0,
base,active,54927.0,54927.0,55179.0,5,34514.0,False
base,switching_off,,54936.0,56736.0,6 7 8 9 10 11 12 13 14 15 16 17 18 19 20 21 22 23 24 25 26 27 28 29 30 31 32 33 34 35 36 37 38 39 40 41 42 43 44 45 46 47 48 49 50 51 52 53 54 55 56 57 58 59 60 61 62 63 64 65 66 67 68 69 70 71 72 73 74 75 76 77 78 79 80 81 82 83 84 85 86 87 88 89 90 91 92 93 94 95 96 97 98 99 100 101 102 103 104 105 106 107 108 109 110 111 112 113 114 115 116 117 118 119 120 121 122 123 124 125 126 127,-2.0,
base,switching_off,,55057.0,56857.0,2,-2.0,
base,switching_off,,55076.0,56876.0,3,-2.0,
base,switching_off,,55107.0,56907.0,0,-2.0,
base,active,,55179.0,55952.0,5,-1.0,
base,switching_off,,55222.0,57022.0,1,-2.0,
base,switching_off,,55737.0,57537.0,4,-2.0,
base,active,55952.0,55952.0,57869.0,5,34517.0,False
base,sleeping,,56736.0,70430.0,6 7,-4.0,
base,sleeping,,56736.0,70831.0,8 9,-4.0,
base,sleeping,,56736.0,71099.0,10 11,-4.0,
base,sleeping,,56736.0,71444.0,12 13,-4.0,
base,sleeping,,56736.0,71846.0,14 15,-4.0,
base,sleeping,,56736.0,71941.0,16,-4.0,
base,sleeping,,56736.0,71964.0,17 18,-4.0,
base,sleeping,,56736.0,71972.0,19 20,-4.0,
base,sleeping,,56736.0,72033.0,21,-4.0,
base,sleeping,,56736.0,72062.0,22 23,-4.0,
base,sleeping,,56736.0,72106.0,24 25,-4.0,
base,sleeping,,56736.0,72143.0,26 27 28 29 30 31 32 33,-4.0,
base,sleeping,,56736.0,72201.0,34 35 36 37 38 39 40 41 42 43 44 45 46 47 48 49 50 51 52 53 54 55 56 57 58 59 60 61 62 63 64 65,-4.0,
base,sleeping,,56736.0,72369.0,66 67,-4.0,
base,sleeping,,56736.0,72437.0,68 69 70 71 72 73 74 75 76 77 78 79 80 81 82 83 84 85 86 87 88 89 90 91 92 93 94 95 96 97 98 99,-4.0,
base,sleeping,,56736.0,72852.0,100 101 102 103,-4.0,
base,sleeping,,56736.0,73706.0,104 105 106 107 108 109 110 111 112 113 114 115 116 117 118 119 120 121 122 123 124 125 126 127,-4.0,
base,sleeping,,56857.0,64403.0,2,-4.0,
base,sleeping,,56876.0,64559.0,3,-4.0,
base,sleeping,,56907.0,63954.0,0,-4.0,
base,sleeping,,57022.0,64245.0,1,-4.0,
base,sleeping,,57537.0,70340.0,4,-4.0,
base,active,,57869.0,57895.0,5,-1.0,
base,active,57895.0,57895.0,58838.0,5,34530.0,False
base,active,,58838.0,58847.0,5,-1.0,
base,active,58847.0,58847.0,59575.0,5,34533.0,False
base,active,,59575.0,59631.0,5,-1.0,
base,active,59631.0,59631.0,59758.0,5,34539.0,False
base,active,,59758.0,60245.0,5,-1.0,
base,active,60245.0,60245.0,60655.0,5,34542.0,False
base,active,,60655.0,60663.0,5,-1.0,
base,active,60663.0,60663.0,60766.0,5,34546.0,False
base,active,,60766.0,60778.0,5,-1.0,
base,active,60778.0,60778.0,60892.0,5,34548.0,False
base,active,,60892.0,61128.0,5,-1.0,
base,active,61128.0,61128.0,61251.0,5,34550.0,False
base,active,,61251.0,61376.0,5,-1.0,
base,active,61376.0,61376.0,61464.0,5,34552.0,False
base,active,,61464.0,61592.0,5,-1.0,
base,active,61592.0,61592.0,61718.0,5,34553.0,False
base,active,,61718.0,62489.0,5,-1.0,
base,active,62489.0,62489.0,62605.0,5,34560.0,False
base,active,,62605.0,62765.0,5,-1.0,
base,active,62765.0,62765.0,62877.0,5,34562.0,False
base,active,,62877.0,63777.0,5,-1.0,
base,switching_off,,63777.0,65577.0,5,-2.0,
base,switching_on,,63954.0,66654.0,0,-3.0,
base,switching_on,,64245.0,66945.0,1,-3.0,
base,switching_on,,64403.0,67103.0,2,-3.0,
base,switching_on,,64559.0,67259.0,3,-3.0,
base,sleeping,,65577.0,70340.0,5,-4.0,
base,active,63954.0,66654.0,66870.0,0,34569.0,False
base,active,,66870.0,67770.0,0,-1.0,
base,active,64245.0,66945.0,67068.0,1,34571.0,False
base,active,,67068.0,67968.0,1,-1.0,
base,active,64403.0,67103.0,67210.0,2,34572.0,False
base,active,,67210.0,68110.0,2,-1.0,
base,active,64559.0,67259.0,67379.0,3,34573.0,False
base,active,,67379.0,68279.0,3,-1.0,
base,switching_off,,67770.0,69570.0,0,-2.0,
base,switching_off,,67968.0,69768.0,1,-2.0,
base,switching_off,,68110.0,69910.0,2,-2.0,
base,switching_off,,68279.0,70079.0,3,-2.0,
base,sleeping,,69570.0,70008.0,0,-4.0,
base,sleeping,,69768.0,70008.0,1,-4.0,
base,sleeping,,69910.0,70141.0,2,-4.0,
base,switching_on,,70008.0,72708.0,0 1,-3.0,
base,sleeping,,70079.0,70141.0,3,-4.0,
base,switching_on,,70141.0,72841.0,2 3,-3.0,
base,switching_on,,70340.0,73040.0,4 5,-3.0,
base,switching_on,,70430.0,73130.0,6 7,-3.0,
base,switching_on,,70831.0,73531.0,8 9,-3.0,
base,switching_on,,71099.0,73799.0,10 11,-3.0,
base,switching_on,,71444.0,74144.0,12 13,-3.0,
base,switching_on,,71846.0,74546.0,14 15,-3.0,
base,switching_on,,71941.0,74641.0,16,-3.0,
base,switching_on,,71964.0,74664.0,17 18,-3.0,
base,switching_on,,71972.0,74672.0,19 20,-3.0,
base,switching_on,,72033.0,74733.0,21,-3.0,
base,switching_on,,72062.0,74762.0,22 23,-3.0,
base,switching_on,,72106.0,74806.0,24 25,-3.0,
base,switching_on,,72143.0,74843.0,26 27 28 29 30 31 32 33,-3.0,
base,switching_on,,72201.0,74901.0,34 35 36 37 38 39 40 41 42 43 44 45 46 47 48 49 50 51 52 53 54 55 56 57 58 59 60 61 62 63 64 65,-3.0,
base,switching_on,,72369.0,75069.0,66 67,-3.0,
base,switching_on,,72437.0,75137.0,68 69 70 71 72 73 74 75 76 77 78 79 80 81 82 83 84 85 86 87 88 89 90 91 92 93 94 95 96 97 98 99,-3.0,
base,active,70008.0,72708.0,72729.0,0 1,34602.0,False
base,active,,72729.0,72949.0,0 1,-1.0,
base,active,70141.0,72841.0,72861.0,2 3,34603.0,False
base,switching_on,,72852.0,75552.0,100 101 102 103,-3.0,
base,active,,72861.0,73129.0,2 3,-1.0,
base,active,72949.0,72949.0,73034.0,0 1,34634.0,False
base,active,,73034.0,73129.0,0 1,-1.0,
base,active,70340.0,73040.0,73080.0,4 5,34604.0,False
base,active,,73080.0,73234.0,4 5,-1.0,
base,active,73129.0,73129.0,73170.0,0 1 2 3,34636.0,False
base,active,70430.0,73130.0,73184.0,6 7,34605.0,False
base,active,,73170.0,73234.0,0 1,-1.0,
base,active,,73170.0,73308.0,2 3,-1.0,
base,active,,73184.0,73308.0,6 7,-1.0,
base,active,73234.0,73234.0,73275.0,0 1 4 5,34637.0,False
base,active,,73275.0,73328.0,0 1,-1.0,
base,active,,73275.0,76406.0,4 5,-1.0,
base,active,73308.0,73308.0,73377.0,2 3 6 7,34638.0,False
base,active,73328.0,73328.0,73448.0,0 1,34639.0,False
base,active,,73377.0,76406.0,2 3 6 7,-1.0,
base,active,,73448.0,76406.0,0 1,-1.0,
base,active,70831.0,73531.0,73593.0,8 9,34608.0,False
base,active,,73593.0,74493.0,8 9,-1.0,
base,switching_on,,73706.0,76406.0,104 105 106 107 108 109 110 111 112 113 114 115 116 117 118 119 120 121 122 123 124 125 126 127,-3.0,
base,active,71099.0,73799.0,73945.0,10 11,34613.0,False
base,active,,73945.0,74031.0,10 11,-1.0,
base,active,73921.0,74031.0,74132.0,10 11,34645.0,False
base,active,,74132.0,74998.0,10 11,-1.0,
base,active,71444.0,74144.0,74209.0,12 13,34614.0,False
base,active,,74209.0,74239.0,12 13,-1.0,
base,active,74239.0,74239.0,74322.0,12 13,34649.0,False
base,active,,74322.0,74998.0,12 13,-1.0,
base,switching_off,,74493.0,76293.0,8 9,-2.0,
base,active,71846.0,74546.0,74616.0,14 15,34616.0,False
base,active,,74616.0,74690.0,15,-1.0,
base,active,,74616.0,74998.0,14,-1.0,
base,active,71941.0,74641.0,74658.0,16,34617.0,False
base,active,,74658.0,74690.0,16,-1.0,
base,active,71964.0,74664.0,74747.0,17 18,34618.0,False
base,active,71972.0,74672.0,74717.0,19 20,34619.0,False
base,active,74690.0,74690.0,74830.0,15 16,34650.0,False
base,active,,74717.0,74998.0,19 20,-1.0,
base,active,72033.0,74733.0,74753.0,21,34621.0,False
base,active,,74747.0,74998.0,17 18,-1.0,
base,active,,74753.0,74998.0,21,-1.0,
base,active,72062.0,74762.0,74778.0,22 23,34622.0,False
base,active,,74778.0,74998.0,22 23,-1.0,
base,active,72106.0,74806.0,74829.0,24 25,34623.0,False
base,active,,74829.0,74998.0,24 25,-1.0,
base,active,,74830.0,74998.0,15 16,-1.0,
base,active,72143.0,74843.0,74881.0,26 27 28 29 30 31 32 33,34624.0,False
base,active,,74881.0,74998.0,26 27 28 29 30 31 32 33,-1.0,
base,active,72201.0,74901.0,74998.0,34 35 36 37 38 39 40 41 42 43 44 45 46 47 48 49 50 51 52 53 54 55 56 57 58 59 60 61 62 63 64 65,34625.0,False
base,active,73858.0,74998.0,75135.0,10 11 12 13 14 15 16 17 18 19 20 21 22 23 24 25 26 27 28 29 30 31 32 33 34 35 36 37 38 39 40 41,34643.0,False
base,active,,74998.0,75135.0,42 43 44 45 46 47 48 49 50 51 52 53 54 55 56 57 58 59 60 61 62 63 64 65,-1.0,
base,active,72369.0,75069.0,75235.0,66 67,34627.0,False
base,active,74929.0,75135.0,75212.0,18 19,34651.0,False
base,active,74031.0,75135.0,75227.0,10 11 12 13 14 15 16 17 42 43 44 45 46 47 48 49 50 51 52 53 54 55 56 57 58 59 60 61 62 63 64 65,34648.0,False
base,active,,75135.0,75254.0,20 21,-1.0,
base,active,,75135.0,75540.0,22 23,-1.0,
base,active,,75135.0,76035.0,24 25 26 27 28 29 30 31 32 33 34 35 36 37 38 39 40 41,-1.0,
base,active,72437.0,75137.0,75254.0,68 69 70 71 72 73 74 75 76 77 78 79 80 81 82 83 84 85 86 87 88 89 90 91 92 93 94 95 96 97 98 99,34629.0,False
base,active,,75212.0,76112.0,18 19,-1.0,
base,active,,75227.0,76127.0,10 11 12 13 14 15 16 17 42 43 44 45 46 47 48 49 50 51 52 53 54 55 56 57 58 59 60 61 62 63 64 65,-1.0,
base,active,,75235.0,76135.0,66 67,-1.0,
base,active,75254.0,75254.0,75332.0,20 21,34652.0,False
base,active,,75254.0,76154.0,68 69 70 71 72 73 74 75 76 77 78 79 80 81 82 83 84 85 86 87 88 89 90 91 92 93 94 95 96 97 98 99,-1.0,
base,active,,75332.0,76232.0,20 21,-1.0,
base,active,75540.0,75540.0,75683.0,22 23,34653.0,False
base,active,72852.0,75552.0,75587.0,100 101 102 103,34633.0,False
base,active,,75587.0,76254.0,100 101,-1.0,
base,active,,75587.0,76323.0,102,-1.0,
base,active,,75587.0,76487.0,103,-1.0,
base,active,,75683.0,76559.0,22 23,-1.0,
base,switching_off,,76035.0,77835.0,24 25 26 27 28 29 30 31 32 33 34 35 36 37 38 39 40 41,-2.0,
base,switching_off,,76112.0,77912.0,18 19,-2.0,
base,switching_off,,76127.0,77927.0,10 11 12 13 14 15 16 17 42 43 44 45 46 47 48 49 50 51 52 53 54 55 56 57 58 59 60 61 62 63 64 65,-2.0,
base,switching_off,,76135.0,77935.0,66 67,-2.0,
base,switching_off,,76154.0,77954.0,68 69 70 71 72 73 74 75 76 77 78 79 80 81 82 83 84 85 86 87 88 89 90 91 92 93 94 95 96 97 98 99,-2.0,
base,switching_off,,76232.0,78032.0,20 21,-2.0,
base,active,76254.0,76254.0,76387.0,100 101,34654.0,False
base,sleeping,,76293.0,79988.0,8 9,-4.0,
base,active,76323.0,76323.0,76340.0,102,34655.0,False
base,active,,76340.0,76559.0,102,-1.0,
base,active,,76387.0,76559.0,100 101,-1.0,
base,active,73706.0,76406.0,76509.0,0 1 2 3 4 5 6 7 104 105 106 107 108 109 110 111 112 113 114 115 116 117 118 119 120 121 122 123 124 125 126 127,34641.0,False
base,switching_off,,76487.0,78287.0,103,-2.0,
base,active,,76509.0,76559.0,3 4 5 6 7 104 105 106 107 108 109 110 111 112 113 114 115 116 117 118 119 120 121 122 123 124 125 126 127,-1.0,
base,active,,76509.0,77409.0,0 1 2,-1.0,
base,active,76559.0,76559.0,76639.0,3 4,34658.0,False
base,active,76546.0,76559.0,76780.0,5 6 7 22 23 100 101 102 104 105 106 107 108 109 110 111 112 113 114 115 116 117 118 119 120 121 122 123 124 125 126 127,34657.0,False
base,active,,76639.0,77539.0,3 4,-1.0,
base,active,,76780.0,76892.0,126 127,-1.0,
base,active,,76780.0,77680.0,5 6 7 22 23 100 101 102 104 105 106 107 108 109 110 111 112 113 114 115 116 117 118 119 120 121 122 123 124 125,-1.0,
base,active,76892.0,76892.0,76961.0,126 127,34660.0,False
base,active,,76961.0,77147.0,126 127,-1.0,
base,active,77147.0,77147.0,77288.0,126 127,34661.0,False
base,active,,77288.0,78188.0,126 127,-1.0,
base,switching_off,,77409.0,79209.0,0 1 2,-2.0,
base,switching_off,,77539.0,79339.0,3 4,-2.0,
base,switching_off,,77680.0,79480.0,5 6 7 22 23 100 101 102 104 105 106 107 108 109 110 111 112 113 114 115 116 117 118 119 120 121 122 123 124 125,-2.0,
base,sleeping,,77835.0,79988.0,24 25 26 27 28 29 30 31 32 33 34 35 36 37 38 39 40 41,-4.0,
base,sleeping,,77912.0,79988.0,18 19,-4.0,
base,sleeping,,77927.0,79988.0,10 11 12 13 14 15 16 17 42 43 44 45 46 47 48 49 50 51 52 53 54 55 56 57 58 59 60 61 62 63 64 65,-4.0,
base,sleeping,,77935.0,79988.0,66 67,-4.0,
base,sleeping,,77954.0,79988.0,68 69 70 71 72 73 74 75 76 77 78 79 80 81 82 83 84 85 86 87 88 89 90 91 92 93 94 95 96 97 98 99,-4.0,
base,sleeping,,78032.0,79988.0,20 21,-4.0,
base,switching_off,,78188.0,79988.0,126 127,-2.0,
base,sleeping,,78287.0,79988.0,103,-4.0,
base,sleeping,,79209.0,79988.0,0 1 2,-4.0,
base,sleeping,,79339.0,79988.0,3 4,-4.0,
base,sleeping,,79480.0,79988.0,5 6 7 22 23 100 101 102 104 105 106 107 108 109 110 111 112 113 114 115 116 117 118 119 120 121 122 123 124 125,-4.0,
base,switching_on,,79988.0,82688.0,0 1 2 3 4 5 6 7 8 9 10 11 12 13 14 15 16 17 18 19 20 21 22 23 24 25 26 27 28 29 30 31 32 33 34 35 36 37 38 39 40 41 42 43 44 45 46 47 48 49 50 51 52 53 54 55 56 57 58 59 60 61 62 63 64 65 66 67 68 69 70 71 72 73 74 75 76 77 78 79 80 81 82 83 84 85 86 87 88 89 90 91 92 93 94 95 96 97 98 99 100 101 102 103 104 105 106 107 108 109 110 111 112 113 114 115 116 117 118 119 120 121 122 123 124 125 126 127,-3.0,
base,active,76444.0,82688.0,82785.0,0 1 2 3 4 5 6 7 8 9 10 11 12 13 14 15 16 17 18 19 20 21 22 23 24 25 26 27 28 29 30 31 32 33 34 35 36 37 38 39 40 41 42 43 44 45 46 47 48 49 50 51 52 53 54 55 56 57 58 59 60 61 62 63 64 65 66 67 68 69 70 71 72 73 74 75 76 77 78 79 80 81 82 83 84 85 86 87 88 89 90 91 92 93 94 95 96 97 98 99 100 101 102 103 104 105 106 107 108 109 110 111 112 113 114 115 116 117 118 119 120 121 122 123 124 125 126 127,34656.0,False
base,active,76771.0,82785.0,82879.0,0 1 2 3 4 5 6 7 8 9 10 11 12 13 14 15 16 17 18 19 20 21 22 23 24 25 26 27 28 29 30 31 32 33 34 35 36 37 38 39 40 41 42 43 44 45 46 47 48 49 50 51 52 53 54 55 56 57 58 59 60 61 62 63 64 65 66 67 68 69 70 71 72 73 74 75 76 77 78 79 80 81 82 83 84 85 86 87 88 89 90 91 92 93 94 95 96 97 98 99 100 101 102 103 104 105 106 107 108 109 110 111 112 113 114 115 116 117 118 119 120 121 122 123 124 125 126 127,34659.0,False
base,active,78824.0,82879.0,82892.0,2,34665.0,False
base,active,81884.0,82879.0,82897.0,16,34687.0,False
base,active,81836.0,82879.0,82914.0,15,34686.0,False
base,active,78949.0,82879.0,82973.0,3 4,34666.0,False
base,active,78558.0,82879.0,82988.0,0 1,34663.0,False
base,active,80827.0,82879.0,83022.0,13 14,34679.0,False
base,active,79476.0,82879.0,83029.0,7 8,34669.0,False
base,active,80531.0,82879.0,83037.0,11 12,34677.0,False
base,active,79279.0,82879.0,83056.0,5 6,34668.0,False
base,active,80027.0,82879.0,83357.0,9 10,34675.0,False
base,active,,82879.0,83779.0,23 24 25 26 27 28 29 30 31 32 33 34 35 36 37 38 39 40 41 42 43 44 45 46 47 48 49 50 51 52 53 54 55 56 57 58 59 60 61 62 63 64 65 66 67 68 69 70 71 72 73 74 75 76 77 78 79 80 81 82 83 84 85 86 87 88 89 90 91 92 93 94 95 96 97 98 99 100 101 102 103 104 105 106 107 108 109 110 111 112 113 114 115 116 117 118 119 120 121 122 123 124 125 126 127,-1.0,
base,active,81929.0,82879.0,84877.0,21 22,34689.0,False
base,active,81907.0,82879.0,84896.0,17 18 19 20,34688.0,False
base,active,,82892.0,83792.0,2,-1.0,
base,active,,82897.0,83797.0,16,-1.0,
base,active,,82914.0,83814.0,15,-1.0,
base,active,,82973.0,83873.0,3 4,-1.0,
base,active,,82988.0,83888.0,0 1,-1.0,
base,active,,83022.0,83922.0,13 14,-1.0,
base,active,,83029.0,83929.0,7 8,-1.0,
base,active,,83037.0,83937.0,11 12,-1.0,
base,active,,83056.0,83956.0,5 6,-1.0,
base,active,,83357.0,84257.0,9 10,-1.0,
base,switching_off,,83779.0,85579.0,23 24 25 26 27 28 29 30 31 32 33 34 35 36 37 38 39 40 41 42 43 44 45 46 47 48 49 50 51 52 53 54 55 56 57 58 59 60 61 62 63 64 65 66 67 68 69 70 71 72 73 74 75 76 77 78 79 80 81 82 83 84 85 86 87 88 89 90 91 92 93 94 95 96 97 98 99 100 101 102 103 104 105 106 107 108 109 110 111 112 113 114 115 116 117 118 119 120 121 122 123 124 125 126 127,-2.0,
base,switching_off,,83792.0,85592.0,2,-2.0,
base,switching_off,,83797.0,85597.0,16,-2.0,
base,switching_off,,83814.0,85614.0,15,-2.0,
base,switching_off,,83873.0,85673.0,3 4,-2.0,
base,switching_off,,83888.0,85688.0,0 1,-2.0,
base,switching_off,,83922.0,85722.0,13 14,-2.0,
base,switching_off,,83929.0,85729.0,7 8,-2.0,
base,switching_off,,83937.0,85737.0,11 12,-2.0,
base,switching_off,,83956.0,85756.0,5 6,-2.0,
base,switching_off,,84257.0,86057.0,9 10,-2.0,
base,active,,84877.0,85777.0,21 22,-1.0,
base,active,,84896.0,85796.0,17 18 19 20,-1.0,
base,sleeping,,85579.0,89123.0,23 24 25 26 27 28 29 30 31 32 33,-4.0,
base,sleeping,,85579.0,89458.0,34 35 36 37 38 39 40 41 42 43 44 45 46 47 48 49 50 51 52 53 54 55 56 57 58 59 60 61 62 63 64 65,-4.0,
base,sleeping,,85579.0,89766.0,66 67 68 69 70 71 72 73 74 75 76 77 78 79 80 81 82 83 84 85 86 87 88 89 90 91 92 93 94 95 96 97,-4.0,
base,sleeping,,85579.0,91793.0,98 99 100 101 102 103 104 105 106 107 108 109 110 111 112 113 114 115 116 117 118 119 120 121 122 123 124 125 126 127,-4.0,
base,sleeping,,85592.0,89123.0,2,-4.0,
base,sleeping,,85597.0,89123.0,16,-4.0,
base,sleeping,,85614.0,89123.0,15,-4.0,
base,sleeping,,85673.0,89123.0,3 4,-4.0,
base,sleeping,,85688.0,88999.0,0 1,-4.0,
base,sleeping,,85722.0,89123.0,13 14,-4.0,
base,sleeping,,85729.0,89123.0,7 8,-4.0,
base,sleeping,,85737.0,89123.0,11 12,-4.0,
base,sleeping,,85756.0,89123.0,5 6,-4.0,
base,switching_off,,85777.0,87577.0,21 22,-2.0,
base,switching_off,,85796.0,87596.0,17 18 19 20,-2.0,
base,sleeping,,86057.0,89123.0,9 10,-4.0,
base,sleeping,,87577.0,89123.0,21 22,-4.0,
base,sleeping,,87596.0,89123.0,17 18 19 20,-4.0,
base,switching_on,,88999.0,91699.0,0 1,-3.0,
base,switching_on,,89123.0,91823.0,2 3 4 5 6 7 8 9 10 11 12 13 14 15 16 17 18 19 20 21 22 23 24 25 26 27 28 29 30 31 32 33,-3.0,
base,switching_on,,89458.0,92158.0,34 35 36 37 38 39 40 41 42 43 44 45 46 47 48 49 50 51 52 53 54 55 56 57 58 59 60 61 62 63 64 65,-3.0,
base,switching_on,,89766.0,92466.0,66 67 68 69 70 71 72 73 74 75 76 77 78 79 80 81 82 83 84 85 86 87 88 89 90 91 92 93 94 95 96 97,-3.0,
base,active,88999.0,91699.0,91793.0,0 1,34724.0,False
base,active,,91793.0,94493.0,0 1,-1.0,
base,switching_on,,91793.0,94493.0,98 99 100 101 102 103 104 105 106 107 108 109 110 111 112 113 114 115 116 117 118 119 120 121 122 123 124 125 126 127,-3.0,
base,active,89123.0,91823.0,91906.0,2 3 4 5 6 7 8 9 10 11 12 13 14 15 16 17 18 19 20 21 22 23 24 25 26 27 28 29 30 31 32 33,34726.0,False
base,active,90780.0,91906.0,91973.0,2 3 4 5 6 7 8 9 10 11 12 13 14 15 16 17 18 19 20 21 22 23 24 25 26 27 28 29 30 31 32 33,34737.0,False
base,active,91111.0,91973.0,92013.0,2 3,34739.0,False
base,active,,91973.0,92013.0,4 5 6 7 8 9 10 11 12 13 14 15 16 17 18 19 20 21 22 23 24 25 26 27 28 29 30 31 32 33,-1.0,
base,active,91393.0,92013.0,92177.0,2 3 4 5 6 7 8 9 10 11 12 13 14 15 16 17 18 19 20 21 22 23 24 25 26 27 28 29 30 31 32 33,34740.0,False
base,active,89458.0,92158.0,93088.0,34 35 36 37 38 39 40 41 42 43 44 45 46 47 48 49 50 51 52 53 54 55 56 57 58 59 60 61 62 63 64 65,34727.0,False
base,active,91682.0,92177.0,92358.0,2 3 4 5 6 7 8 9 10 11 12 13 14 15 16 17 18 19 20 21 22 23 24 25 26 27 28 29 30 31 32 33,34745.0,False
base,active,91713.0,92358.0,92423.0,2 3,34747.0,False
base,active,92227.0,92358.0,92435.0,4 5,34749.0,False
base,active,,92358.0,92435.0,6 7 8 9 10 11 12 13 14 15 16 17 18 19 20 21 22 23 24 25 26 27 28 29 30 31 32 33,-1.0,
base,active,,92423.0,92435.0,2 3,-1.0,
base,active,92393.0,92435.0,92638.0,2 3 4 5 6 7 8 9 10 11 12 13 14 15 16 17 18 19 20 21 22 23 24 25 26 27 28 29 30 31 32 33,34750.0,False
base,active,89766.0,92466.0,92672.0,66 67 68 69 70 71 72 73 74 75 76 77 78 79 80 81 82 83 84 85 86 87 88 89 90 91 92 93 94 95 96 97,34729.0,False
base,active,92446.0,92638.0,92762.0,2 3,34751.0,False
base,active,,92638.0,92776.0,4 5,-1.0,
base,active,,92638.0,93231.0,6 7,-1.0,
base,active,,92638.0,93363.0,8 9,-1.0,
base,active,,92638.0,93446.0,10 11,-1.0,
base,active,,92638.0,93491.0,12 13 14 15 16 17 18 19 20 21 22 23 24 25 26 27 28 29 30 31 32 33,-1.0,
base,active,,92672.0,93491.0,66 67 68 69 70 71 72 73 74 75,-1.0,
base,active,,92672.0,93572.0,76 77 78 79 80 81 82 83 84 85 86 87 88 89 90 91 92 93 94 95 96 97,-1.0,
base,active,,92762.0,93630.0,2 3,-1.0,
base,active,92776.0,92776.0,92879.0,4 5,34753.0,False
base,active,,92879.0,93687.0,4 5,-1.0,
base,active,,93088.0,93768.0,34 35,-1.0,
base,active,,93088.0,93808.0,36 37,-1.0,
base,active,,93088.0,93848.0,38 39,-1.0,
base,active,,93088.0,93961.0,40 41,-1.0,
base,active,,93088.0,93988.0,42 43 44 45 46 47 48 49 50 51 52 53 54 55 56 57 58 59 60 61 62 63 64 65,-1.0,
base,active,93231.0,93231.0,93272.0,6 7,34758.0,False
base,active,,93272.0,94049.0,6 7,-1.0,
base,active,93363.0,93363.0,93403.0,8 9,34760.0,False
base,active,,93403.0,94215.0,8 9,-1.0,
base,active,93446.0,93446.0,93487.0,10 11,34761.0,False
base,active,,93487.0,94288.0,10,-1.0,
base,active,,93487.0,94315.0,11,-1.0,
base,active,93491.0,93491.0,94077.0,12 13 14 15 16 17 18 19 20 21 22 23 24 25 26 27 28 29 30 31 32 33 66 67 68 69 70 71 72 73 74 75,34762.0,False
base,switching_off,,93572.0,95372.0,76 77 78 79 80 81 82 83 84 85 86 87 88 89 90 91 92 93 94 95 96 97,-2.0,
base,active,93630.0,93630.0,93679.0,2 3,34763.0,False
base,active,,93679.0,94315.0,2,-1.0,
base,active,,93679.0,94343.0,3,-1.0,
base,active,93687.0,93687.0,93718.0,4 5,34764.0,False
base,active,,93718.0,94343.0,4,-1.0,
base,active,,93718.0,94618.0,5,-1.0,
base,active,93768.0,93768.0,93793.0,34 35,34767.0,False
base,active,,93793.0,94693.0,34 35,-1.0,
base,active,93808.0,93808.0,93842.0,36 37,34769.0,False
base,active,,93842.0,94742.0,36 37,-1.0,
base,active,93848.0,93848.0,93877.0,38 39,34771.0,False
base,active,,93877.0,94777.0,38 39,-1.0,
base,active,93961.0,93961.0,93997.0,40 41,34772.0,False
base,switching_off,,93988.0,95788.0,42 43 44 45 46 47 48 49 50 51 52 53 54 55 56 57 58 59 60 61 62 63 64 65,-2.0,
base,active,,93997.0,94897.0,40 41,-1.0,
base,active,94049.0,94049.0,94107.0,6 7,34773.0,False
base,active,,94077.0,94977.0,12 13 14 15 16 17 18 19 20 21 22 23 24 25 26 27 28 29 30 31 32 33 66 67 68 69 70 71 72 73 74 75,-1.0,
base,active,,94107.0,95007.0,6 7,-1.0,
base,active,94215.0,94215.0,94299.0,8 9,34776.0,False
base,active,94288.0,94288.0,94290.0,10,34777.0,False
base,active,,94290.0,95070.0,10,-1.0,
base,active,,94299.0,95079.0,8 9,-1.0,
base,active,94315.0,94315.0,94335.0,2 11,34778.0,False
base,active,,94335.0,95079.0,2 11,-1.0,
base,active,94343.0,94343.0,94378.0,3 4,34779.0,False
base,active,,94378.0,95079.0,3 4,-1.0,
base,active,90544.0,94493.0,94651.0,0 1 98 99 100 101 102 103 104 105 106 107 108 109 110 111 112 113 114 115 116 117 118 119 120 121 122 123 124 125 126 127,34735.0,False
base,switching_off,,94618.0,96418.0,5,-2.0,
base,active,,94651.0,95079.0,0 1 98 99 100 101 102 103 104 105,-1.0,
base,active,,94651.0,95142.0,106 107 108 109 110 111 112 113 114 115 116 117 118 119 120 121 122 123 124 125 126 127,-1.0,
base,switching_off,,94693.0,96493.0,34 35,-2.0,
base,switching_off,,94742.0,96542.0,36 37,-2.0,
base,switching_off,,94777.0,96577.0,38 39,-2.0,
base,switching_off,,94897.0,96697.0,40 41,-2.0,
base,switching_off,,94977.0,96777.0,12 13 14 15 16 17 18 19 20 21 22 23 24 25 26 27 28 29 30 31 32 33 66 67 68 69 70 71 72 73 74 75,-2.0,
base,switching_off,,95007.0,96807.0,6 7,-2.0,
base,active,95070.0,95070.0,95074.0,10,34781.0,False
base,active,,95074.0,95142.0,10,-1.0,
base,active,95079.0,95079.0,95089.0,0 1 2 3 4 8 9 11 98 99 100 101 102 103 104 105,34782.0,False
base,active,,95089.0,95142.0,0 1 2 3 4 8 9 11 98,-1.0,
base,active,,95089.0,95335.0,99 100,-1.0,
base,active,,95089.0,95427.0,101 102,-1.0,
base,active,,95089.0,95462.0,103 104,-1.0,
base,active,,95089.0,95509.0,105,-1.0,
base,active,95142.0,95142.0,95304.0,0 1 2 3 4 8 9 10 11 98 106 107 108 109 110 111 112 113 114 115 116 117 118 119 120 121 122 123 124 125 126 127,34784.0,False
base,active,,95304.0,95509.0,0,-1.0,
base,active,,95304.0,95570.0,1 2,-1.0,
base,active,,95304.0,95601.0,3 4,-1.0,
base,active,,95304.0,95936.0,8 9,-1.0,
base,active,,95304.0,95995.0,10 11,-1.0,
base,active,,95304.0,96101.0,98,-1.0,
base,active,,95304.0,96204.0,106 107 108 109 110 111 112 113 114 115 116 117 118 119 120 121 122 123 124 125 126 127,-1.0,
base,active,95335.0,95335.0,95366.0,99 100,34787.0,False
base,active,,95366.0,96266.0,99 100,-1.0,
base,sleeping,,95372.0,100683.0,76 77 78 79 80 81 82 83 84 85 86 87 88 89 90 91 92 93 94 95 96 97,-4.0,
base,active,95427.0,95427.0,95457.0,101 102,34788.0,False
base,active,,95457.0,96242.0,101 102,-1.0,
base,active,95462.0,95462.0,95494.0,103 104,34789.0,False
base,active,,95494.0,96242.0,103 104,-1.0,
base,active,95509.0,95509.0,95855.0,0 105,34790.0,False
base,active,95570.0,95570.0,95595.0,1 2,34791.0,False
base,active,,95595.0,96495.0,1 2,-1.0,
base,active,95601.0,95601.0,95633.0,3 4,34792.0,False
base,active,,95633.0,96533.0,3 4,-1.0,
base,sleeping,,95788.0,100683.0,42 43 44 45 46 47 48 49 50 51 52 53 54 55 56 57 58 59 60 61 62 63 64 65,-4.0,
base,active,,95855.0,96242.0,105,-1.0,
base,active,,95855.0,96755.0,0,-1.0,
base,active,95936.0,95936.0,95951.0,8 9,34794.0,False
base,active,,95951.0,96851.0,8 9,-1.0,
base,active,95995.0,95995.0,96016.0,10 11,34795.0,False
base,active,,96016.0,96916.0,10 11,-1.0,
base,active,96101.0,96101.0,96107.0,98,34796.0,False
base,active,,96107.0,96333.0,98,-1.0,
base,switching_off,,96204.0,98004.0,106 107 108 109 110 111 112 113 114 115 116 117 118 119 120 121 122 123 124 125 126 127,-2.0,
base,active,96242.0,96242.0,96245.0,101 102 103 104,34800.0,False
base,active,96187.0,96242.0,96256.0,105,34799.0,False
base,active,,96245.0,96333.0,101 102 103 104,-1.0,
base,active,,96256.0,96333.0,105,-1.0,
base,switching_off,,96266.0,98066.0,99 100,-2.0,
base,active,96302.0,96333.0,96336.0,102 103 104 105,34801.0,False
base,active,96333.0,96333.0,96336.0,98 101,34802.0,False
base,active,,96336.0,96548.0,104 105,-1.0,
base,active,,96336.0,97236.0,98 101 102 103,-1.0,
base,sleeping,,96418.0,100683.0,5,-4.0,
base,sleeping,,96493.0,100683.0,34 35,-4.0,
base,switching_off,,96495.0,98295.0,1 2,-2.0,
base,switching_off,,96533.0,98333.0,3 4,-2.0,
base,sleeping,,96542.0,100683.0,36 37,-4.0,
base,active,96451.0,96548.0,96551.0,104 105,34803.0,False
base,active,,96551.0,96610.0,104 105,-1.0,
base,sleeping,,96577.0,100683.0,38 39,-4.0,
base,active,96610.0,96610.0,96613.0,104 105,34810.0,False
base,active,,96613.0,96805.0,105,-1.0,
base,active,,96613.0,97513.0,104,-1.0,
base,sleeping,,96697.0,100683.0,40 41,-4.0,
base,switching_off,,96755.0,98555.0,0,-2.0,
base,sleeping,,96777.0,100683.0,12 13 14 15 16 17 18 19 20 21 22 23 24 25 26 27 28 29 30 31 32 33 66 67 68 69 70 71 72 73 74 75,-4.0,
base,active,96805.0,96805.0,96808.0,105,34812.0,False
base,sleeping,,96807.0,100683.0,6 7,-4.0,
base,active,,96808.0,96865.0,105,-1.0,
base,switching_off,,96851.0,98651.0,8 9,-2.0,
base,active,96865.0,96865.0,96868.0,105,34814.0,False
base,active,,96868.0,97533.0,105,-1.0,
base,switching_off,,96916.0,98716.0,10 11,-2.0,
base,switching_off,,97236.0,99036.0,98 101 102 103,-2.0,
base,switching_off,,97513.0,99313.0,104,-2.0,
base,active,97533.0,97533.0,97537.0,105,34816.0,False
base,active,,97537.0,97978.0,105,-1.0,
base,active,97978.0,97978.0,97983.0,105,34819.0,False
base,active,,97983.0,98883.0,105,-1.0,
base,sleeping,,98004.0,100683.0,106 107 108 109 110 111 112 113 114 115 116 117 118 119 120 121 122 123 124 125 126 127,-4.0,
base,sleeping,,98066.0,100683.0,99 100,-4.0,
base,sleeping,,98295.0,100683.0,1 2,-4.0,
base,sleeping,,98333.0,100683.0,3 4,-4.0,
base,sleeping,,98555.0,100683.0,0,-4.0,
base,sleeping,,98651.0,100683.0,8 9,-4.0,
base,sleeping,,98716.0,100683.0,10 11,-4.0,
base,switching_off,,98883.0,100683.0,105,-2.0,
base,sleeping,,99036.0,100683.0,98 101 102 103,-4.0,
base,sleeping,,99313.0,100683.0,104,-4.0,
base,switching_on,,100683.0,103383.0,0 1 2 3 4 5 6 7 8 9 10 11 12 13 14 15 16 17 18 19 20 21 22 23 24 25 26 27 28 29 30 31 32 33 34 35 36 37 38 39 40 41 42 43 44 45 46 47 48 49 50 51 52 53 54 55 56 57 58 59 60 61 62 63 64 65 66 67 68 69 70 71 72 73 74 75 76 77 78 79 80 81 82 83 84 85 86 87 88 89 90 91 92 93 94 95 96 97 98 99 100 101 102 103 104 105 106 107 108 109 110 111 112 113 114 115 116 117 118 119 120 121 122 123 124 125 126 127,-3.0,
base,active,96116.0,103383.0,103388.0,0 1 2 3 4 5 6 7 8 9 10 11 12 13 14 15 16 17 18 19 20 21 22 23 24 25 26 27 28 29 30 31 32 33 34 35 36 37 38 39 40 41 42 43 44 45 46 47 48 49 50 51 52 53 54 55 56 57 58 59 60 61 62 63 64 65 66 67 68 69 70 71 72 73 74 75 76 77 78 79 80 81 82 83 84 85 86 87 88 89 90 91 92 93 94 95 96 97 98 99 100 101 102 103 104 105 106 107 108 109 110 111 112 113 114 115 116 117 118 119 120 121 122 123 124 125 126 127,34797.0,False
base,active,96548.0,103388.0,103391.0,0 1 2 3 4 5 6 7 8 9 10 11 12 13 14 15,34807.0,False
base,active,,103388.0,103391.0,16 17 18 19 20 21 22 23 24 25 26 27 28 29 30 31 32 33 34 35 36 37 38 39 40 41 42 43 44 45 46 47 48 49 50 51 52 53 54 55 56 57 58 59 60 61 62 63 64 65 66 67 68 69 70 71 72 73 74 75 76 77 78 79 80 81 82 83 84 85 86 87 88 89 90 91 92 93 94 95 96 97 98 99 100 101 102 103 104 105 106 107 108 109 110 111 112 113 114 115 116 117 118 119 120 121 122 123 124 125 126 127,-1.0,
base,active,97626.0,103391.0,103715.0,0 1 2 3 4 5 6 7 8 9 10 11 12 13 14 15 16 17 18 19 20 21 22 23 24 25 26 27 28 29 30 31 32 33 34 35 36 37 38 39 40 41 42 43 44 45 46 47 48 49 50 51 52 53 54 55 56 57 58 59 60 61 62 63 64 65 66 67 68 69 70 71 72 73 74 75 76 77 78 79 80 81 82 83 84 85 86 87 88 89 90 91 92 93 94 95 96 97 98 99 100 101 102 103 104 105 106 107 108 109 110 111 112 113 114 115 116 117 118 119 120 121 122 123 124 125 126 127,34818.0,False
base,active,98012.0,103715.0,103909.0,0 1 2 3 4 5 6 7 8 9 10 11 12 13 14 15 16 17 18 19 20 21 22 23 24 25 26 27 28 29 30 31 32 33 34 35 36 37 38 39 40 41 42 43 44 45 46 47 48 49 50 51 52 53 54 55 56 57 58 59 60 61 62 63 64 65 66 67 68 69 70 71 72 73 74 75 76 77 78 79 80 81 82 83 84 85 86 87 88 89 90 91 92 93 94 95 96 97 98 99 100 101 102 103 104 105 106 107 108 109 110 111 112 113 114 115 116 117 118 119 120 121 122 123 124 125 126 127,34820.0,False
base,active,99464.0,103909.0,103916.0,111 112 113 114 115 116 117 118 119 120 121 122 123 124 125 126,34829.0,False
base,active,102192.0,103909.0,103918.0,106,34850.0,False
base,active,100102.0,103909.0,103923.0,109,34834.0,False
base,active,101644.0,103909.0,103926.0,108,34844.0,False
base,active,99324.0,103909.0,103932.0,127,34826.0,False
base,active,99717.0,103909.0,103933.0,110,34830.0,False
base,active,102189.0,103909.0,103933.0,107,34849.0,False
base,active,102678.0,103909.0,103989.0,105,34853.0,False
base,active,103229.0,103909.0,103995.0,103,34857.0,False
base,active,103428.0,103909.0,104035.0,102,34861.0,False
base,active,98516.0,103909.0,104038.0,32 33 34 35 36 37 38 39 40 41 42 43 44 45 46 47 48 49 50 51 52 53 54 55 56 57 58 59 60 61 62 63,34823.0,False
base,active,102958.0,103909.0,104159.0,104,34855.0,False
base,active,98239.0,103909.0,104174.0,0 1 2 3 4 5 6 7 8 9 10 11 12 13 14 15 16 17 18 19 20 21 22 23 24 25 26 27 28 29 30 31,34821.0,False
base,active,,103909.0,104174.0,64 65 66 67 68 69 70 71 72 73 74 75 76 77 78 79 80 81 82 83 84 85 86 87 88 89 90 91 92 93 94 95 96 97 98 99 100 101,-1.0,
base,active,,103916.0,104174.0,111 112 113 114 115 116 117 118 119 120 121 122 123 124 125 126,-1.0,
base,active,,103918.0,104174.0,106,-1.0,
base,active,,103923.0,104174.0,109,-1.0,
base,active,,103926.0,104174.0,108,-1.0,
base,active,,103932.0,104174.0,127,-1.0,
base,active,,103933.0,104174.0,107 110,-1.0,
base,active,,103989.0,104174.0,105,-1.0,
base,active,,103995.0,104174.0,103,-1.0,
base,active,,104035.0,104174.0,102,-1.0,
base,active,,104038.0,104174.0,32 33 34 35 36 37 38 39 40 41 42 43 44 45 46 47 48 49 50 51 52 53 54 55 56 57 58 59 60 61 62 63,-1.0,
base,active,,104159.0,104174.0,104,-1.0,
base,active,98749.0,104174.0,104412.0,0 1 2 3 4 5 6 7 8 9 10 11 12 13 14 15 16 17 18 19 20 21 22 23 24 25 26 27 28 29 30 31 32 33 34 35 36 37 38 39 40 41 42 43 44 45 46 47 48 49 50 51 52 53 54 55 56 57 58 59 60 61 62 63 64 65 66 67 68 69 70 71 72 73 74 75 76 77 78 79 80 81 82 83 84 85 86 87 88 89 90 91 92 93 94 95 96 97 98 99 100 101 102 103 104 105 106 107 108 109 110 111 112 113 114 115 116 117 118 119 120 121 122 123 124 125 126 127,34824.0,False
base,active,102047.0,104412.0,104693.0,96 97 98 99 100 101 102 103 104 105 106 107 108 109 110 111 112 113 114 115 116 117 118 119 120 121 122 123 124 125 126 127,34848.0,False
base,active,98992.0,104412.0,104723.0,0 1 2 3 4 5 6 7 8 9 10 11 12 13 14 15 16 17 18 19 20 21 22 23 24 25 26 27 28 29 30 31,34825.0,False
base,active,99744.0,104412.0,104769.0,64 65 66 67 68 69 70 71 72 73 74 75 76 77 78 79 80 81 82 83 84 85 86 87 88 89 90 91 92 93 94 95,34831.0,False
base,active,99345.0,104412.0,104781.0,32 33 34 35 36 37 38 39 40 41 42 43 44 45 46 47 48 49 50 51 52 53 54 55 56 57 58 59 60 61 62 63,34827.0,False
base,active,104692.0,104693.0,104700.0,126,34869.0,False
base,active,104688.0,104693.0,104712.0,127,34868.0,False
base,active,,104693.0,104781.0,96 97 98 99 100 101 102 103 104 105 106 107 108 109 110 111 112 113 114 115 116 117 118 119 120 121 122 123 124 125,-1.0,
base,active,,104700.0,104781.0,126,-1.0,
base,active,,104712.0,104781.0,127,-1.0,
base,active,,104723.0,104781.0,0 1 2 3 4 5 6 7 8 9 10 11 12 13 14 15 16 17 18 19 20 21 22 23 24 25 26 27 28 29 30 31,-1.0,
base,active,,104769.0,104781.0,64 65 66 67 68 69 70 71 72 73 74 75 76 77 78 79 80 81 82 83 84 85 86 87 88 89 90 91 92 93 94 95,-1.0,
base,active,100231.0,104781.0,104948.0,0 1 2 3 4 5 6 7 8 9 10 11 12 13 14 15 16 17 18 19 20 21 22 23 24 25 26 27 28 29 30 31 32 33 34 35 36 37 38 39 40 41 42 43 44 45 46 47 48 49 50 51 52 53 54 55 56 57 58 59 60 61 62 63 64 65 66 67 68 69 70 71 72 73 74 75 76 77 78 79 80 81 82 83 84 85 86 87 88 89 90 91 92 93 94 95 96 97 98 99 100 101 102 103 104 105 106 107 108 109 110 111 112 113 114 115 116 117 118 119 120 121 122 123 124 125 126 127,34835.0,False
base,active,,104948.0,105062.0,97,-1.0,
base,active,101690.0,104948.0,105443.0,64 65 66 67 68 69 70 71 72 73 74 75 76 77 78 79 80 81 82 83 84 85 86 87 88 89 90 91 92 93 94 95,34845.0,False
base,active,,104948.0,105443.0,98 99 100 101 102 103 104 105 106 107 108 109 110 111 112 113 114 115 116 117 118 119 120 121 122 123 124 125 126 127,-1.0,
base,active,100461.0,104948.0,105494.0,0 1 2 3 4 5 6 7 8 9 10 11 12 13 14 15 16 17 18 19 20 21 22 23 24 25 26 27 28 29 30 31,34836.0,False
base,active,101060.0,104948.0,105531.0,32 33 34 35 36 37 38 39 40 41 42 43 44 45 46 47 48 49 50 51 52 53 54 55 56 57 58 59 60 61 62 63,34838.0,False
base,active,103956.0,104948.0,105621.0,96,34864.0,False
base,active,105062.0,105062.0,105449.0,97,34876.0,False
base,active,,105443.0,105494.0,66 67 68 69 70 71 72 73 74 75 76 77 78 79 80 81 82 83 84 85 86 87 88 89 90 91 92 93 94 95,-1.0,
base,active,104033.0,105443.0,105621.0,64 65 98 99 100 101 102 103 104 105 106 107 108 109 110 111 112 113 114 115 116 117 118 119 120 121 122 123 124 125 126 127,34865.0,False
base,active,,105449.0,105494.0,97,-1.0,
base,active,,105494.0,105531.0,1 2 3 4 5 6 7 8 9 10 11 12 13 14 15 16 17 18 19 20 21 22 23 24 25 26 27 28 29 30 31,-1.0,
base,active,104250.0,105494.0,105930.0,0 66 67 68 69 70 71 72 73 74 75 76 77 78 79 80 81 82 83 84 85 86 87 88 89 90 91 92 93 94 95 97,34866.0,False
base,active,,105531.0,105678.0,33,-1.0,
base,active,,105531.0,105812.0,34 35 36 37 38 39 40 41 42 43 44 45 46 47 48 49 50 51 52 53 54 55 56 57 58 59 60 61 62 63,-1.0,
base,active,104794.0,105531.0,106498.0,1 2 3 4 5 6 7 8 9 10 11 12 13 14 15 16 17 18 19 20 21 22 23 24 25 26 27 28 29 30 31 32,34871.0,False
base,active,,105621.0,105812.0,64 65,-1.0,
base,active,,105621.0,106054.0,96,-1.0,
base,active,,105621.0,106310.0,98 99 100 101 102 103 104 105 106 107 108 109 110 111 112 113 114 115 116 117 118 119 120 121 122 123 124 125 126 127,-1.0,
base,active,105678.0,105678.0,105851.0,33,34878.0,False
base,active,105812.0,105812.0,105983.0,34 35 36 37 38 39 40 41 42 43 44 45 46 47 48 49 50 51 52 53 54 55 56 57 58 59 60 61 62 63 64 65,34879.0,False
base,active,,105851.0,106310.0,33,-1.0,
base,active,,105930.0,106310.0,0,-1.0,
base,active,,105930.0,106499.0,66,-1.0,
base,active,,105930.0,106820.0,67,-1.0,
base,active,,105930.0,106830.0,68 69 70 71 72 73 74 75 76 77 78 79 80 81 82 83 84 85 86 87 88 89 90 91 92 93 94 95 97,-1.0,
base,active,,105983.0,106883.0,34 35 36 37 38 39 40 41 42 43 44 45 46 47 48 49 50 51 52 53 54 55 56 57 58 59 60 61 62 63 64 65,-1.0,
base,active,106054.0,106054.0,106197.0,96,34881.0,False
base,active,,106197.0,106987.0,96,-1.0,
base,active,106310.0,106310.0,106982.0,0 33 98 99 100 101 102 103 104 105 106 107 108 109 110 111 112 113 114 115 116 117 118 119 120 121 122 123 124 125 126 127,34883.0,False
base,active,,106498.0,107013.0,1,-1.0,
base,active,,106498.0,107024.0,2,-1.0,
base,active,,106498.0,107398.0,3 4 5 6 7 8 9 10 11 12 13 14 15 16 17 18 19 20 21 22 23 24 25 26 27 28 29 30 31 32,-1.0,
base,active,106499.0,106499.0,106644.0,66,34887.0,False
base,active,,106644.0,107503.0,66,-1.0,
base,active,106820.0,106820.0,107015.0,67,34889.0,False
base,switching_off,,106830.0,108630.0,68 69 70 71 72 73 74 75 76 77 78 79 80 81 82 83 84 85 86 87 88 89 90 91 92 93 94 95 97,-2.0,
base,switching_off,,106883.0,108683.0,34 35 36 37 38 39 40 41 42 43 44 45 46 47 48 49 50 51 52 53 54 55 56 57 58 59 60 61 62 63 64 65,-2.0,
base,active,,106982.0,107503.0,0 33 98 99 100 101 102 103 104 105 106 107 108 109 110 111 112 113 114 115 116 117 118 119 120 121 122 123 124 125 126,-1.0,
base,active,,106982.0,107882.0,127,-1.0,
base,active,106987.0,106987.0,107009.0,96,34891.0,False
base,active,,107009.0,107909.0,96,-1.0,
base,active,107013.0,107013.0,107018.0,1,34892.0,False
base,active,,107015.0,107915.0,67,-1.0,
base,active,,107018.0,107918.0,1,-1.0,
base,active,107024.0,107024.0,107031.0,2,34893.0,False
base,active,,107031.0,107931.0,2,-1.0,
base,switching_off,,107398.0,109198.0,3 4 5 6 7 8 9 10 11 12 13 14 15 16 17 18 19 20 21 22 23 24 25 26 27 28 29 30 31 32,-2.0,
base,active,107503.0,107503.0,107701.0,0 33 66 98 99 100 101 102 103 104 105 106 107 108 109 110 111 112 113 114 115 116 117 118 119 120 121 122 123 124 125 126,34895.0,False
base,active,,107701.0,107979.0,0,-1.0,
base,active,,107701.0,108218.0,33 66 98 99 100 101 102 103 104 105 106 107 108 109 110 111 112 113 114 115 116 117 118 119 120 121 122 123 124 125 126,-1.0,
base,switching_off,,107882.0,109682.0,127,-2.0,
base,switching_off,,107909.0,109709.0,96,-2.0,
base,switching_off,,107915.0,109715.0,67,-2.0,
base,switching_off,,107918.0,109718.0,1,-2.0,
base,switching_off,,107931.0,109731.0,2,-2.0,
base,active,107979.0,107979.0,108218.0,0,34901.0,False
base,active,108061.0,108218.0,108735.0,0 33 66 98 99 100 101 102 103 104 105 106 107 108 109 110 111 112 113 114 115 116 117 118 119 120 121 122 123 124 125 126,34902.0,False
base,sleeping,,108630.0,108735.0,72 73 74 75 76 77 78 79 80 81 82 83 84 85 86 87 88 89 90 91 92 93 94 95 97,-4.0,
base,switching_on,,108630.0,111330.0,68 69 70 71,-3.0,
base,sleeping,,108683.0,108735.0,34 35 36 37 38 39 40 41 42 43 44 45 46 47 48 49 50 51 52 53 54 55 56 57 58 59 60 61 62 63 64 65,-4.0,
base,active,,108735.0,109635.0,104 105 106 107 108 109 110 111 112 113 114 115 116 117 118 119 120 121 122 123 124 125 126,-1.0,
base,active,,108735.0,111435.0,0 33 66 98 99 100 101,-1.0,
base,switching_on,,108735.0,111435.0,34 35 36 37 38 39 40 41 42 43 44 45 46 47 48 49 50 51 52 53 54 55 56 57 58 59 60 61 62 63 64 65 72 73 74 75 76 77 78 79 80 81 82 83 84 85 86 87 88 89 90 91 92 93 94 95 97,-3.0,
base,active,,108735.0,111898.0,102 103,-1.0,
base,switching_on,,109198.0,111898.0,3 4 5 6 7 8 9 10 11 12 13 14 15 16 17 18 19 20 21 22 23 24 25 26 27 28 29 30 31 32,-3.0,
base,switching_off,,109635.0,111435.0,104 105 106 107 108 109 110 111 112 113 114 115 116 117 118 119 120 121 122 123 124 125 126,-2.0,
base,sleeping,,109682.0,113036.0,127,-4.0,
base,sleeping,,109709.0,112418.0,96,-4.0,
base,sleeping,,109715.0,111550.0,67,-4.0,
base,sleeping,,109718.0,111336.0,1,-4.0,
base,sleeping,,109731.0,111336.0,2,-4.0,
base,active,108588.0,111330.0,111336.0,69,34905.0,False
base,active,108597.0,111330.0,111339.0,70,34906.0,False
base,active,108580.0,111330.0,111352.0,68,34904.0,False
base,active,108628.0,111330.0,111591.0,71,34907.0,False
base,active,,111336.0,111890.0,69,-1.0,
base,switching_on,,111336.0,114036.0,1 2,-3.0,
base,active,,111339.0,111890.0,70,-1.0,
base,active,,111352.0,111890.0,68,-1.0,
base,active,108716.0,111435.0,111890.0,0 33 34 35 36 37 38 39 40 41 42 43 44 45 46 47 48 49 50 51 52 53 54 55 56 57 58 59 60 61 62 63 64 65 66 72 73 74 75 76 77 78 79 80 81 82 83 84 85 86 87 88 89 90 91 92 93 94 95 97 98 99 100 101,34908.0,False
base,sleeping,,111435.0,113036.0,104 105 106 107 108 109 110 111 112 113 114 115 116 117 118 119 120 121 122 123 124 125 126,-4.0,
base,switching_on,,111550.0,114250.0,67,-3.0,
base,active,,111591.0,111890.0,71,-1.0,
base,active,109337.0,111890.0,112173.0,0 33 34 35 36 37 38 39 40 41 42 43 44 45 46 47 48 49 50 51 52 53 54 55 56 57 58 59 60 61 62 63 64 65 66 68 69 70 71 72 73 74 75 76 77 78 79 80 81 82 83 84 85 86 87 88 89 90 91 92 93 94 95 97,34913.0,False
base,active,,111890.0,112173.0,98 99 100 101,-1.0,
base,active,108870.0,111898.0,112130.0,3 4 5 6 7 8 9 10 11 12 13 14 15 16 17 18 19 20 21 22 23 24 25 26 27 28 29 30 31 32 102 103,34909.0,False
base,active,,112130.0,112173.0,3 4 5 6 7 8 9 10 11 12 13 14 15 16 17 18 19 20 21 22 23 24 25 26 27 28 29 30 31 32 102 103,-1.0,
base,active,109815.0,112173.0,112633.0,0 3 4 5 6 7 8 9 10 11 12 13 14 15 16 17 18 19 20 21 22 23 24 25 26 27 28 29 30 31 32 33 34 35 36 37 38 39 40 41 42 43 44 45 46 47 48 49 50 51 52 53 54 55 56 57 58 59 98 99 100 101 102 103,34918.0,False
base,active,,112173.0,112633.0,60 61 62 63 64 65 66 68 69 70 71 72 73 74 75 76 77 78 79 80 81 82 83 84 85 86 87 88 89 90 91 92 93 94 95 97,-1.0,
base,switching_on,,112418.0,115118.0,96,-3.0,
base,active,110725.0,112633.0,113051.0,0 3 4 5 6 7 8 9 10 11 12 13 14 15 16 17 18 19 20 21 22 23 24 25 26 27 28 29 60 61 62 63 64 65 66 68 69 70 71 72 73 74 75 76 77 78 79 80 81 82 83 84 85 86 87 88 89 90 91 92 93 94 95 97,34921.0,False
base,active,,112633.0,113051.0,40 41 42 43 44 45 46 47 48 49 50 51 52 53 54 55 56 57 58 59 98 99 100 101 102 103,-1.0,
base,active,,112633.0,115736.0,30 31 32 33 34 35 36 37 38 39,-1.0,
base,switching_on,,113036.0,115736.0,104 105 106 107 108 109 110 111 112 113 114 115 116 117 118 119 120 121 122 123 124 125 126 127,-3.0,
base,active,111235.0,113051.0,113252.0,0 3 4 5 6 7 8 9 10 11 12 13 14 15 16 17 18 19 20 21 22 23 24 25 26 27 28 29 40 41 42 43 44 45 46 47 48 49 50 51 52 53 54 55 56 57 58 59 60 61 62 63 64 65 66 68 69 70 98 99 100 101 102 103,34928.0,False
base,active,,113051.0,113447.0,71 72 73 74 75 76 77 78 79 80 81 82 83 84 85 86 87 88 89 90 91 92 93 94 95 97,-1.0,
base,active,,113252.0,113447.0,0 3 4 5 6 7,-1.0,
base,active,,113252.0,114152.0,8 9 10 11 12 13 14 15 16 17 18 19 20 21 22 23 24 25 26 27 28 29 40 41 42 43 44 45 46 47 48 49 50 51 52 53 54 55 56 57 58 59 60 61 62 63 64 65 66 68 69 70 98 99 100 101 102 103,-1.0,
base,active,113447.0,113447.0,113855.0,0 3 4 5 6 7 71 72 73 74 75 76 77 78 79 80 81 82 83 84 85 86 87 88 89 90 91 92 93 94 95 97,34942.0,False
base,active,,113855.0,114755.0,0 3 4 5 6 7 71 72 73 74 75 76 77 78 79 80 81 82 83 84 85 86 87 88 89 90 91 92 93 94 95 97,-1.0,
base,active,111224.0,114036.0,114054.0,2,34927.0,False
base,active,109566.0,114036.0,114138.0,1,34917.0,False
base,active,,114054.0,114954.0,2,-1.0,
base,active,,114138.0,115038.0,1,-1.0,
base,switching_off,,114152.0,115952.0,8 9 10 11 12 13 14 15 16 17 18 19 20 21 22 23 24 25 26 27 28 29 40 41 42 43 44 45 46 47 48 49 50 51 52 53 54 55 56 57 58 59 60 61 62 63 64 65 66 68 69 70 98 99 100 101 102 103,-2.0,
base,active,111550.0,114250.0,114387.0,67,34930.0,False
base,active,,114387.0,115287.0,67,-1.0,
base,switching_off,,114755.0,116555.0,0 3 4 5 6 7 71 72 73 74 75 76 77 78 79 80 81 82 83 84 85 86 87 88 89 90 91 92 93 94 95 97,-2.0,
base,switching_off,,114954.0,116754.0,2,-2.0,
base,switching_off,,115038.0,116838.0,1,-2.0,
base,active,112418.0,115118.0,115178.0,96,34936.0,False
base,active,,115178.0,116078.0,96,-1.0,
base,switching_off,,115287.0,117087.0,67,-2.0,
base,active,112766.0,115736.0,115829.0,104 105,34938.0,False
base,active,113036.0,115736.0,115953.0,30 31 32 33 34 35 36 37 38 39 106 107 108 109 110 111 112 113 114 115 116 117 118 119 120 121 122 123 124 125 126 127,34940.0,False
base,active,,115829.0,116729.0,104 105,-1.0,
base,sleeping,,115952.0,118653.0,8 9 10 11 12 13 14 15 16 17 18 19 20 21 22 23 24 25 26 27 28 29 40 41 42 43 44 45 46 47 48 49 50 51 52 53 54 55 56 57 58 59 60 61 62 63 64 65 66 68 69 70 98 99 100 101 102 103,-4.0,
base,active,,115953.0,116853.0,30 31 32 33 34 35 36 37 38 39 106 107 108 109 110 111 112 113 114 115 116 117 118 119 120 121 122 123 124 125 126 127,-1.0,
base,switching_off,,116078.0,117878.0,96,-2.0,
base,sleeping,,116555.0,118653.0,0 3 4 5 6 7 71 72 73 74 75 76 77 78 79 80 81 82 83 84 85 86 87 88 89 90 91 92 93 94 95 97,-4.0,
base,switching_off,,116729.0,118529.0,104 105,-2.0,
base,sleeping,,116754.0,118653.0,2,-4.0,
base,sleeping,,116838.0,118653.0,1,-4.0,
base,switching_off,,116853.0,118653.0,30 31 32 33 34 35 36 37 38 39 106 107 108 109 110 111 112 113 114 115 116 117 118 119 120 121 122 123 124 125 126 127,-2.0,
base,sleeping,,117087.0,118653.0,67,-4.0,
base,sleeping,,117878.0,118653.0,96,-4.0,
base,sleeping,,118529.0,118653.0,104 105,-4.0,
base,switching_on,,118653.0,121353.0,0 1 2 3 4 5 6 7 8 9 10 11 12 13 14 15 16 17 18 19 20 21 22 23 24 25 26 27 28 29 30 31 32 33 34 35 36 37 38 39 40 41 42 43 44 45 46 47 48 49 50 51 52 53 54 55 56 57 58 59 60 61 62 63 64 65 66 67 68 69 70 71 72 73 74 75 76 77 78 79 80 81 82 83 84 85 86 87 88 89 90 91 92 93 94 95 96 97 98 99 100 101 102 103 104 105 106 107 108 109 110 111 112 113 114 115 116 117 118 119 120 121 122 123 124 125 126 127,-3.0,
base,active,115330.0,121353.0,121409.0,0 1 2 3 4 5 6 7 8 9 10 11 12 13 14 15 16 17 18 19 20 21 22 23 24 25 26 27 28 29 30 31 32 33 34 35 36 37 38 39 40 41 42 43 44 45 46 47 48 49 50 51 52 53 54 55 56 57 58 59 60 61 62 63 64 65 66 67 68 69 70 71 72 73 74 75 76 77 78 79 80 81 82 83 84 85 86 87 88 89 90 91 92 93 94 95 96 97 98 99 100 101 102 103 104 105 106 107 108 109 110 111 112 113 114 115 116 117 118 119 120 121 122 123 124 125 126 127,34954.0,False
base,active,115454.0,121409.0,122176.0,0 1 2 3 4 5 6 7 8 9 10 11 12 13 14 15 16 17 18 19 20 21 22 23 24 25 26 27 28 29 30 31 32 33 34 35 36 37 38 39 40 41 42 43 44 45 46 47 48 49 50 51 52 53 54 55 56 57 58 59 60 61 62 63 64 65 66 67 68 69 70 71 72 73 74 75 76 77 78 79 80 81 82 83 84 85 86 87 88 89 90 91 92 93 94 95 96 97 98 99 100 101 102 103 104 105 106 107 108 109 110 111 112 113 114 115 116 117 118 119 120 121 122 123 124 125 126 127,34955.0,False
base,active,116555.0,122176.0,122448.0,0 1 2 3 4 5 6 7 8 9 10 11 12 13 14 15 16 17 18 19 20 21 22 23 24 25 26 27 28 29 30 31 32 33 34 35 36 37 38 39 40 41 42 43 44 45 46 47 48 49 50 51 52 53 54 55 56 57 58 59 60 61 62 63,34957.0,False
base,active,116876.0,122176.0,122567.0,64 65 66 67 68 69 70 71 72 73 74 75 76 77 78 79 80 81 82 83 84 85 86 87 88 89 90 91 92 93 94 95 96 97 98 99 100 101 102 103 104 105 106 107 108 109 110 111 112 113 114 115 116 117 118 119 120 121 122 123 124 125 126 127,34959.0,False
base,active,117269.0,122448.0,122456.0,0,34961.0,False
base,active,118066.0,122448.0,122464.0,63,34970.0,False
base,active,117663.0,122448.0,122467.0,33,34966.0,False
base,active,,122448.0,122467.0,34 35 36 37 38 39 40 41 42 43 44 45 46 47 48 49 50 51 52 53 54 55 56 57 58 59 60 61 62,-1.0,
base,active,117474.0,122448.0,122537.0,1 2 3 4 5 6 7 8 9 10 11 12 13 14 15 16 17 18 19 20 21 22 23 24 25 26 27 28 29 30 31 32,34962.0,False
base,active,,122456.0,122467.0,0,-1.0,
base,active,,122464.0,122467.0,63,-1.0,
base,active,117950.0,122467.0,122471.0,0 33 34 35 36 37 38 39 40 41 42 43 44 45 46 47 48 49 50 51 52 53 54 55 56 57 58 59 60 61 62 63,34969.0,False
base,active,118127.0,122471.0,122985.0,0 33 34 35 36 37 38 39 40 41 42 43 44 45 46 47 48 49 50 51 52 53 54 55 56 57 58 59 60 61 62 63,34971.0,False
base,active,,122537.0,122567.0,1 2 3 4 5 6 7 8 9 10 11 12 13 14 15 16 17 18 19 20 21 22 23 24 25 26 27 28 29 30 31 32,-1.0,
base,active,119151.0,122567.0,122960.0,96 97 98 99 100 101 102 103 104 105 106 107 108 109 110 111 112 113 114 115 116 117 118 119 120 121 122 123 124 125 126 127,34979.0,False
base,active,118130.0,122567.0,131763.0,1 2 3 4 5 6 7 8 9 10 11 12 13 14 15 16 17 18 19 20 21 22 23 24 25 26 27 28 29 30 31 32 64 65 66 67 68 69 70 71 72 73 74 75 76 77 78 79 80 81 82 83 84 85 86 87 88 89 90 91 92 93 94 95,34972.0,False
base,active,,122960.0,123860.0,96 97 98 99 100 101 102 103 104 105 106 107 108 109 110 111 112 113 114 115 116 117 118 119 120 121 122 123 124 125 126 127,-1.0,
base,active,,122985.0,123885.0,0 33 34 35 36 37 38 39 40 41 42 43 44 45 46 47 48 49 50 51 52 53 54 55 56 57 58 59 60 61 62 63,-1.0,
base,switching_off,,123860.0,125660.0,96 97 98 99 100 101 102 103 104 105 106 107 108 109 110 111 112 113 114 115 116 117 118 119 120 121 122 123 124 125 126 127,-2.0,
base,switching_off,,123885.0,125685.0,0 33 34 35 36 37 38 39 40 41 42 43 44 45 46 47 48 49 50 51 52 53 54 55 56 57 58 59 60 61 62 63,-2.0,
base,sleeping,,125660.0,134463.0,96 97 98 99 100 101 102 103 104 105 106 107 108 109 110 111 112 113 114 115 116 117 118 119 120 121 122 123 124 125 126 127,-4.0,
base,sleeping,,125685.0,126975.0,0,-4.0,
base,sleeping,,125685.0,127058.0,33 34 35 36 37 38 39 40,-4.0,
base,sleeping,,125685.0,134463.0,41 42 43 44 45 46 47 48 49 50 51 52 53 54 55 56 57 58 59 60 61 62 63,-4.0,
base,switching_on,,126975.0,129675.0,0,-3.0,
base,switching_on,,127058.0,129758.0,33 34 35 36 37 38 39 40,-3.0,
base,active,126975.0,129675.0,129725.0,0,35017.0,False
base,active,,129725.0,130625.0,0,-1.0,
base,active,127058.0,129758.0,130032.0,33 34 35 36 37 38 39 40,35018.0,False
base,active,,130032.0,130932.0,33 34 35 36 37 38 39 40,-1.0,
base,switching_off,,130625.0,132425.0,0,-2.0,
base,switching_off,,130932.0,132732.0,33 34 35 36 37 38 39 40,-2.0,
base,active,,131763.0,132663.0,1 2 3 4 5 6 7 8 9 10 11 12 13 14 15 16 17 18 19 20 21 22 23 24 25 26 27 28 29 30 31 32 64 65 66 67 68 69 70 71 72 73 74 75 76 77 78 79 80 81 82 83 84 85 86 87 88 89 90 91 92 93 94 95,-1.0,
base,sleeping,,132425.0,134463.0,0,-4.0,
base,switching_off,,132663.0,134463.0,1 2 3 4 5 6 7 8 9 10 11 12 13 14 15 16 17 18 19 20 21 22 23 24 25 26 27 28 29 30 31 32 64 65 66 67 68 69 70 71 72 73 74 75 76 77 78 79 80 81 82 83 84 85 86 87 88 89 90 91 92 93 94 95,-2.0,
base,sleeping,,132732.0,134463.0,33 34 35 36 37 38 39 40,-4.0,
base,switching_on,,134463.0,137163.0,0 1 2 3 4 5 6 7 8 9 10 11 12 13 14 15 16 17 18 19 20 21 22 23 24 25 26 27 28 29 30 31 32 33 34 35 36 37 38 39 40 41 42 43 44 45 46 47 48 49 50 51 52 53 54 55 56 57 58 59 60 61 62 63 64 65 66 67 68 69 70 71 72 73 74 75 76 77 78 79 80 81 82 83 84 85 86 87 88 89 90 91 92 93 94 95 96 97 98 99 100 101 102 103 104 105 106 107 108 109 110 111 112 113 114 115 116 117 118 119 120 121 122 123 124 125 126 127,-3.0,
base,active,127339.0,137163.0,148093.0,0 1 2 3 4 5 6 7 8 9 10 11 12 13 14 15 16 17 18 19 20 21 22 23 24 25 26 27 28 29 30 31 32 33 34 35 36 37 38 39 40 41 42 43 44 45 46 47 48 49 50 51 52 53 54 55 56 57 58 59 60 61 62 63 64 65 66 67 68 69 70 71 72 73 74 75 76 77 78 79 80 81 82 83 84 85 86 87 88 89 90 91 92 93 94 95 96 97 98 99 100 101 102 103 104 105 106 107 108 109 110 111 112 113 114 115 116 117 118 119 120 121 122 123 124 125 126 127,35019.0,False
base,active,,148093.0,148993.0,64 65 66 67 68 69 70 71 72 73 74 75 76 77 78 79 80 81 82 83 84 85 86 87 88 89 90 91 92 93 94 95 96 97 98 99 100 101 102 103 104 105 106 107 108 109 110 111 112 113 114 115 116 117 118 119 120 121 122 123 124 125 126 127,-1.0,
base,active,138273.0,148093.0,159017.0,0 1 2 3 4 5 6 7 8 9 10 11 12 13 14 15 16 17 18 19 20 21 22 23 24 25 26 27 28 29 30 31 32 33 34 35 36 37 38 39 40 41 42 43 44 45 46 47 48 49 50 51 52 53 54 55 56 57 58 59 60 61 62 63,35020.0,False
base,switching_off,,148993.0,150793.0,64 65 66 67 68 69 70 71 72 73 74 75 76 77 78 79 80 81 82 83 84 85 86 87 88 89 90 91 92 93 94 95 96 97 98 99 100 101 102 103 104 105 106 107 108 109 110 111 112 113 114 115 116 117 118 119 120 121 122 123 124 125 126 127,-2.0,
base,sleeping,,150793.0,150853.0,64 65 66 67 68 69 70 71 72 73 74 75 76 77 78 79,-4.0,
base,sleeping,,150793.0,151501.0,80 81 82 83 84 85 86 87 88 89 90 91 92 93 94 95,-4.0,
base,sleeping,,150793.0,152781.0,96 97 98 99 100 101 102 103 104 105 106 107 108 109 110 111,-4.0,
base,sleeping,,150793.0,153105.0,112 113 114 115 116 117 118 119 120 121 122 123 124 125 126 127,-4.0,
base,switching_on,,150853.0,153553.0,64 65 66 67 68 69 70 71 72 73 74 75 76 77 78 79,-3.0,
base,switching_on,,151501.0,154201.0,80 81 82 83 84 85 86 87 88 89 90 91 92 93 94 95,-3.0,
base,switching_on,,152781.0,155481.0,96 97 98 99 100 101 102 103 104 105 106 107 108 109 110 111,-3.0,
base,switching_on,,153105.0,155805.0,112 113 114 115 116 117 118 119 120 121 122 123 124 125 126 127,-3.0,
base,active,150853.0,153553.0,153739.0,64 65 66 67 68 69 70 71 72 73 74 75 76 77 78 79,35068.0,False
base,active,153425.0,153739.0,153864.0,64 65 66 67 68 69 70 71 72 73 74 75 76 77 78 79,35072.0,False
base,active,,153864.0,154165.0,64 65 66 67 68 69 70 71 72 73 74 75 76 77 78 79,-1.0,
base,active,154165.0,154165.0,154371.0,64 65 66 67 68 69 70 71 72 73 74 75 76 77 78 79,35073.0,False
base,active,151501.0,154201.0,154268.0,80 81 82 83 84 85 86 87 88 89 90 91 92 93 94 95,35069.0,False
base,active,,154268.0,154608.0,80 81 82 83 84 85 86 87 88 89 90 91 92 93 94 95,-1.0,
base,active,,154371.0,155047.0,64 65 66 67 68 69 70 71 72 73 74 75 76 77 78 79,-1.0,
base,active,154608.0,154608.0,154781.0,80 81 82 83 84 85 86 87 88 89 90 91 92 93 94 95,35074.0,False
base,active,,154781.0,155047.0,80 81 82 83 84 85 86 87 88 89 90 91 92 93 94 95,-1.0,
base,active,155047.0,155047.0,155443.0,64 65 66 67 68 69 70 71 72 73 74 75 76 77 78 79 80 81 82 83 84 85 86 87 88 89 90 91 92 93 94 95,35075.0,False
base,active,,155443.0,156343.0,64 65 66 67 68 69 70 71 72 73 74 75 76 77 78 79 80 81 82 83 84 85 86 87 88 89 90 91 92 93 94 95,-1.0,
base,active,152781.0,155481.0,155678.0,96 97 98 99 100 101 102 103 104 105 106 107 108 109 110 111,35070.0,False
base,active,,155678.0,156578.0,96 97 98 99 100 101 102 103 104 105 106 107 108 109 110 111,-1.0,
base,active,153105.0,155805.0,156027.0,112 113 114 115 116 117 118 119 120 121 122 123 124 125 126 127,35071.0,False
base,active,,156027.0,156927.0,112 113 114 115 116 117 118 119 120 121 122 123 124 125 126 127,-1.0,
base,switching_off,,156343.0,158143.0,64 65 66 67 68 69 70 71 72 73 74 75 76 77 78 79 80 81 82 83 84 85 86 87 88 89 90 91 92 93 94 95,-2.0,
base,switching_off,,156578.0,158378.0,96 97 98 99 100 101 102 103 104 105 106 107 108 109 110 111,-2.0,
base,switching_off,,156927.0,158727.0,112 113 114 115 116 117 118 119 120 121 122 123 124 125 126 127,-2.0,
base,switching_on,,158143.0,160843.0,64 65 66 67 68 69 70 71 72 73 74 75 76 77 78 79 80 81 82 83 84 85 86 87 88 89 90 91 92 93 94 95,-3.0,
base,sleeping,,158378.0,162773.0,96 97 98 99 100 101 102 103 104 105 106 107 108 109 110 111,-4.0,
base,sleeping,,158727.0,162773.0,112 113 114 115 116 117 118 119 120 121 122 123 124 125 126 127,-4.0,
base,active,158950.0,159017.0,163995.0,0 1 2 3 4 5 6 7 8 9 10 11 12 13 14 15 16 17 18 19 20 21 22 23 24 25 26 27 28 29 30 31 32 33 34 35 36 37 38 39 40 41 42 43 44 45 46 47 48 49 50 51 52 53 54 55 56 57 58 59 60 61 62 63,35077.0,False
base,active,157831.0,160843.0,161263.0,64 65 66 67 68 69 70 71 72 73 74 75 76 77 78 79 80 81 82 83 84 85 86 87 88 89 90 91 92 93 94 95,35076.0,False
base,active,,161263.0,161478.0,64 65 66 67 68 69 70 71 72 73 74 75 76 77 78 79 80 81 82 83 84 85 86 87 88 89 90 91 92 93 94 95,-1.0,
base,active,161478.0,161478.0,161575.0,64 65 66 67 68 69 70 71 72 73 74 75 76 77 78 79 80 81 82 83 84 85 86 87 88 89 90 91 92 93 94 95,35088.0,False
base,active,,161575.0,161850.0,64 65 66 67 68 69 70 71 72 73 74 75 76 77 78 79,-1.0,
base,active,,161575.0,162011.0,80 81 82 83 84 85 86 87 88 89 90 91 92 93 94 95,-1.0,
base,active,161850.0,161850.0,161927.0,64 65 66 67 68 69 70 71 72 73 74 75 76 77 78 79,35089.0,False
base,active,,161927.0,162089.0,64,-1.0,
base,active,,161927.0,162665.0,65 66 67 68 69 70 71 72 73 74 75 76 77 78 79,-1.0,
base,active,162011.0,162011.0,162482.0,80 81 82 83 84 85 86 87 88 89 90 91 92 93 94 95,35091.0,False
base,active,162089.0,162089.0,162107.0,64,35092.0,False
base,active,,162107.0,162665.0,64,-1.0,
base,active,,162482.0,163265.0,80 81 82 83 84 85 86 87 88 89 90 91 92 93 94 95,-1.0,
base,active,162665.0,162665.0,163118.0,64 65 66 67 68 69 70 71 72 73 74 75 76 77 78 79,35098.0,False
base,switching_on,,162773.0,165473.0,96 97 98 99 100 101 102 103 104 105 106 107 108 109 110 111 112 113 114 115 116 117 118 119 120 121 122 123 124 125 126 127,-3.0,
base,active,,163118.0,163448.0,64,-1.0,
base,active,,163118.0,163648.0,65 66 67 68 69 70 71 72 73 74 75 76 77 78 79,-1.0,
base,active,163265.0,163265.0,163503.0,80 81 82 83 84 85 86 87 88 89 90 91 92 93 94 95,35101.0,False
base,active,163448.0,163448.0,163469.0,64,35103.0,False
base,active,,163469.0,163648.0,64,-1.0,
base,active,,163503.0,163648.0,80 81 82 83 84 85 86 87 88 89 90 91 92 93 94 95,-1.0,
base,active,163648.0,163648.0,164002.0,64 65 66 67 68 69 70 71 72 73 74 75 76 77 78 79 80 81 82 83 84 85 86 87 88 89 90 91 92 93 94 95,35104.0,False
base,active,163980.0,163995.0,164003.0,1,35111.0,False
base,active,163931.0,163995.0,164008.0,0,35110.0,False
base,active,,163995.0,164169.0,2 3 4 5 6 7 8 9 10 11 12 13 14 15 16 17 18 19 20 21 22 23 24 25 26 27 28 29 30 31 32 33,-1.0,
base,active,,163995.0,164460.0,34 35 36 37 38 39 40 41 42 43 44 45 46 47 48 49 50 51 52 53 54 55 56 57 58 59 60 61 62 63,-1.0,
base,active,,164002.0,164460.0,64 65 66 67 68 69 70 71 72 73 74 75 76 77 78 79 80 81 82 83 84 85 86 87 88 89 90 91 92 93 94 95,-1.0,
base,active,,164003.0,164460.0,1,-1.0,
base,active,,164008.0,164460.0,0,-1.0,
base,active,164169.0,164169.0,164562.0,2 3 4 5 6 7 8 9 10 11 12 13 14 15 16 17 18 19 20 21 22 23 24 25 26 27 28 29 30 31 32 33,35112.0,False
base,active,164460.0,164460.0,164746.0,0 1 34 35 36 37 38 39 40 41 42 43 44 45 46 47 48 49 50 51 52 53 54 55 56 57 58 59 60 61 62 63 64 65 66 67 68 69 70 71 72 73 74 75 76 77 78 79 80 81 82 83 84 85 86 87 88 89 90 91 92 93 94 95,35114.0,False
base,active,,164562.0,164743.0,2,-1.0,
base,active,,164562.0,164750.0,3,-1.0,
base,active,,164562.0,164903.0,4 5 6 7 8 9 10 11 12 13 14 15 16 17 18 19 20 21 22 23 24 25 26 27 28 29 30 31 32 33,-1.0,
base,active,164743.0,164743.0,164758.0,2,35115.0,False
base,active,,164746.0,164903.0,0 1 34 35 36 37 38 39 40 41 42 43 44 45 46 47 48 49 50 51 52 53 54 55 56 57 58 59 60 61 62 63 64 65,-1.0,
base,active,,164746.0,165180.0,66,-1.0,
base,active,,164746.0,165208.0,67,-1.0,
base,active,,164746.0,165226.0,68,-1.0,
base,active,,164746.0,165285.0,69 70 71 72 73 74 75 76 77 78 79 80 81 82 83 84 85 86 87 88 89 90 91 92 93 94 95,-1.0,
base,active,164750.0,164750.0,164773.0,3,35116.0,False
base,active,,164758.0,165285.0,2,-1.0,
base,active,,164773.0,165285.0,3,-1.0,
base,active,164903.0,164903.0,165178.0,0 1 4 5 6 7 8 9 10 11 12 13 14 15 16 17 18 19 20 21 22 23 24 25 26 27 28 29 30 31 32 33 34 35 36 37 38 39 40 41 42 43 44 45 46 47 48 49 50 51 52 53 54 55 56 57 58 59 60 61 62 63 64 65,35118.0,False
base,active,,165178.0,165285.0,0 1 4 5 6 7 8 9 10 11 12 13 14 15 16 17 18 19 20 21 22 23 24 25 26 27 28 29 30 31 32 33 34 35 36,-1.0,
base,active,,165178.0,166078.0,37 38 39 40 41 42 43 44 45 46 47 48 49 50 51 52 53 54 55 56 57 58 59 60 61 62 63 64 65,-1.0,
base,active,165180.0,165180.0,165200.0,66,35121.0,False
base,active,,165200.0,166100.0,66,-1.0,
base,active,165208.0,165208.0,165220.0,67,35122.0,False
base,active,,165220.0,166120.0,67,-1.0,
base,active,165226.0,165226.0,165243.0,68,35123.0,False
base,active,,165243.0,166143.0,68,-1.0,
base,active,165285.0,165285.0,165492.0,0 1 2 3 4 5 6 7 8 9 10 11 12 13 14 15 16 17 18 19 20 21 22 23 24 25 26 27 28 29 30 31 32 33 34 35 36 69 70 71 72 73 74 75 76 77 78 79 80 81 82 83 84 85 86 87 88 89 90 91 92 93 94 95,35125.0,False
base,active,162773.0,165473.0,165692.0,96 97 98 99 100 101 102 103 104 105 106 107 108 109 110 111 112 113 114 115 116 117 118 119 120 121 122 123 124 125 126 127,35099.0,False
base,active,,165492.0,166392.0,0 1 2 3 4 5 6 7 8 9 10 11 12 13 14 15 16 17 18 19 20 21 22 23 24 25 26 27 28 29 30 31 32 33 34 35 36 69 70 71 72 73 74 75 76 77 78 79 80 81 82 83 84 85 86 87 88 89 90 91 92 93 94 95,-1.0,
base,active,,165692.0,166592.0,96 97 98 99 100 101 102 103 104 105 106 107 108 109 110 111 112 113 114 115 116 117 118 119 120 121 122 123 124 125 126 127,-1.0,
base,switching_off,,166078.0,167878.0,37 38 39 40 41 42 43 44 45 46 47 48 49 50 51 52 53 54 55 56 57 58 59 60 61 62 63 64 65,-2.0,
base,switching_off,,166100.0,167900.0,66,-2.0,
base,switching_off,,166120.0,167920.0,67,-2.0,
base,switching_off,,166143.0,167943.0,68,-2.0,
base,switching_off,,166392.0,168192.0,0 1 2 3 4 5 6 7 8 9 10 11 12 13 14 15 16 17 18 19 20 21 22 23 24 25 26 27 28 29 30 31 32 33 34 35 36 69 70 71 72 73 74 75 76 77 78 79 80 81 82 83 84 85 86 87 88 89 90 91 92 93 94 95,-2.0,
base,switching_off,,166592.0,168392.0,96 97 98 99 100 101 102 103 104 105 106 107 108 109 110 111 112 113 114 115 116 117 118 119 120 121 122 123 124 125 126 127,-2.0,
base,sleeping,,167878.0,168192.0,37 38 39 40 41 42 43 44 45 46 47 48 49 50 51 52 53 54 55 56 57 58 59 60 61 62 63,-4.0,
base,sleeping,,167878.0,168392.0,64 65,-4.0,
base,sleeping,,167900.0,168392.0,66,-4.0,
base,sleeping,,167920.0,168392.0,67,-4.0,
base,sleeping,,167943.0,168392.0,68,-4.0,
base,sleeping,,168192.0,168392.0,69 70 71 72 73 74 75 76 77 78 79 80 81 82 83 84 85 86 87 88 89 90 91 92 93 94 95,-4.0,
base,switching_on,,168192.0,170892.0,0 1 2 3 4 5 6 7 8 9 10 11 12 13 14 15 16 17 18 19 20 21 22 23 24 25 26 27 28 29 30 31 32 33 34 35 36 37 38 39 40 41 42 43 44 45 46 47 48 49 50 51 52 53 54 55 56 57 58 59 60 61 62 63,-3.0,
base,switching_on,,168392.0,171092.0,64 65 66 67 68 69 70 71 72 73 74 75 76 77 78 79 80 81 82 83 84 85 86 87 88 89 90 91 92 93 94 95 96 97 98 99 100 101 102 103 104 105 106 107 108 109 110 111 112 113 114 115 116 117 118 119 120 121 122 123 124 125 126 127,-3.0,
base,active,167845.0,170892.0,171101.0,0 1 2 3 4 5 6 7 8 9 10 11 12 13 14 15 16 17 18 19 20 21 22 23 24 25 26 27 28 29 30 31 32 33 34 35 36 37 38 39 40 41 42 43 44 45 46 47 48 49 50 51 52 53 54 55 56 57 58 59 60 61 62 63,35137.0,False
base,active,168077.0,171092.0,171390.0,64 65 66 67 68 69 70 71 72 73 74 75 76 77 78 79 80 81 82 83 84 85 86 87 88 89 90 91 92 93 94 95 96 97 98 99 100 101 102 103 104 105 106 107 108 109 110 111 112 113 114 115 116 117 118 119 120 121 122 123 124 125 126 127,35140.0,False
base,active,169941.0,171101.0,171112.0,63,35157.0,False
base,active,168372.0,171101.0,171113.0,0,35144.0,False
base,active,168377.0,171101.0,171116.0,1,35145.0,False
base,active,,171101.0,171116.0,2 3 4 5 6 7 8 9 10 11 12 13 14 15 16 17 18 19 20 21 22 23 24 25 26 27 28 29 30 31 32 33 34 35 36 37 38 39 40 41 42 43 44 45 46 47 48 49 50 51 52 53 54 55 56 57 58 59 60 61 62,-1.0,
base,active,,171112.0,171116.0,63,-1.0,
base,active,,171113.0,171116.0,0,-1.0,
base,active,168432.0,171116.0,171403.0,0 1 2 3 4 5 6 7 8 9 10 11 12 13 14 15 16 17 18 19 20 21 22 23 24 25 26 27 28 29 30 31 32 33 34 35 36 37 38 39 40 41 42 43 44 45 46 47 48 49 50 51 52 53 54 55 56 57 58 59 60 61 62 63,35146.0,False
base,active,168856.0,171390.0,171935.0,64 65 66 67 68 69 70 71 72 73 74 75 76 77 78 79 80 81 82 83 84 85 86 87 88 89 90 91 92 93 94 95 96 97 98 99 100 101 102 103 104 105 106 107 108 109 110 111 112 113 114 115 116 117 118 119 120 121 122 123 124 125 126 127,35148.0,False
base,active,169536.0,171403.0,171811.0,0 1 2 3 4 5 6 7 8 9 10 11 12 13 14 15 16 17 18 19 20 21 22 23 24 25 26 27 28 29 30 31 32 33 34 35 36 37 38 39 40 41 42 43 44 45 46 47 48 49 50 51 52 53 54 55 56 57 58 59 60 61 62 63,35153.0,False
base,active,169945.0,171811.0,171833.0,32,35158.0,False
base,active,,171811.0,171833.0,33 34 35 36 37 38 39 40 41 42 43 44 45 46 47 48 49 50 51 52 53 54 55 56 57 58 59 60 61 62 63,-1.0,
base,active,169884.0,171811.0,172045.0,0 1 2 3 4 5 6 7 8 9 10 11 12 13 14 15 16 17 18 19 20 21 22 23 24 25 26 27 28 29 30 31,35156.0,False
base,active,170207.0,171833.0,172308.0,32 33 34 35 36 37 38 39 40 41 42 43 44 45 46 47 48 49 50 51 52 53 54 55 56 57 58 59 60 61 62 63,35161.0,False
base,active,170027.0,171935.0,172093.0,64 65 66 67 68 69 70 71 72 73 74 75 76 77 78 79 80 81 82 83 84 85 86 87 88 89 90 91 92 93 94 95 96 97 98 99 100 101 102 103 104 105 106 107 108 109 110 111 112 113 114 115 116 117 118 119 120 121 122 123 124 125 126 127,35159.0,False
base,active,170978.0,172045.0,172450.0,0 1 2 3 4 5 6 7 8 9 10 11 12 13 14 15 16 17 18 19 20 21 22 23 24 25 26 27 28 29 30 31,35166.0,False
base,active,170355.0,172093.0,172416.0,64 65 66 67 68 69 70 71 72 73 74 75 76 77 78 79 80 81 82 83 84 85 86 87 88 89 90 91 92 93 94 95 96 97 98 99 100 101 102 103 104 105 106 107 108 109 110 111 112 113 114 115 116 117 118 119 120 121 122 123 124 125 126 127,35162.0,False
base,active,171852.0,172308.0,172331.0,32,35173.0,False
base,active,,172308.0,172331.0,33 34 35 36 37 38 39 40 41 42 43 44 45 46 47 48 49 50 51 52 53 54 55 56 57 58 59 60 61 62 63,-1.0,
base,active,171862.0,172331.0,172454.0,32 33 34 35 36 37 38 39 40 41 42 43 44 45 46 47 48 49 50 51 52 53 54 55 56 57 58 59 60 61 62 63,35174.0,False
base,active,170933.0,172416.0,172876.0,64 65 66 67 68 69 70 71 72 73 74 75 76 77 78 79 80 81 82 83 84 85 86 87 88 89 90 91 92 93 94 95 96 97 98 99 100 101 102 103 104 105 106 107 108 109 110 111 112 113 114 115 116 117 118 119 120 121 122 123 124 125 126 127,35164.0,False
base,active,,172450.0,172454.0,0 1 2 3 4 5 6 7 8 9 10 11 12 13 14 15 16 17 18 19 20 21 22 23 24 25 26 27 28 29 30 31,-1.0,
base,active,171592.0,172454.0,172712.0,0 1 2 3 4 5 6 7 8 9 10 11 12 13 14 15 16 17 18 19 20 21 22 23 24 25 26 27 28 29 30 31 32 33 34 35 36 37 38 39 40 41 42 43 44 45 46 47 48 49 50 51 52 53 54 55 56 57 58 59 60 61 62 63,35171.0,False
base,active,,172712.0,173612.0,0 1 2 3 4 5 6 7 8 9 10 11 12 13 14 15 16 17 18 19 20 21 22 23 24 25 26 27 28 29 30 31 32 33 34 35 36 37 38 39 40 41 42 43 44 45 46 47 48 49 50 51 52 53 54 55 56 57 58 59 60 61 62 63,-1.0,
base,active,,172876.0,173776.0,64 65 66 67 68 69 70 71 72 73 74 75 76 77 78 79 80 81 82 83 84 85 86 87 88 89 90 91 92 93 94 95 96 97 98 99 100 101 102 103 104 105 106 107 108 109 110 111 112 113 114 115 116 117 118 119 120 121 122 123 124 125 126 127,-1.0,
base,switching_off,,173612.0,175412.0,0 1 2 3 4 5 6 7 8 9 10 11 12 13 14 15 16 17 18 19 20 21 22 23 24 25 26 27 28 29 30 31 32 33 34 35 36 37 38 39 40 41 42 43 44 45 46 47 48 49 50 51 52 53 54 55 56 57 58 59 60 61 62 63,-2.0,
base,switching_off,,173776.0,175576.0,64 65 66 67 68 69 70 71 72 73 74 75 76 77 78 79 80 81 82 83 84 85 86 87 88 89 90 91 92 93 94 95 96 97 98 99 100 101 102 103 104 105 106 107 108 109 110 111 112 113 114 115 116 117 118 119 120 121 122 123 124 125 126 127,-2.0,
base,sleeping,,175412.0,179095.0,0 1 2 3 4 5 6 7 8 9 10 11 12 13 14 15 16 17 18 19 20 21 22 23 24 25 26 27 28 29 30 31,-4.0,
base,sleeping,,175412.0,179420.0,32 33 34 35 36 37 38 39 40 41 42 43 44 45 46 47 48 49 50 51 52 53 54 55 56 57 58 59 60 61 62 63,-4.0,
base,sleeping,,175576.0,179420.0,64 65 66 67 68 69 70 71 72 73 74 75 76 77 78 79 80 81 82 83 84 85 86 87 88 89 90 91 92 93 94 95,-4.0,
base,sleeping,,175576.0,182010.0,96 97 98 99 100 101 102 103 104 105 106 107 108 109 110 111 112 113 114 115 116 117 118 119 120 121 122 123 124 125 126 127,-4.0,
base,switching_on,,179095.0,181795.0,0 1 2 3 4 5 6 7 8 9 10 11 12 13 14 15 16 17 18 19 20 21 22 23 24 25 26 27 28 29 30 31,-3.0,
base,switching_on,,179420.0,182120.0,32 33 34 35 36 37 38 39 40 41 42 43 44 45 46 47 48 49 50 51 52 53 54 55 56 57 58 59 60 61 62 63 64 65 66 67 68 69 70 71 72 73 74 75 76 77 78 79 80 81 82 83 84 85 86 87 88 89 90 91 92 93 94 95,-3.0,
base,active,179095.0,181795.0,182010.0,0 1 2 3 4 5 6 7 8 9 10 11 12 13 14 15 16 17 18 19 20 21 22 23 24 25 26 27 28 29 30 31,35177.0,False
base,active,,182010.0,184710.0,0 1 2 3 4 5 6 7 8 9 10 11 12 13 14 15 16 17 18 19 20 21 22 23 24 25 26 27 28 29 30 31,-1.0,
base,switching_on,,182010.0,184710.0,96 97 98 99 100 101 102 103 104 105 106 107 108 109 110 111 112 113 114 115 116 117 118 119 120 121 122 123 124 125 126 127,-3.0,
base,active,179420.0,182120.0,182430.0,32 33 34 35 36 37 38 39 40 41 42 43 44 45 46 47 48 49 50 51 52 53 54 55 56 57 58 59 60 61 62 63 64 65 66 67 68 69 70 71 72 73 74 75 76 77 78 79 80 81 82 83 84 85 86 87 88 89 90 91 92 93 94 95,35178.0,False
base,active,180315.0,182430.0,182810.0,32 33 34 35 36 37 38 39 40 41 42 43 44 45 46 47 48 49 50 51 52 53 54 55 56 57 58 59 60 61 62 63 64 65 66 67 68 69 70 71 72 73 74 75 76 77 78 79 80 81 82 83 84 85 86 87 88 89 90 91 92 93 94 95,35184.0,False
base,active,180709.0,182810.0,182822.0,33,35186.0,False
base,active,180697.0,182810.0,182833.0,32,35185.0,False
base,active,,182810.0,182833.0,34 35 36 37 38 39 40 41 42 43 44 45 46 47 48 49 50 51 52 53 54 55 56 57 58 59 60 61 62 63 64 65 66 67 68 69 70 71 72 73 74 75 76 77 78 79 80 81 82 83 84 85 86 87 88 89 90 91 92 93 94 95,-1.0,
base,active,,182822.0,182833.0,33,-1.0,
base,active,180766.0,182833.0,183112.0,32 33 34 35 36 37 38 39 40 41 42 43 44 45 46 47 48 49 50 51 52 53 54 55 56 57 58 59 60 61 62 63 64 65 66 67 68 69 70 71 72 73 74 75 76 77 78 79 80 81 82 83 84 85 86 87 88 89 90 91 92 93 94 95,35187.0,False
base,active,181987.0,183112.0,183493.0,32 33 34 35 36 37 38 39 40 41 42 43 44 45 46 47 48 49 50 51 52 53 54 55 56 57 58 59 60 61 62 63 64 65 66 67 68 69 70 71 72 73 74 75 76 77 78 79 80 81 82 83 84 85 86 87 88 89 90 91 92 93 94 95,35192.0,False
base,active,182369.0,183493.0,183508.0,32,35193.0,False
base,active,182517.0,183493.0,183593.0,33,35194.0,False
base,active,,183493.0,183593.0,34 35 36 37 38 39 40 41 42 43 44 45 46 47 48 49 50 51 52 53 54 55 56 57 58 59 60 61 62 63 64 65 66 67 68 69 70 71 72 73 74 75 76 77 78 79 80 81 82 83 84 85 86 87 88 89 90 91 92 93 94 95,-1.0,
base,active,,183508.0,183593.0,32,-1.0,
base,active,182573.0,183593.0,183887.0,32 33 34 35 36 37 38 39 40 41 42 43 44 45 46 47 48 49 50 51 52 53 54 55 56 57 58 59 60 61 62 63 64 65 66 67 68 69 70 71 72 73 74 75 76 77 78 79 80 81 82 83 84 85 86 87 88 89 90 91 92 93 94 95,35195.0,False
base,active,183135.0,183887.0,183895.0,34,35202.0,False
base,active,182869.0,183887.0,183911.0,33,35200.0,False
base,active,182732.0,183887.0,184031.0,32,35197.0,False
base,active,,183887.0,184031.0,35 36 37 38 39 40 41 42 43 44 45 46 47 48 49 50 51 52 53 54 55 56 57 58 59 60 61 62 63 64 65 66 67 68 69 70 71 72 73 74 75 76 77 78 79 80 81 82 83 84 85 86 87 88 89 90 91 92 93 94 95,-1.0,
base,active,,183895.0,184031.0,34,-1.0,
base,active,,183911.0,184031.0,33,-1.0,
base,active,183212.0,184031.0,199014.0,32 33 34 35 36 37 38 39 40 41 42 43 44 45 46 47 48 49 50 51 52 53 54 55 56 57 58 59 60 61 62 63 64 65 66 67 68 69 70 71 72 73 74 75 76 77 78 79 80 81 82 83 84 85 86 87 88 89 90 91 92 93 94 95,35203.0,False
base,active,179794.0,184710.0,185004.0,0 1 2 3 4 5 6 7 8 9 10 11 12 13 14 15 16 17 18 19 20 21 22 23 24 25 26 27 28 29 30 31 96 97 98 99 100 101 102 103 104 105 106 107 108 109 110 111 112 113 114 115 116 117 118 119 120 121 122 123 124 125 126 127,35179.0,False
base,active,184034.0,185004.0,185090.0,0 1 2 3 4 5 6 7 8 9 10 11 12 13 14 15 16 17 18 19 20 21 22 23 24 25 26 27 28 29 30 31,35205.0,False
base,active,184151.0,185004.0,185951.0,96 97 98 99 100 101 102 103 104 105 106 107 108 109 110 111 112 113 114 115 116 117 118 119 120 121 122 123 124 125 126 127,35208.0,False
base,active,,185090.0,185990.0,0 1 2 3 4 5 6 7 8 9 10 11 12 13 14 15 16 17 18 19 20 21 22 23 24 25 26 27 28 29 30 31,-1.0,
base,active,,185951.0,186851.0,96 97 98 99 100 101 102 103 104 105 106 107 108 109 110 111 112 113 114 115 116 117 118 119 120 121 122 123 124 125 126 127,-1.0,
base,switching_off,,185990.0,187790.0,0 1 2 3 4 5 6 7 8 9 10 11 12 13 14 15 16 17 18 19 20 21 22 23 24 25 26 27 28 29 30 31,-2.0,
base,switching_off,,186851.0,188651.0,96 97 98 99 100 101 102 103 104 105 106 107 108 109 110 111 112 113 114 115 116 117 118 119 120 121 122 123 124 125 126 127,-2.0,
base,switching_on,,187790.0,190490.0,0 1,-3.0,
base,sleeping,,187790.0,194565.0,2 3 4 5 6 7 8 9 10 11 12 13 14 15 16 17 18 19 20 21 22 23 24 25 26 27 28 29 30 31,-4.0,
base,sleeping,,188651.0,197686.0,96 97 98 99 100 101 102 103 104 105 106 107 108 109 110 111 112 113 114 115 116 117 118 119 120 121 122 123 124 125 126 127,-4.0,
base,active,187348.0,190490.0,190589.0,1,35219.0,False
base,active,187067.0,190490.0,190614.0,0,35218.0,False
base,active,,190589.0,191489.0,1,-1.0,
base,active,,190614.0,191514.0,0,-1.0,
base,switching_off,,191489.0,193289.0,1,-2.0,
base,switching_off,,191514.0,193314.0,0,-2.0,
base,sleeping,,193289.0,194565.0,1,-4.0,
base,sleeping,,193314.0,194565.0,0,-4.0,
base,switching_on,,194565.0,197265.0,0 1 2 3 4 5 6 7 8 9 10 11 12 13 14 15 16 17 18 19 20 21 22 23 24 25 26 27 28 29 30 31,-3.0,
base,active,194565.0,197265.0,197686.0,0 1 2 3 4 5 6 7 8 9 10 11 12 13 14 15 16 17 18 19 20 21 22 23 24 25 26 27 28 29 30 31,35224.0,False
base,active,,197686.0,200386.0,0 1 2 3 4 5 6 7 8 9 10 11 12 13 14 15 16 17 18 19 20 21 22 23 24 25 26 27 28 29 30 31,-1.0,
base,switching_on,,197686.0,200386.0,96 97 98 99 100 101 102 103 104 105 106 107 108 109 110 111 112 113 114 115 116 117 118 119 120 121 122 123 124 125 126 127,-3.0,
base,active,195553.0,199014.0,199464.0,32 33 34 35 36 37 38 39 40 41 42 43 44 45 46 47,35226.0,False
base,active,,199014.0,199464.0,48 49 50 51 52 53 54 55 56 57 58 59 60 61 62 63 64 65 66 67 68 69 70 71 72 73 74 75 76 77 78 79 80 81 82 83 84 85 86 87 88 89 90 91 92 93 94 95,-1.0,
base,active,196201.0,199464.0,199917.0,32 33 34 35 36 37 38 39 40 41 42 43 44 45 46 47 48 49 50 51 52 53 54 55 56 57 58 59 60 61 62 63 64 65 66 67 68 69 70 71 72 73 74 75 76 77 78 79 80 81 82 83 84 85 86 87 88 89 90 91 92 93 94 95,35227.0,False
base,active,197623.0,199917.0,199933.0,80,35230.0,False
base,active,196702.0,199917.0,200289.0,32 33 34 35 36 37 38 39 40 41 42 43 44 45 46 47 48 49 50 51 52 53 54 55 56 57 58 59 60 61 62 63,35228.0,False
base,active,197118.0,199917.0,200504.0,64 65 66 67 68 69 70 71 72 73 74 75 76 77 78 79,35229.0,False
base,active,,199917.0,200817.0,81 82 83 84 85 86 87 88 89 90 91 92 93 94 95,-1.0,
base,active,,199933.0,200833.0,80,-1.0,
base,active,,200289.0,201189.0,32 33 34 35 36 37 38 39 40 41 42 43 44 45 46 47 48 49 50 51 52 53 54 55 56 57 58 59 60 61 62 63,-1.0,
base,active,195022.0,200386.0,200862.0,0 1 2 3 4 5 6 7 8 9 10 11 12 13 14 15 16 17 18 19 20 21 22 23 24 25 26 27 28 29 30 31 96 97 98 99 100 101 102 103 104 105 106 107 108 109 110 111 112 113 114 115 116 117 118 119 120 121 122 123 124 125 126 127,35225.0,False
base,active,,200504.0,201404.0,64 65 66 67 68 69 70 71 72 73 74 75 76 77 78 79,-1.0,
base,switching_off,,200817.0,202617.0,81 82 83 84 85 86 87 88 89 90 91 92 93 94 95,-2.0,
base,switching_off,,200833.0,202633.0,80,-2.0,
base,active,,200862.0,201762.0,0 1 2 3 4 5 6 7 8 9 10 11 12 13 14 15 16 17 18 19 20 21 22 23 24 25 26 27 28 29 30 31 96 97 98 99 100 101 102 103 104 105 106 107 108 109 110 111 112 113 114 115 116 117 118 119 120 121 122 123 124 125 126 127,-1.0,
base,switching_off,,201189.0,202989.0,32 33 34 35 36 37 38 39 40 41 42 43 44 45 46 47 48 49 50 51 52 53 54 55 56 57 58 59 60 61 62 63,-2.0,
base,switching_off,,201404.0,203204.0,64 65 66 67 68 69 70 71 72 73 74 75 76 77 78 79,-2.0,
base,switching_off,,201762.0,203562.0,0 1 2 3 4 5 6 7 8 9 10 11 12 13 14 15 16 17 18 19 20 21 22 23 24 25 26 27 28 29 30 31 96 97 98 99 100 101 102 103 104 105 106 107 108 109 110 111 112 113 114 115 116 117 118 119 120 121 122 123 124 125 126 127,-2.0,
base,sleeping,,202617.0,204527.0,81 82 83 84 85 86 87 88 89 90 91 92 93 94 95,-4.0,
base,sleeping,,202633.0,204527.0,80,-4.0,
base,sleeping,,202989.0,204527.0,32 33 34 35 36 37 38 39 40 41 42 43 44 45 46 47 48 49 50 51 52 53 54 55 56 57 58 59 60 61 62 63,-4.0,
base,sleeping,,203204.0,204527.0,64 65 66 67 68 69 70 71 72 73 74 75 76 77 78 79,-4.0,
base,sleeping,,203562.0,204527.0,0 1 2 3 4 5 6 7 8 9 10 11 12 13 14 15 16 17 18 19 20 21 22 23 24 25 26 27 28 29 30 31 96 97 98 99 100 101 102 103 104 105 106 107 108 109 110 111 112 113 114 115 116 117 118 119 120 121 122 123 124 125 126 127,-4.0,
base,switching_on,,204527.0,207227.0,0 1 2 3 4 5 6 7 8 9 10 11 12 13 14 15 16 17 18 19 20 21 22 23 24 25 26 27 28 29 30 31 32 33 34 35 36 37 38 39 40 41 42 43 44 45 46 47 48 49 50 51 52 53 54 55 56 57 58 59 60 61 62 63 64 65 66 67 68 69 70 71 72 73 74 75 76 77 78 79 80 81 82 83 84 85 86 87 88 89 90 91 92 93 94 95 96 97 98 99 100 101 102 103 104 105 106 107 108 109 110 111 112 113 114 115 116 117 118 119 120 121 122 123 124 125 126 127,-3.0,
base,active,204527.0,207227.0,218152.0,0 1 2 3 4 5 6 7 8 9 10 11 12 13 14 15 16 17 18 19 20 21 22 23 24 25 26 27 28 29 30 31 32 33 34 35 36 37 38 39 40 41 42 43 44 45 46 47 48 49 50 51 52 53 54 55 56 57 58 59 60 61 62 63 64 65 66 67 68 69 70 71 72 73 74 75 76 77 78 79 80 81 82 83 84 85 86 87 88 89 90 91 92 93 94 95 96 97 98 99 100 101 102 103 104 105 106 107 108 109 110 111 112 113 114 115 116 117 118 119 120 121 122 123 124 125 126 127,35231.0,False
base,active,215458.0,218152.0,218239.0,0 1 2 3 4 5 6 7 8 9 10 11 12 13 14 15 16 17 18 19 20 21 22 23 24 25 26 27 28 29 30 31 32 33 34 35 36 37 38 39 40 41 42 43 44 45 46 47 48 49 50 51 52 53 54 55 56 57 58 59 60 61 62 63 64 65 66 67 68 69 70 71 72 73 74 75 76 77 78 79 80 81 82 83 84 85 86 87 88 89 90 91 92 93 94 95 96 97 98 99 100 101 102 103 104 105 106 107 108 109 110 111 112 113 114 115 116 117 118 119 120 121 122 123 124 125 126 127,35232.0,False
base,active,,218239.0,218476.0,0 1 2 3 4 5 6 7 8 9 10 11 12 13 14 15 16 17 18 19 20 21 22 23 24 25 26 27 28 29 30 31 32 33 34 35 36 37 38 39 40 41 42 43 44 45 46 47 48 49 50 51 52 53 54 55 56 57 58 59 60 61 62 63,-1.0,
base,active,,218239.0,218873.0,64,-1.0,
base,active,,218239.0,218948.0,65 66 67 68 69 70 71 72 73 74 75 76 77 78 79 80 81 82 83 84 85 86 87 88 89 90 91 92 93 94 95 96 97 98 99 100 101 102 103 104 105 106 107 108 109 110 111 112 113 114 115 116 117 118 119 120 121 122 123 124 125 126 127,-1.0,
base,active,218476.0,218476.0,218871.0,0 1 2 3 4 5 6 7 8 9 10 11 12 13 14 15 16 17 18 19 20 21 22 23 24 25 26 27 28 29 30 31 32 33 34 35 36 37 38 39 40 41 42 43 44 45 46 47 48 49 50 51 52 53 54 55 56 57 58 59 60 61 62 63,35255.0,False
base,active,,218871.0,218948.0,0,-1.0,
base,active,,218871.0,218950.0,1,-1.0,
base,active,,218871.0,219771.0,2 3 4 5 6 7 8 9 10 11 12 13 14 15 16 17 18 19 20 21 22 23 24 25 26 27 28 29 30 31 32 33 34 35 36 37 38 39 40 41 42 43 44 45 46 47 48 49 50 51 52 53 54 55 56 57 58 59 60 61 62 63,-1.0,
base,active,218873.0,218873.0,218899.0,64,35258.0,False
base,active,,218899.0,219799.0,64,-1.0,
base,active,218948.0,218948.0,229875.0,0 65 66 67 68 69 70 71 72 73 74 75 76 77 78 79 80 81 82 83 84 85 86 87 88 89 90 91 92 93 94 95 96 97 98 99 100 101 102 103 104 105 106 107 108 109 110 111 112 113 114 115 116 117 118 119 120 121 122 123 124 125 126 127,35261.0,False
base,active,218950.0,218950.0,218966.0,1,35262.0,False
base,active,,218966.0,219866.0,1,-1.0,
base,switching_off,,219771.0,221571.0,2 3 4 5 6 7 8 9 10 11 12 13 14 15 16 17 18 19 20 21 22 23 24 25 26 27 28 29 30 31 32 33 34 35 36 37 38 39 40 41 42 43 44 45 46 47 48 49 50 51 52 53 54 55 56 57 58 59 60 61 62 63,-2.0,
base,switching_off,,219799.0,221599.0,64,-2.0,
base,switching_off,,219866.0,221666.0,1,-2.0,
base,switching_on,,221571.0,224271.0,2 3 4,-3.0,
base,sleeping,,221571.0,244640.0,5 6 7 8 9 10 11 12 13 14 15 16 17 18 19 20 21 22 23 24 25 26 27 28 29 30 31 32 33 34 35 36 37 38 39 40 41 42 43 44 45 46 47 48 49 50 51 52 53 54 55 56 57 58 59 60 61 62 63,-4.0,
base,sleeping,,221599.0,246356.0,64,-4.0,
base,sleeping,,221666.0,237128.0,1,-4.0,
base,active,221165.0,224271.0,224367.0,2,35284.0,False
base,active,221545.0,224271.0,224398.0,4,35288.0,False
base,active,221312.0,224271.0,224417.0,3,35285.0,False
base,active,,224367.0,224822.0,2,-1.0,
base,active,,224398.0,224974.0,4,-1.0,
base,active,,224417.0,225317.0,3,-1.0,
base,active,224822.0,224822.0,224944.0,2,35312.0,False
base,active,,224944.0,225844.0,2,-1.0,
base,active,224974.0,224974.0,225079.0,4,35313.0,False
base,active,,225079.0,225979.0,4,-1.0,
base,switching_off,,225317.0,227117.0,3,-2.0,
base,switching_off,,225844.0,227644.0,2,-2.0,
base,switching_off,,225979.0,227779.0,4,-2.0,
base,sleeping,,227117.0,238040.0,3,-4.0,
base,sleeping,,227644.0,237403.0,2,-4.0,
base,sleeping,,227779.0,244640.0,4,-4.0,
base,active,,229875.0,230770.0,0,-1.0,
base,active,,229875.0,230775.0,65 66 67 68 69 70 71 72 73 74 75 76 77 78 79 80 81 82 83 84 85 86 87 88 89 90 91 92 93 94 95 96 97 98 99 100 101 102 103 104 105 106 107 108 109 110 111 112 113 114 115 116 117 118 119 120 121 122 123 124 125 126 127,-1.0,
base,active,230770.0,230770.0,230897.0,0,35366.0,False
base,switching_off,,230775.0,232575.0,65 66 67 68 69 70 71 72 73 74 75 76 77 78 79 80 81 82 83 84 85 86 87 88 89 90 91 92 93 94 95 96 97 98 99 100 101 102 103 104 105 106 107 108 109 110 111 112 113 114 115 116 117 118 119 120 121 122 123 124 125 126 127,-2.0,
base,active,,230897.0,230968.0,0,-1.0,
base,active,230968.0,230968.0,231086.0,0,35368.0,False
base,active,,231086.0,231339.0,0,-1.0,
base,active,231339.0,231339.0,231437.0,0,35374.0,False
base,active,,231437.0,231472.0,0,-1.0,
base,active,231472.0,231472.0,231583.0,0,35375.0,False
base,active,,231583.0,232483.0,0,-1.0,
base,switching_off,,232483.0,234283.0,0,-2.0,
base,sleeping,,232575.0,246356.0,65 66 67 68 69 70 71 72 73 74 75 76 77 78 79 80 81 82 83 84 85 86 87 88 89 90 91 92 93 94 95 96 97 98 99 100 101 102 103 104 105 106 107 108 109 110 111 112 113 114 115 116 117 118 119 120 121 122 123 124 125 126 127,-4.0,
base,sleeping,,234283.0,236883.0,0,-4.0,
base,switching_on,,236883.0,239583.0,0,-3.0,
base,switching_on,,237128.0,239828.0,1,-3.0,
base,switching_on,,237403.0,240103.0,2,-3.0,
base,switching_on,,238040.0,240740.0,3,-3.0,
base,active,236883.0,239583.0,239742.0,0,35421.0,False
base,active,,239742.0,240642.0,0,-1.0,
base,active,237128.0,239828.0,239924.0,1,35428.0,False
base,active,,239924.0,240824.0,1,-1.0,
base,active,237403.0,240103.0,240220.0,2,35429.0,False
base,active,,240220.0,241120.0,2,-1.0,
base,switching_off,,240642.0,242442.0,0,-2.0,
base,active,238040.0,240740.0,240850.0,3,35434.0,False
base,switching_off,,240824.0,242624.0,1,-2.0,
base,active,,240850.0,241750.0,3,-1.0,
base,switching_off,,241120.0,242920.0,2,-2.0,
base,switching_off,,241750.0,243550.0,3,-2.0,
base,sleeping,,242442.0,244640.0,0,-4.0,
base,sleeping,,242624.0,244640.0,1,-4.0,
base,sleeping,,242920.0,244640.0,2,-4.0,
base,sleeping,,243550.0,244640.0,3,-4.0,
base,switching_on,,244640.0,247340.0,0 1 2 3 4 5 6 7 8 9 10 11 12 13 14 15 16 17 18 19 20 21 22 23 24 25 26 27 28 29 30 31 32 33 34 35 36 37 38 39 40 41 42 43 44 45 46 47 48 49 50 51 52 53 54 55 56 57 58 59 60 61 62 63,-3.0,
base,switching_on,,246356.0,249056.0,64 65 66 67 68 69 70 71 72 73 74 75 76 77 78 79 80 81 82 83 84 85 86 87 88 89 90 91 92 93 94 95 96 97 98 99 100 101 102 103 104 105 106 107 108 109 110 111 112 113 114 115 116 117 118 119 120 121 122 123 124 125 126 127,-3.0,
base,active,244640.0,247340.0,252502.0,0 1 2 3 4 5 6 7 8 9 10 11 12 13 14 15 16 17 18 19 20 21 22 23 24 25 26 27 28 29 30 31 32 33 34 35 36 37 38 39 40 41 42 43 44 45 46 47 48 49 50 51 52 53 54 55 56 57 58 59 60 61 62 63,35493.0,False
base,active,246356.0,249056.0,249167.0,64 65 66 67 68 69 70 71 72 73 74 75 76 77 78 79 80 81 82 83 84 85 86 87 88 89 90 91 92 93 94 95 96 97 98 99 100 101 102 103 104 105 106 107 108 109 110 111 112 113 114 115 116 117 118 119 120 121 122 123 124 125 126 127,35509.0,False
base,active,246573.0,249167.0,249273.0,64 65 66 67 68 69 70 71 72 73 74 75 76 77 78 79 80 81 82 83 84 85 86 87 88 89 90 91 92 93 94 95 96 97 98 99 100 101 102 103 104 105 106 107 108 109 110 111 112 113 114 115 116 117 118 119 120 121 122 123 124 125 126 127,35512.0,False
base,active,246773.0,249273.0,249379.0,64 65 66 67 68 69 70 71 72 73 74 75 76 77 78 79 80 81 82 83 84 85 86 87 88 89 90 91 92 93 94 95 96 97 98 99 100 101 102 103 104 105 106 107 108 109 110 111 112 113 114 115 116 117 118 119 120 121 122 123 124 125 126 127,35514.0,False
base,active,246963.0,249379.0,249486.0,64 65 66 67 68 69 70 71 72 73 74 75 76 77 78 79 80 81 82 83 84 85 86 87 88 89 90 91 92 93 94 95 96 97 98 99 100 101 102 103 104 105 106 107 108 109 110 111 112 113 114 115 116 117 118 119 120 121 122 123 124 125 126 127,35517.0,False
base,active,247147.0,249486.0,249597.0,64 65 66 67 68 69 70 71 72 73 74 75 76 77 78 79 80 81 82 83 84 85 86 87 88 89 90 91 92 93 94 95 96 97 98 99 100 101 102 103 104 105 106 107 108 109 110 111 112 113 114 115 116 117 118 119 120 121 122 123 124 125 126 127,35518.0,False
base,active,247351.0,249597.0,249598.0,64 65 66 67 68 69 70 71 72 73 74 75 76 77 78 79 80 81 82 83 84 85 86 87 88 89 90 91 92 93 94 95 96 97 98 99 100 101 102 103 104 105 106 107 108 109 110 111 112 113 114 115 116 117 118 119 120 121 122 123 124 125 126 127,35521.0,False
base,active,247363.0,249598.0,249705.0,64 65 66 67 68 69 70 71 72 73 74 75 76 77 78 79 80 81 82 83 84 85 86 87 88 89 90 91 92 93 94 95 96 97 98 99 100 101 102 103 104 105 106 107 108 109 110 111 112 113 114 115 116 117 118 119 120 121 122 123 124 125 126 127,35522.0,False
base,active,248964.0,249705.0,249726.0,112 113 114 115 116 117 118 119,35536.0,False
base,active,247488.0,249705.0,249761.0,64 65 66 67,35523.0,False
base,active,247747.0,249705.0,249761.0,124 125 126 127,35526.0,False
base,active,248445.0,249705.0,249761.0,120 121 122 123,35532.0,False
base,active,249194.0,249705.0,249761.0,108 109 110 111,35538.0,False
base,active,,249705.0,249761.0,68 69 70 71 72 73 74 75 76 77 78 79 80 81 82 83 84 85 86 87 88 89 90 91 92 93 94 95 96 97 98 99 100 101 102 103 104 105 106 107,-1.0,
base,active,,249726.0,249761.0,112 113 114 115 116 117 118 119,-1.0,
base,active,247578.0,249761.0,249866.0,64 65 66 67 68 69 70 71 72 73 74 75 76 77 78 79 80 81 82 83 84 85 86 87 88 89 90 91 92 93 94 95 96 97 98 99 100 101 102 103 104 105 106 107 108 109 110 111 112 113 114 115 116 117 118 119 120 121 122 123 124 125 126 127,35525.0,False
base,active,247844.0,249866.0,249989.0,64 65 66 67 68 69 70 71 72 73 74 75 76 77 78 79 80 81 82 83 84 85 86 87 88 89 90 91 92 93 94 95 96 97 98 99 100 101 102 103 104 105 106 107 108 109 110 111 112 113 114 115 116 117 118 119 120 121 122 123 124 125 126 127,35527.0,False
base,active,248045.0,249989.0,250096.0,64 65 66 67 68 69 70 71 72 73 74 75 76 77 78 79 80 81 82 83 84 85 86 87 88 89 90 91 92 93 94 95 96 97 98 99 100 101 102 103 104 105 106 107 108 109 110 111 112 113 114 115 116 117 118 119 120 121 122 123 124 125 126 127,35529.0,False
base,active,248268.0,250096.0,250203.0,64 65 66 67 68 69 70 71 72 73 74 75 76 77 78 79 80 81 82 83 84 85 86 87 88 89 90 91 92 93 94 95 96 97 98 99 100 101 102 103 104 105 106 107 108 109 110 111 112 113 114 115 116 117 118 119 120 121 122 123 124 125 126 127,35531.0,False
base,active,248530.0,250203.0,250309.0,64 65 66 67 68 69 70 71 72 73 74 75 76 77 78 79 80 81 82 83 84 85 86 87 88 89 90 91 92 93 94 95 96 97 98 99 100 101 102 103 104 105 106 107 108 109 110 111 112 113 114 115 116 117 118 119 120 121 122 123 124 125 126 127,35533.0,False
base,active,248681.0,250309.0,250417.0,64 65 66 67 68 69 70 71 72 73 74 75 76 77 78 79 80 81 82 83 84 85 86 87 88 89 90 91 92 93 94 95 96 97 98 99 100 101 102 103 104 105 106 107 108 109 110 111 112 113 114 115 116 117 118 119 120 121 122 123 124 125 126 127,35534.0,False
base,active,,250417.0,250528.0,107,-1.0,
base,active,250344.0,250417.0,250568.0,108 109 110 111,35548.0,False
base,active,248824.0,250417.0,250640.0,64 65 66 67 68 69 70 71 72 73 74 75 76 77 78 79 80 81 82 83 84 85 86 87 88 89 90 91 92 93 94 95,35535.0,False
base,active,,250417.0,250640.0,104 105 106,-1.0,
base,active,250255.0,250417.0,250691.0,112 113 114 115 116 117 118 119 120 121 122 123 124 125 126 127,35547.0,False
base,active,249018.0,250417.0,251082.0,96 97 98 99 100 101 102 103,35537.0,False
base,active,250528.0,250528.0,250551.0,107,35551.0,False
base,active,,250551.0,250640.0,107,-1.0,
base,active,,250568.0,250640.0,108 109 110 111,-1.0,
base,active,250553.0,250640.0,250817.0,72 73 74 75 76 77 78 79 80 81 82 83 84 85 86 87 88 89 90 91 92 93 94 95 104 105 106 107 108 109 110 111,35552.0,False
base,active,,250640.0,251082.0,64 65 66 67 68 69 70 71,-1.0,
base,active,250674.0,250691.0,251017.0,112 113 114 115 116 117 118 119 120 121 122 123 124 125 126 127,35555.0,False
base,active,,250817.0,250885.0,108 109 110 111,-1.0,
base,active,,250817.0,251082.0,72 73 74 75 76 77 78 79 80 81 82 83 84 85 86 87 88 89 90 91 92 93 94 95 104 105 106 107,-1.0,
base,active,250885.0,250885.0,251057.0,108 109 110 111,35560.0,False
base,active,,251017.0,251082.0,112 113 114 115 116 117 118 119 120 121 122 123 124 125 126 127,-1.0,
base,active,,251057.0,251082.0,108 109 110 111,-1.0,
base,active,249724.0,251082.0,251200.0,64 65 66 67 68 69 70 71 72 73 74 75 76 77 78 79 80 81 82 83 84 85 86 87 88 89 90 91 92 93 94 95 96 97 98 99 100 101 102 103 104 105 106 107 108 109 110 111 112 113 114 115 116 117 118 119 120 121 122 123 124 125 126 127,35540.0,False
base,active,249888.0,251200.0,251321.0,64 65 66 67 68 69 70 71 72 73 74 75 76 77 78 79 80 81 82 83 84 85 86 87 88 89 90 91 92 93 94 95 96 97 98 99 100 101 102 103 104 105 106 107 108 109 110 111 112 113 114 115 116 117 118 119 120 121 122 123 124 125 126 127,35542.0,False
base,active,249992.0,251321.0,251514.0,64 65 66 67 68 69 70 71 72 73 74 75 76 77 78 79 80 81 82 83 84 85 86 87 88 89 90 91 92 93 94 95 96 97 98 99 100 101 102 103 104 105 106 107 108 109 110 111 112 113 114 115 116 117 118 119 120 121 122 123 124 125 126 127,35543.0,False
base,active,250074.0,251514.0,251636.0,64 65 66 67 68 69 70 71 72 73 74 75 76 77 78 79 80 81 82 83 84 85 86 87 88 89 90 91 92 93 94 95 96 97 98 99 100 101 102 103 104 105 106 107 108 109 110 111 112 113 114 115 116 117 118 119 120 121 122 123 124 125 126 127,35544.0,False
base,active,250247.0,251636.0,251757.0,64 65 66 67 68 69 70 71 72 73 74 75 76 77 78 79 80 81 82 83 84 85 86 87 88 89 90 91 92 93 94 95 96 97 98 99 100 101 102 103 104 105 106 107 108 109 110 111 112 113 114 115 116 117 118 119 120 121 122 123 124 125 126 127,35546.0,False
base,active,250413.0,251757.0,251887.0,64 65 66 67 68 69 70 71 72 73 74 75 76 77 78 79 80 81 82 83 84 85 86 87 88 89 90 91 92 93 94 95 96 97 98 99 100 101 102 103 104 105 106 107 108 109 110 111 112 113 114 115 116 117 118 119 120 121 122 123 124 125 126 127,35550.0,False
base,active,250581.0,251887.0,252014.0,64 65 66 67 68 69 70 71 72 73 74 75 76 77 78 79 80 81 82 83 84 85 86 87 88 89 90 91 92 93 94 95 96 97 98 99 100 101 102 103 104 105 106 107 108 109 110 111 112 113 114 115 116 117 118 119 120 121 122 123 124 125 126 127,35553.0,False
base,active,251624.0,252014.0,252041.0,91,35577.0,False
base,active,,252014.0,252041.0,72 73 74 75 76 77 78 79 80 81 82 83 84 85 86,-1.0,
base,active,251661.0,252014.0,252097.0,87 88 89 90,35578.0,False
base,active,251173.0,252014.0,252280.0,108 109 110 111 112 113 114 115 116 117 118 119 120 121 122 123,35568.0,False
base,active,251060.0,252014.0,252287.0,124 125 126 127,35564.0,False
base,active,251471.0,252014.0,252293.0,92 93 94 95 96 97 98 99 100 101 102 103 104 105 106 107,35573.0,False
base,active,250668.0,252014.0,252476.0,64 65 66 67 68 69 70 71,35554.0,False
base,active,251810.0,252041.0,252314.0,72 73 74 75 76 77 78 79 80 81 82 83 84 85 86 91,35581.0,False
base,active,252088.0,252097.0,252222.0,87 88 89 90,35585.0,False
base,active,252173.0,252222.0,252250.0,90,35589.0,False
base,active,,252222.0,252250.0,87 88 89,-1.0,
base,active,252216.0,252250.0,252326.0,87 88 89 90,35590.0,False
base,active,,252280.0,252476.0,108 109 110 111 112 113 114 115 116 117 118 119 120 121 122 123,-1.0,
base,active,,252287.0,252476.0,124 125 126 127,-1.0,
base,active,,252293.0,252476.0,92 93 94 95 96 97 98 99 100 101 102 103 104 105 106 107,-1.0,
base,active,,252314.0,252476.0,72 73 74 75 76 77 78 79 80 81 82 83 84 85 86 91,-1.0,
base,active,,252326.0,252476.0,87 88 89 90,-1.0,
base,active,250760.0,252476.0,252598.0,64 65 66 67 68 69 70 71 72 73 74 75 76 77 78 79 80 81 82 83 84 85 86 87 88 89 90 91 92 93 94 95 96 97 98 99 100 101 102 103 104 105 106 107 108 109 110 111 112 113 114 115 116 117 118 119 120 121 122 123 124 125 126 127,35556.0,False
base,active,251726.0,252502.0,252936.0,32 33 34 35 36 37 38 39 40 41 42 43 44 45 46 47 48 49 50 51 52 53 54 55 56 57 58 59 60 61 62 63,35579.0,False
base,active,250786.0,252502.0,253258.0,0 1 2 3 4 5 6 7 8 9 10 11 12 13 14 15 16 17 18 19 20 21 22 23 24 25 26 27 28 29 30 31,35558.0,False
base,active,250944.0,252598.0,252673.0,64 65 66 67 68 69 70 71 72 73 74 75 76 77 78 79 80 81 82 83 84 85 86 87 88 89 90 91 92 93 94 95 96 97 98 99 100 101 102 103 104 105 106 107 108 109 110 111 112 113 114 115 116 117 118 119 120 121 122 123 124 125 126 127,35562.0,False
base,active,251065.0,252673.0,252713.0,64 65 66 67 68 69 70 71 72 73 74 75 76 77 78 79 80 81 82 83 84 85 86 87 88 89 90 91 92 93 94 95 96 97 98 99 100 101 102 103 104 105 106 107 108 109 110 111 112 113 114 115 116 117 118 119 120 121 122 123 124 125 126 127,35565.0,False
base,active,251141.0,252713.0,252752.0,64 65 66 67 68 69 70 71 72 73 74 75 76 77 78 79 80 81 82 83 84 85 86 87 88 89 90 91 92 93 94 95 96 97 98 99 100 101 102 103 104 105 106 107 108 109 110 111 112 113 114 115 116 117 118 119 120 121 122 123 124 125 126 127,35567.0,False
base,active,251225.0,252752.0,252783.0,64 65 66 67 68 69 70 71 72 73 74 75 76 77 78 79 80 81 82 83 84 85 86 87 88 89 90 91 92 93 94 95 96 97 98 99 100 101 102 103 104 105 106 107 108 109 110 111 112 113 114 115 116 117 118 119 120 121 122 123 124 125 126 127,35569.0,False
base,active,251287.0,252783.0,252815.0,64 65 66 67 68 69 70 71 72 73 74 75 76 77 78 79 80 81 82 83 84 85 86 87 88 89 90 91 92 93 94 95 96 97 98 99 100 101 102 103 104 105 106 107 108 109 110 111 112 113 114 115 116 117 118 119 120 121 122 123 124 125 126 127,35570.0,False
base,active,251353.0,252815.0,252851.0,64 65 66 67 68 69 70 71 72 73 74 75 76 77 78 79 80 81 82 83 84 85 86 87 88 89 90 91 92 93 94 95 96 97 98 99 100 101 102 103 104 105 106 107 108 109 110 111 112 113 114 115 116 117 118 119 120 121 122 123 124 125 126 127,35571.0,False
base,active,251420.0,252851.0,252888.0,64 65 66 67 68 69 70 71 72 73 74 75 76 77 78 79 80 81 82 83 84 85 86 87 88 89 90 91 92 93 94 95 96 97 98 99 100 101 102 103 104 105 106 107 108 109 110 111 112 113 114 115 116 117 118 119 120 121 122 123 124 125 126 127,35572.0,False
base,active,251511.0,252888.0,252929.0,64 65 66 67 68 69 70 71 72 73 74 75 76 77 78 79 80 81 82 83 84 85 86 87 88 89 90 91 92 93 94 95 96 97 98 99 100 101 102 103 104 105 106 107 108 109 110 111 112 113 114 115 116 117 118 119 120 121 122 123 124 125 126 127,35574.0,False
base,active,251598.0,252929.0,252952.0,64 65 66 67 68 69 70 71 72 73 74 75 76 77 78 79 80 81 82 83 84 85 86 87 88 89 90 91 92 93 94 95 96 97 98 99 100 101 102 103 104 105 106 107 108 109 110 111 112 113 114 115 116 117 118 119 120 121 122 123 124 125 126 127,35576.0,False
base,active,252132.0,252936.0,253210.0,32 33 34 35 36 37 38 39 40 41 42 43 44 45 46 47,35587.0,False
base,active,252476.0,252936.0,253212.0,48 49 50 51 52 53 54 55 56 57 58 59 60 61 62 63,35596.0,False
base,active,251809.0,252952.0,252989.0,64 65 66 67 68 69 70 71 72 73 74 75 76 77 78 79 80 81 82 83 84 85 86 87 88 89 90 91 92 93 94 95 96 97 98 99 100 101 102 103 104 105 106 107 108 109 110 111 112 113 114 115 116 117 118 119 120 121 122 123 124 125 126 127,35580.0,False
base,active,251912.0,252989.0,253038.0,64 65 66 67 68 69 70 71 72 73 74 75 76 77 78 79 80 81 82 83 84 85 86 87 88 89 90 91 92 93 94 95 96 97 98 99 100 101 102 103 104 105 106 107 108 109 110 111 112 113 114 115 116 117 118 119 120 121 122 123 124 125 126 127,35582.0,False
base,active,251980.0,253038.0,253079.0,64 65 66 67 68 69 70 71 72 73 74 75 76 77 78 79 80 81 82 83 84 85 86 87 88 89 90 91 92 93 94 95 96 97 98 99 100 101 102 103 104 105 106 107 108 109 110 111 112 113 114 115 116 117 118 119 120 121 122 123 124 125 126 127,35583.0,False
base,active,252070.0,253079.0,253118.0,64 65 66 67 68 69 70 71 72 73 74 75 76 77 78 79 80 81 82 83 84 85 86 87 88 89 90 91 92 93 94 95 96 97 98 99 100 101 102 103 104 105 106 107 108 109 110 111 112 113 114 115 116 117 118 119 120 121 122 123 124 125 126 127,35584.0,False
base,active,252171.0,253118.0,253178.0,64 65 66 67 68 69 70 71 72 73 74 75 76 77 78 79 80 81 82 83 84 85 86 87 88 89 90 91 92 93 94 95 96 97 98 99 100 101 102 103 104 105 106 107 108 109 110 111 112 113 114 115 116 117 118 119 120 121 122 123 124 125 126 127,35588.0,False
base,active,252273.0,253178.0,253214.0,64 65 66 67 68 69 70 71 72 73 74 75 76 77 78 79 80 81 82 83 84 85 86 87 88 89 90 91 92 93 94 95 96 97 98 99 100 101 102 103 104 105 106 107 108 109 110 111 112 113 114 115 116 117 118 119 120 121 122 123 124 125 126 127,35591.0,False
base,active,,253210.0,253212.0,37 38 39 40 41 42 43 44 45 46 47,-1.0,
base,active,252607.0,253210.0,253220.0,32,35601.0,False
base,active,252897.0,253210.0,253282.0,33 34 35 36,35610.0,False
base,active,,253212.0,253214.0,53 54 55 56 57 58 59 60 61 62 63,-1.0,
base,active,252806.0,253212.0,253497.0,37 38 39 40 41 42 43 44 45 46 47 48 49 50 51 52,35608.0,False
base,active,252350.0,253214.0,253251.0,53 54 55 56 57 58 59 60 61 62 63 64 65 66 67 68 69 70 71 72 73 74 75 76 77 78 79 80 81 82 83 84 85 86 87 88 89 90 91 92 93 94 95 96 97 98 99 100 101 102 103 104 105 106 107 108 109 110 111 112 113 114 115 116,35592.0,False
base,active,,253214.0,253251.0,117 118 119 120 121 122 123 124 125 126 127,-1.0,
base,active,,253220.0,253251.0,32,-1.0,
base,active,252410.0,253251.0,253252.0,32 53 54 55 56 57 58 59 60 61 62 63 64 65 66 67 68 69 70 71 72 73 74 75 76 77 78 79 80 81 82 83 84 85 86 87 88 89 90 91 92 93 94 95 96 97 98 99 100 101 102 103 104 117 118 119 120 121 122 123 124 125 126 127,35593.0,False
base,active,,253251.0,253252.0,105 106 107 108 109 110 111 112 113 114 115 116,-1.0,
base,active,,253252.0,253258.0,104 117 118 119 120 121 122 123 124 125 126 127,-1.0,
base,active,252418.0,253252.0,253283.0,32 53 54 55 56 57 58 59 60 61 62 63 64 65 66 67 68 69 70 71 72 73 74 75 76 77 78 79 80 81 82 83 84 85 86 87 88 89 90 91 92 93 94 95 96 97 98 99 100 101 102 103 105 106 107 108 109 110 111 112 113 114 115 116,35594.0,False
base,active,,253258.0,253283.0,20 21 22 23 24 25 26 27 28 29 30 31,-1.0,
base,active,252721.0,253258.0,253462.0,0 1 2 3 4 5 6 7 8 9 10 11 12 13 14 15 16 17 18 19 104 117 118 119 120 121 122 123 124 125 126 127,35606.0,False
base,active,,253282.0,253283.0,33 34 35 36,-1.0,
base,active,252489.0,253283.0,253329.0,20 21 22 23 24 25 26 27 28 29 30 31 32 33 34 35 36 53 54 55 56 57 58 59 60 61 62 63 64 65 66 67 68 69 70 71 72 73 74 75 76 77 78 79 80 81 82 83 84 85 86 87 88 89 90 91 92 93 94 95 96 97 98 99,35597.0,False
base,active,,253283.0,253329.0,100 101 102 103 105 106 107 108 109 110 111 112 113 114 115 116,-1.0,
base,active,252565.0,253329.0,253363.0,20 21 22 23 24 25 26 27 28 29 30 31 32 33 34 35 36 53 54 55 56 57 58 59 60 61 62 63 64 65 66 67 68 69 70 71 72 73 74 75 76 77 78 79 80 81 82 83 100 101 102 103 105 106 107 108 109 110 111 112 113 114 115 116,35599.0,False
base,active,,253329.0,253363.0,84 85 86 87 88 89 90 91 92 93 94 95 96 97 98 99,-1.0,
base,active,252633.0,253363.0,253404.0,20 21 22 23 24 25 26 27 28 29 30 31 32 33 34 35 36 53 54 55 56 57 58 59 60 61 62 63 64 65 66 67 68 69 70 71 72 73 74 75 76 77 78 79 80 81 82 83 84 85 86 87 88 89 90 91 92 93 94 95 96 97 98 99,35603.0,False
base,active,,253363.0,253404.0,100 101 102 103 105 106 107 108 109 110 111 112 113 114 115 116,-1.0,
base,active,252720.0,253404.0,253457.0,20 21 22 23 24 25 26 27 28 29 30 31 32 33 34 35 36 53 54 55 56 57 58 59 60 61 62 63 64 65 66 67 68 69 70 71 72 73 74 75 76 77 78 79 80 81 82 83 100 101 102 103 105 106 107 108 109 110 111 112 113 114 115 116,35605.0,False
base,active,,253404.0,253457.0,84 85 86 87 88 89 90 91 92 93 94 95 96 97 98 99,-1.0,
base,active,,253457.0,253462.0,100 101 102 103 105 106 107 108 109 110 111 112 113 114 115 116,-1.0,
base,active,252858.0,253457.0,253518.0,20 21 22 23 24 25 26 27 28 29 30 31 32 33 34 35 36 53 54 55 56 57 58 59 60 61 62 63 64 65 66 67 68 69 70 71 72 73 74 75 76 77 78 79 80 81 82 83 84 85 86 87 88 89 90 91 92 93 94 95 96 97 98 99,35609.0,False
base,active,,253462.0,253465.0,16,-1.0,
base,active,,253462.0,253567.0,17 18 19 104,-1.0,
base,active,,253462.0,253633.0,117,-1.0,
base,active,,253462.0,253694.0,118 119 120 121 122 123 124 125 126 127,-1.0,
base,active,253053.0,253462.0,253873.0,0 1 2 3 4 5 6 7 8 9 10 11 12 13 14 15 100 101 102 103 105 106 107 108 109 110 111 112 113 114 115 116,35611.0,False
base,active,253465.0,253465.0,253479.0,16,35613.0,False
base,active,,253479.0,253694.0,16,-1.0,
base,active,,253497.0,253694.0,37 38 39 40 41 42 43 44 45 46 47 48 49 50 51 52,-1.0,
base,active,,253518.0,253694.0,20 21 22 23 24,-1.0,
base,active,,253518.0,253765.0,25 26 27 28 29 30 31 32 33 34 35 36 53 54 55 56,-1.0,
base,active,,253518.0,254076.0,57 58 59 60 61 62 63 64 65 66 67 68 69 70 71 72 73 74 75 76 77 78 79 80 81 82 83 84 85 86 87 88,-1.0,
base,active,,253518.0,254279.0,89 90 91 92 93 94 95 96 97 98 99,-1.0,
base,active,253567.0,253567.0,253756.0,17 18 19 104,35614.0,False
base,active,253633.0,253633.0,253641.0,117,35615.0,False
base,active,,253641.0,254279.0,117,-1.0,
base,active,253694.0,253694.0,253950.0,16 20 21 22 23 24 37 38 39 40 41 42 43 44 45 46 47 48 49 50 51 52 118 119 120 121 122 123 124 125 126 127,35617.0,False
base,active,,253756.0,254279.0,17 18 19 104,-1.0,
base,active,253765.0,253765.0,253853.0,25 26 27 28 29 30 31 32 33 34 35 36 53 54 55 56,35618.0,False
base,active,,253853.0,254279.0,25 26 27 28 29 30 31 32 33 34 35 36 53 54 55 56,-1.0,
base,active,,253873.0,254279.0,0 1 2 3 4 5 6 7 8 9 10 11 12 13 14 15 100 101 102 103 105 106 107 108 109 110 111 112 113 114 115 116,-1.0,
base,active,,253950.0,254364.0,16 20 21 22,-1.0,
base,active,,253950.0,254467.0,23,-1.0,
base,active,,253950.0,254513.0,24 37 38 39,-1.0,
base,active,,253950.0,254534.0,40,-1.0,
base,active,,253950.0,254554.0,41 42 43 44 45 46 47 48,-1.0,
base,active,,253950.0,254711.0,49 50 51 52,-1.0,
base,active,,253950.0,254850.0,118 119 120 121 122 123 124 125 126 127,-1.0,
base,active,254076.0,254076.0,254532.0,57 58 59 60 61 62 63 64 65 66 67 68 69 70 71 72 73 74 75 76 77 78 79 80 81 82 83 84 85 86 87 88,35620.0,False
base,active,254279.0,254279.0,254395.0,0 1 2 3 4 5 6 7 8 9 10 11 12 13 14 15 17 18 19 25 26 27 28 29 30 31 32 33 34 35 36 53 54 55 56 89 90 91 92 93 94 95 96 97 98 99 100 101 102 103 104 105 106 107 108 109 110 111 112 113 114 115 116 117,35624.0,False
base,active,254364.0,254364.0,254450.0,16 20 21 22,35626.0,False
base,active,,254395.0,254906.0,0 1 2 3,-1.0,
base,active,,254395.0,255060.0,4,-1.0,
base,active,,254395.0,255136.0,5,-1.0,
base,active,,254395.0,255295.0,6 7 8 9 10 11 12 13 14 15 17 18 19 25 26 27 28 29 30 31 32 33 34 35 36 53 54 55 56 89 90 91 92 93 94 95 96 97 98 99 100 101 102 103 104 105 106 107 108 109 110 111 112 113 114 115 116 117,-1.0,
base,active,,254450.0,255350.0,16 20 21 22,-1.0,
base,active,254467.0,254467.0,254488.0,23,35627.0,False
base,active,,254488.0,255388.0,23,-1.0,
base,active,254513.0,254513.0,254541.0,24 37 38 39,35628.0,False
base,active,,254532.0,255391.0,57 58 59 60 61 62 63 64,-1.0,
base,active,,254532.0,255419.0,65 66 67 68 69 70 71 72,-1.0,
base,active,,254532.0,255432.0,73 74 75 76 77 78 79 80 81 82 83 84 85 86 87 88,-1.0,
base,active,254534.0,254534.0,254552.0,40,35629.0,False
base,active,,254541.0,255441.0,24 37 38 39,-1.0,
base,active,,254552.0,255447.0,40,-1.0,
base,active,254554.0,254554.0,254589.0,41 42 43 44 45 46 47 48,35630.0,False
base,active,,254589.0,255447.0,41 42 43 44 45 46 47,-1.0,
base,active,,254589.0,255489.0,48,-1.0,
base,active,254711.0,254711.0,254734.0,49 50 51 52,35631.0,False
base,active,,254734.0,255634.0,49 50 51 52,-1.0,
base,switching_off,,254850.0,256650.0,118 119 120 121 122 123 124 125 126 127,-2.0,
base,active,254906.0,254906.0,255137.0,0 1 2 3,35633.0,False
base,active,255060.0,255060.0,255068.0,4,35634.0,False
base,active,,255068.0,255940.0,4,-1.0,
base,active,255136.0,255136.0,255143.0,5,35635.0,False
base,active,,255137.0,255940.0,0 1 2,-1.0,
base,active,,255137.0,256037.0,3,-1.0,
base,active,,255143.0,256043.0,5,-1.0,
base,switching_off,,255295.0,257095.0,6 7 8 9 10 11 12 13 14 15 17 18 19 25 26 27 28 29 30 31 32 33 34 35 36 53 54 55 56 89 90 91 92 93 94 95 96 97 98 99 100 101 102 103 104 105 106 107 108 109 110 111 112 113 114 115 116 117,-2.0,
base,switching_off,,255350.0,257150.0,16 20 21 22,-2.0,
base,switching_off,,255388.0,257188.0,23,-2.0,
base,active,255391.0,255391.0,255393.0,57 58 59 60 61 62 63 64,35637.0,False
base,active,,255393.0,256293.0,57 58 59 60 61 62 63 64,-1.0,
base,active,255419.0,255419.0,255447.0,65 66 67 68 69 70 71 72,35638.0,False
base,switching_off,,255432.0,257232.0,73 74 75 76 77 78 79 80 81 82 83 84 85 86 87 88,-2.0,
base,switching_off,,255441.0,257241.0,24 37 38 39,-2.0,
base,active,255447.0,255447.0,255517.0,40 41 42 43 44 45 46 47,35639.0,False
base,active,,255447.0,256347.0,65 66 67 68 69 70 71 72,-1.0,
base,switching_off,,255489.0,257289.0,48,-2.0,
base,active,,255517.0,256417.0,40 41 42 43 44 45 46 47,-1.0,
base,switching_off,,255634.0,257434.0,49 50 51 52,-2.0,
base,active,255940.0,255940.0,255967.0,0 1 2 4,35649.0,False
base,active,,255967.0,256867.0,0 1 2 4,-1.0,
base,switching_off,,256037.0,257837.0,3,-2.0,
base,switching_off,,256043.0,257843.0,5,-2.0,
base,switching_off,,256293.0,258093.0,57 58 59 60 61 62 63 64,-2.0,
base,switching_off,,256347.0,258147.0,65 66 67 68 69 70 71 72,-2.0,
base,switching_off,,256417.0,258217.0,40 41 42 43 44 45 46 47,-2.0,
base,sleeping,,256650.0,257095.0,118 119 120 121 122 123,-4.0,
base,sleeping,,256650.0,257434.0,124 125,-4.0,
base,sleeping,,256650.0,258667.0,126 127,-4.0,
base,switching_off,,256867.0,258667.0,0 1 2 4,-2.0,
base,switching_on,,257095.0,259795.0,6 7 8 9 10 11 12 13 14 15 17 18 19 25 26 27 28 29 30 31 32 33 34 35 36 53 54 55 56 89 90 91 92 93 94 95 96 97 98 99 100 101 102 103 104 105 106 107 108 109 110 111 112 113 114 115 116 117 118 119 120 121 122 123,-3.0,
base,sleeping,,257150.0,257434.0,16 20 21 22,-4.0,
base,sleeping,,257188.0,257434.0,23,-4.0,
base,sleeping,,257232.0,257434.0,73 74 75 76 77 78 79 80 81 82 83 84 85 86 87 88,-4.0,
base,sleeping,,257241.0,257434.0,24 37 38 39,-4.0,
base,sleeping,,257289.0,257434.0,48,-4.0,
base,switching_on,,257434.0,260134.0,16 20 21 22 23 24 37 38 39 48 49 50 51 52 73 74 75 76 77 78 79 80 81 82 83 84 85 86 87 88 124 125,-3.0,
base,sleeping,,257837.0,258667.0,3,-4.0,
base,sleeping,,257843.0,258667.0,5,-4.0,
base,sleeping,,258093.0,258667.0,57 58 59 60 61 62 63 64,-4.0,
base,sleeping,,258147.0,258667.0,65 66 67 68 69 70 71 72,-4.0,
base,sleeping,,258217.0,258667.0,40 41 42 43 44 45 46 47,-4.0,
base,switching_on,,258667.0,261367.0,0 1 2 3 4 5 40 41 42 43 44 45 46 47 57 58 59 60 61 62 63 64 65 66 67 68 69 70 71 72 126 127,-3.0,
base,active,255773.0,259795.0,259820.0,92 93 94 95 96 97 98 99 100 101 102 103 104 105 106 107 108 109 110 111 112 113 114 115 116 117 118 119 120 121 122 123,35646.0,False
base,active,255724.0,259795.0,259824.0,6 7 8 9 10 11 12 13 14 15 17 18 19 25 26 27 28 29 30 31 32 33 34 35 36 53 54 55 56 89 90 91,35644.0,False
base,active,256372.0,259820.0,259846.0,92 93 94 95 96 97 98 99 100 101 102 103 104 105 106 107 108 109 110 111 112 113 114 115 116 117 118 119 120 121 122 123,35651.0,False
base,active,256576.0,259824.0,270796.0,6 7 8 9 10 11 12 13 14 15 17 18 19 25 26 27 28 29 30 31 32 33 34 35 36 53 54 55 56 89 90 91,35652.0,False
base,active,256744.0,259846.0,259871.0,100 101 102 103 104 105 106 107 108 109 110 111 112 113 114 115,35657.0,False
base,active,257648.0,259846.0,259905.0,116 117 118 119 120 121 122 123,35670.0,False
base,active,256614.0,259846.0,270782.0,92 93 94 95 96 97 98 99,35653.0,False
base,active,257215.0,259871.0,259897.0,100 101 102 103 104 105 106 107 108 109 110 111 112 113 114 115,35664.0,False
base,active,257432.0,259897.0,259924.0,100 101 102 103 104 105 106 107 108 109 110 111 112 113 114 115,35668.0,False
base,active,258383.0,259905.0,259990.0,120 121 122 123,35684.0,False
base,active,257664.0,259905.0,260054.0,116 117 118 119,35671.0,False
base,active,257568.0,259924.0,259950.0,100 101 102 103 104 105 106 107 108 109 110 111 112 113 114 115,35669.0,False
base,active,257704.0,259950.0,259976.0,100 101 102 103 104 105 106 107,35672.0,False
base,active,257818.0,259950.0,259980.0,108 109 110 111 112 113 114 115,35674.0,False
base,active,258013.0,259976.0,260019.0,100 101 102 103 104 105 106 107,35676.0,False
base,active,258069.0,259980.0,260011.0,108 109 110 111 112 113 114 115,35678.0,False
base,active,,259990.0,260011.0,120 121 122 123,-1.0,
base,active,,260011.0,260019.0,112 113 114 115,-1.0,
base,active,258229.0,260011.0,260065.0,108 109 110 111 120 121 122 123,35679.0,False
base,active,258278.0,260019.0,260046.0,100 101 102 103 112 113 114 115,35680.0,False
base,active,,260019.0,260046.0,104 105 106 107,-1.0,
base,active,,260046.0,260054.0,112 113 114 115,-1.0,
base,active,258330.0,260046.0,260370.0,100 101 102 103 104 105 106 107,35681.0,False
base,active,259309.0,260054.0,260141.0,112 113 114 115 116 117 118 119,35701.0,False
base,active,,260065.0,260095.0,108,-1.0,
base,active,,260065.0,260141.0,109 110 111 120 121 122 123,-1.0,
base,active,260095.0,260095.0,260119.0,108,35705.0,False
base,active,,260119.0,260141.0,108,-1.0,
base,active,255806.0,260134.0,260160.0,16 20 21 22 23 24 37 38 39 48 49 50 51 52 73 74 75 76 77 78 79 80 81 82 83 84 85 86 87 88 124 125,35647.0,False
base,active,258430.0,260141.0,260162.0,108 109 110 111 112 113 114 115 116 117 118 119 120 121 122 123,35686.0,False
base,active,256617.0,260160.0,260188.0,16 20 21 22 23 24 37 38 39 48 49 50 51 52 73 74 75 76 77 78 79 80 81 82 83 84 85 86 87 88 124 125,35654.0,False
base,active,258540.0,260162.0,260179.0,108 109 110 111 112 113 114 115 116 117 118 119 120 121 122 123,35688.0,False
base,active,258750.0,260179.0,260193.0,108 109 110 111 112 113 114 115 116 117 118 119 120 121 122 123,35693.0,False
base,active,256677.0,260188.0,260214.0,16 20 21 22 23 24 37 38 39 48 49 50 51 52 73 74 75 76 77 78 79 80 81 82 83 84 85 86 87 88 124 125,35655.0,False
base,active,258924.0,260193.0,260225.0,108 109 110 111 112 113 114 115 116 117 118 119 120 121 122 123,35697.0,False
base,active,256918.0,260214.0,260240.0,16 20 21 22 23 24 37 38 39 48 49 50 51 52 73 74 75 76 77 78 79 80 81 82 83 84 85 86 87 88 124 125,35658.0,False
base,active,,260225.0,260240.0,108 109 110 111 112 113 114 115 116 117 118 119 120 121 122 123,-1.0,
base,active,257115.0,260240.0,260271.0,16 20 21 22 23 24 37 38 39 48 49 50 51 52 73 74 108 109 110 111 112 113 114 115 116 117 118 119 120 121 122 123,35661.0,False
base,active,,260240.0,260271.0,75 76 77 78 79 80 81 82 83 84 85 86 87 88 124 125,-1.0,
base,active,,260271.0,260272.0,16 20 21 22 23 24 37 38 39 48 49 50 51 52 73 74,-1.0,
base,active,258066.0,260271.0,260398.0,75 76 77 78 79 80 81 82 83 84 85 86 87 88 108 109 110 111 112 113 114 115 116 117 118 119 120 121 122 123 124 125,35677.0,False
base,active,260272.0,260272.0,260359.0,16 20 21 22 23 24 37 38 39 48 49 50 51 52 73 74,35708.0,False
base,active,,260359.0,260474.0,16 20 21 22 23 24 37 38,-1.0,
base,active,,260359.0,260660.0,39,-1.0,
base,active,,260359.0,260738.0,48,-1.0,
base,active,,260359.0,260763.0,49,-1.0,
base,active,,260359.0,260916.0,50,-1.0,
base,active,,260359.0,261043.0,51,-1.0,
base,active,,260359.0,261110.0,52,-1.0,
base,active,,260359.0,261188.0,73,-1.0,
base,active,,260359.0,261259.0,74,-1.0,
base,active,,260370.0,260398.0,100 101 102 103 104 105 106 107,-1.0,
base,active,258423.0,260398.0,260637.0,83 84 85 86 87 88 100 101 102 103 104 105 106 107 108 109 110 111 112 113 114 115 116 117 118 119 120 121 122 123 124 125,35685.0,False
base,active,,260398.0,261298.0,75 76 77 78 79 80 81 82,-1.0,
base,active,260474.0,260474.0,260563.0,16 20 21 22 23 24 37 38,35709.0,False
base,active,,260563.0,261316.0,16,-1.0,
base,active,,260563.0,261393.0,20 21 22 23 24 37 38,-1.0,
base,active,258457.0,260637.0,260678.0,83 84 85 86 87 88 100 101 102 103 104 105 106 107 108 109 110 111 112 113 114 115 116 117 118 119 120 121 122 123 124 125,35687.0,False
base,active,260660.0,260660.0,260675.0,39,35711.0,False
base,active,,260675.0,261393.0,39,-1.0,
base,active,258733.0,260678.0,260688.0,83 84 85 86 87 88 100 101 102 103 104 105 106 107 108 109 110 111 112 113 114 115 116 117 118 119 120 121 122 123 124 125,35691.0,False
base,active,258742.0,260688.0,260710.0,83 84 85 86 87 88 100 101 102 103 104 105 106 107 108 109 110 111 112 113 114 115 116 117 118 119 120 121 122 123 124 125,35692.0,False
base,active,258974.0,260710.0,260755.0,83 84 85 86 87 88 100 101 102 103 104 105 106 107 108 109 110 111 112 113 114 115 116 117 118 119 120 121 122 123 124 125,35699.0,False
base,active,260738.0,260738.0,260760.0,48,35712.0,False
base,active,260003.0,260755.0,260873.0,83 84 85 86 87 88 100 101 102 103 104 105 106 107 108 109 110 111 112 113 114 115 116 117 118 119 120 121 122 123 124 125,35704.0,False
base,active,,260760.0,261393.0,48,-1.0,
base,active,260763.0,260763.0,260772.0,49,35713.0,False
base,active,,260772.0,261393.0,49,-1.0,
base,active,260189.0,260873.0,261342.0,83 84 85 86 87 88 100 101 102 103 104 105 106 107 108 109 110 111 112 113 114 115 116 117 118 119 120 121 122 123 124 125,35707.0,False
base,active,260916.0,260916.0,260937.0,50,35715.0,False
base,active,,260937.0,261393.0,50,-1.0,
base,active,261043.0,261043.0,261072.0,51,35717.0,False
base,active,,261072.0,261393.0,51,-1.0,
base,active,261110.0,261110.0,261142.0,52,35719.0,False
base,active,,261142.0,261393.0,52,-1.0,
base,active,261188.0,261188.0,261572.0,73,35721.0,False
base,switching_off,,261259.0,263059.0,74,-2.0,
base,switching_off,,261298.0,263098.0,75 76 77 78 79 80 81 82,-2.0,
base,active,261316.0,261316.0,261391.0,16,35722.0,False
base,active,,261342.0,261393.0,83 84 85 86 87 88 100 101 102 103 104 105 106 107 108 109 110 111 112 113 114 115 116 117 118 119 120 121 122 123 124 125,-1.0,
base,active,255884.0,261367.0,261393.0,0 1 2 3 4 5 40 41 42 43 44 45 46 47 57 58 59 60 61 62 63 64 65 66 67 68 69 70 71 72 126 127,35648.0,False
base,active,,261391.0,261393.0,16,-1.0,
base,active,,261393.0,261415.0,61,-1.0,
base,active,,261393.0,261451.0,62 63 64 65,-1.0,
base,active,,261393.0,261473.0,66 67,-1.0,
base,active,257798.0,261393.0,261571.0,0 1 2 3 4 5 16 20 21 22 23 24 37 38 39 40 41 42 43 44 45 46 47 48 49 50 51 52 57 58 59 60 83 84 85 86 87 88 100 101 102 103 104 105 106 107 108 109 110 111 112 113 114 115 116 117 118 119 120 121 122 123 124 125,35673.0,False
base,active,,261393.0,261571.0,68 69 70 71 72 126 127,-1.0,
base,active,261415.0,261415.0,261443.0,61,35723.0,False
base,active,,261443.0,261571.0,61,-1.0,
base,active,261451.0,261451.0,261588.0,62 63 64 65,35724.0,False
base,active,261473.0,261473.0,262655.0,66 67,35726.0,False
base,active,258378.0,261571.0,261600.0,0 1 2 3 4 5 16 20 21 22 23 24 37 38 39 40 41 42 43 44 45 46 47 48 49 50 51 52 57 58 59 60 61 68 69 70 71 72 83 84 85 86 87 88 100 101 102 103 104 105 106 107 108 109 110 111 112 113 114 115 116 117 126 127,35683.0,False
base,active,,261571.0,261600.0,118 119 120 121 122 123 124 125,-1.0,
base,active,,261572.0,261600.0,73,-1.0,
base,active,,261588.0,261600.0,62 63 64 65,-1.0,
base,active,258710.0,261600.0,261612.0,0 1 2 3 4 5 16 20 21 22 23 24 37 38 39 40 41 42 43 44 45 46 47 48 49 50 51 52 57 58 59 60 61 62 63 64 65 68 69 70 71 72 73 83 84 85 86 87 88 100 101 102 103 104 105 106 118 119 120 121 122 123 124 125,35690.0,False
base,active,,261600.0,261612.0,107 108 109 110 111 112 113 114 115 116 117 126 127,-1.0,
base,active,,261612.0,261721.0,102 103 104 105,-1.0,
base,active,,261612.0,261735.0,106 118 119 120 121 122 123 124,-1.0,
base,active,,261612.0,262125.0,125,-1.0,
base,active,258805.0,261612.0,262658.0,0 1 2 3 4 5 16 20 21 22 23 24 37 38 39 40 41 42 43 107 108 109 110 111 112 113 114 115 116 117 126 127,35695.0,False
base,active,259855.0,261612.0,262711.0,44 45 46 47 48 49 50 51 52 57 58 59 60 61 62 63 64 65 68 69 70 71 72 73 83 84 85 86 87 88 100 101,35703.0,False
base,active,261721.0,261721.0,262095.0,102 103 104 105,35730.0,False
base,active,261735.0,261735.0,261757.0,106 118 119 120 121 122 123 124,35731.0,False
base,active,,261757.0,262125.0,106 118 119,-1.0,
base,active,,261757.0,262657.0,120 121 122 123 124,-1.0,
base,active,,262095.0,262658.0,102 103 104 105,-1.0,
base,active,262125.0,262125.0,262193.0,106 118 119 125,35733.0,False
base,active,,262193.0,262658.0,106 118 119 125,-1.0,
base,active,,262655.0,262658.0,66 67,-1.0,
base,switching_off,,262657.0,264457.0,120 121 122 123 124,-2.0,
base,active,,262658.0,262711.0,110 111 112 113 114 115 116 117 126 127,-1.0,
base,active,260809.0,262658.0,262789.0,0 1 2 3 4 5 16 20 21 22 23 24 37 38 39 40 41 42 43 66 67 102 103 104 105 106 107 108 109 118 119 125,35714.0,False
base,active,,262711.0,262757.0,72 73 83 84,-1.0,
base,active,,262711.0,262778.0,85 86,-1.0,
base,active,,262711.0,262789.0,87 88 100 101,-1.0,
base,active,260967.0,262711.0,263379.0,44 45 46 47 48 49 50 51 52 57 58 59 60 61 62 63 64 65 68 69 70 71 110 111 112 113 114 115 116 117 126 127,35716.0,False
base,active,262757.0,262757.0,262907.0,72 73 83 84,35737.0,False
base,active,262778.0,262778.0,262910.0,85 86,35738.0,False
base,active,,262789.0,263379.0,109 118 119 125,-1.0,
base,active,261173.0,262789.0,264683.0,0 1 2 3 4 5 16 20 21 22 23 24 37 38 39 40 41 42 43 66 67 87 88 100 101 102 103 104 105 106 107 108,35720.0,False
base,active,,262907.0,263379.0,72 73 83 84,-1.0,
base,active,,262910.0,263379.0,85 86,-1.0,
base,sleeping,,263059.0,263788.0,74,-4.0,
base,sleeping,,263098.0,263788.0,75 76 77 78 79,-4.0,
base,sleeping,,263098.0,264023.0,80 81 82,-4.0,
base,active,,263379.0,264023.0,111 112 113 114,-1.0,
base,active,262207.0,263379.0,264051.0,44 45 46 47 48 49 50 51 52 57 58 59 60 61 62 63 64 65 68 69 70 71 72 73 83 84 85 86 109 118 119 125,35734.0,False
base,active,,263379.0,264051.0,115 116 117 126 127,-1.0,
base,active,,263379.0,266723.0,110,-1.0,
base,switching_on,,263788.0,266488.0,74 75 76 77 78 79,-3.0,
base,active,264023.0,264023.0,264221.0,111 112 113 114,35749.0,False
base,switching_on,,264023.0,266723.0,80 81 82,-3.0,
base,active,,264051.0,264068.0,86,-1.0,
base,active,,264051.0,264106.0,109,-1.0,
base,active,,264051.0,264133.0,118,-1.0,
base,active,,264051.0,264178.0,119,-1.0,
base,active,,264051.0,264248.0,125,-1.0,
base,active,262882.0,264051.0,266872.0,44 45 46 47 48 49 50 51 52 57 58 59 60 61 62 63 64 65 68 69 70 71 72 73 83 84 85 115 116 117 126 127,35739.0,False
base,active,264068.0,264068.0,264098.0,86,35750.0,False
base,active,,264098.0,264248.0,86,-1.0,
base,active,264106.0,264106.0,264150.0,109,35751.0,False
base,active,264133.0,264133.0,264164.0,118,35752.0,False
base,active,,264150.0,264248.0,109,-1.0,
base,active,,264164.0,264248.0,118,-1.0,
base,active,264178.0,264178.0,264214.0,119,35753.0,False
base,active,,264214.0,264248.0,119,-1.0,
base,active,,264221.0,264248.0,111,-1.0,
base,active,,264221.0,264322.0,112,-1.0,
base,active,,264221.0,267304.0,113 114,-1.0,
base,active,264248.0,264248.0,264387.0,111 119,35756.0,False
base,active,264218.0,264248.0,264418.0,86 109 118 125,35755.0,False
base,active,264322.0,264322.0,264349.0,112,35758.0,False
base,active,,264349.0,267304.0,112,-1.0,
base,active,,264387.0,264683.0,111 119,-1.0,
base,active,,264418.0,264683.0,86 109 118 125,-1.0,
base,sleeping,,264457.0,264604.0,120 121 122 123 124,-4.0,
base,switching_on,,264604.0,267304.0,120 121 122 123 124,-3.0,
base,active,264625.0,264683.0,264781.0,103 104,35761.0,False
base,active,,264683.0,265583.0,105 106 107 108,-1.0,
base,active,264208.0,264683.0,266581.0,0 1 2 3 4 5 16 20 21 22 23 24 37 38 39 40 41 42 43 66 67 86 87 88 100 101 102 109 111 118 119 125,35754.0,False
base,active,,264781.0,264983.0,103 104,-1.0,
base,active,264983.0,264983.0,264991.0,104,35768.0,False
base,active,264956.0,264983.0,265005.0,103,35767.0,False
base,active,,264991.0,265211.0,104,-1.0,
base,active,,265005.0,265230.0,103,-1.0,
base,active,265211.0,265211.0,265228.0,104,35773.0,False
base,active,,265228.0,265355.0,104,-1.0,
base,active,265230.0,265230.0,265252.0,103,35774.0,False
base,active,,265252.0,266152.0,103,-1.0,
base,active,265355.0,265355.0,265362.0,104,35776.0,False
base,active,,265362.0,266262.0,104,-1.0,
base,switching_off,,265583.0,267383.0,105 106 107 108,-2.0,
base,switching_off,,266152.0,267952.0,103,-2.0,
base,switching_off,,266262.0,268062.0,104,-2.0,
base,active,263767.0,266488.0,266663.0,74 75 76 77,35745.0,False
base,active,263788.0,266488.0,266916.0,78 79,35747.0,False
base,active,266458.0,266581.0,266593.0,125,35785.0,False
base,active,265031.0,266581.0,266601.0,21 22 23 24,35770.0,False
base,active,265165.0,266581.0,266601.0,41 42 43 66,35772.0,False
base,active,265106.0,266581.0,266602.0,37 38 39 40,35771.0,False
base,active,264801.0,266581.0,266603.0,0 1 2 3 4 5 16 20,35764.0,False
base,active,266514.0,266581.0,266609.0,119,35788.0,False
base,active,266529.0,266581.0,266643.0,118,35789.0,False
base,active,265284.0,266581.0,266666.0,67 86 87 88 100 101 102 109,35775.0,False
base,active,,266581.0,266666.0,111,-1.0,
base,active,,266593.0,266666.0,125,-1.0,
base,active,,266601.0,266666.0,21 22 23 24 41 42 43 66,-1.0,
base,active,,266602.0,266666.0,37 38 39 40,-1.0,
base,active,,266603.0,266666.0,0 1 2 3 4 5 16 20,-1.0,
base,active,,266609.0,266666.0,119,-1.0,
base,active,,266643.0,266666.0,118,-1.0,
base,active,,266663.0,266666.0,74 75 76 77,-1.0,
base,active,,266666.0,266767.0,100 101 102 109,-1.0,
base,active,265832.0,266666.0,269626.0,0 1 2 3 4 5 16 20 21 22 23 24 37 38 39 40 41 42 43 66 67 74 75 76 77 86 87 88 111 118 119 125,35778.0,False
base,active,263864.0,266723.0,266767.0,80 81 82 110,35748.0,False
base,active,266128.0,266767.0,266855.0,80 81 82 100 101 102 109 110,35780.0,False
base,active,266277.0,266855.0,266960.0,80 81 82 100 101 102 109 110,35781.0,False
base,active,266459.0,266872.0,268439.0,44 45 46 47 48 49 50 51 52 57 58 59 60 61 62 63 64 65 68 69 70 71 72 73 83 84 85 115 116 117 126 127,35786.0,False
base,active,266693.0,266916.0,266931.0,79,35792.0,False
base,active,266648.0,266916.0,266937.0,78,35791.0,False
base,active,266726.0,266931.0,266946.0,79,35793.0,False
base,active,266776.0,266937.0,266952.0,78,35794.0,False
base,active,,266946.0,267846.0,79,-1.0,
base,active,,266952.0,267852.0,78,-1.0,
base,active,,266960.0,267860.0,80 81 82 100 101 102 109 110,-1.0,
base,active,264267.0,267304.0,267371.0,120 121 122 123,35757.0,False
base,active,264604.0,267304.0,267420.0,112 113 114 124,35760.0,False
base,active,,267371.0,268271.0,120 121 122 123,-1.0,
base,sleeping,,267383.0,270782.0,105 106 107 108,-4.0,
base,active,,267420.0,268320.0,112 113 114 124,-1.0,
base,switching_off,,267846.0,269646.0,79,-2.0,
base,switching_off,,267852.0,269652.0,78,-2.0,
base,switching_off,,267860.0,269660.0,80 81 82 100 101 102 109 110,-2.0,
base,sleeping,,267952.0,270782.0,103,-4.0,
base,sleeping,,268062.0,270782.0,104,-4.0,
base,switching_off,,268271.0,270071.0,120 121 122 123,-2.0,
base,switching_off,,268320.0,270120.0,112 113 114 124,-2.0,
base,active,268055.0,268439.0,268490.0,44 45 46 47 48 49 50 51 52 57 58 59 60 61 62 63 64 65 68 69 70 71 72 73 83 84 85 115 116 117 126 127,35802.0,False
base,active,,268490.0,268635.0,44 45 46 47 48 49 50 51 52 57 58 59 60 61 62 63 64 65 68 69 70 71 72 73 83 84 85 115 116 117 126 127,-1.0,
base,active,268635.0,268635.0,268719.0,44 45 46 47 48 49 50 51 52 57 58 59 60 61 62 63 64 65 68 69 70 71 72 73 83 84 85 115 116 117 126 127,35805.0,False
base,active,,268719.0,268890.0,83 84 85 115 116 117 126 127,-1.0,
base,active,,268719.0,269035.0,44 45 46 47 48 49 50 51 52 57 58 59 60 61 62 63 64 65 68 69 70 71 72 73,-1.0,
base,active,268890.0,268890.0,269035.0,83 84 85 115 116 117 126 127,35807.0,False
base,active,268905.0,269035.0,269119.0,44 45 46 47 48 49 50 51 52 57 58 59 60 61 62 63 64 65 68 69 70 71 72 73 83 84 85 115 116 117 126 127,35808.0,False
base,active,,269119.0,269450.0,64 65 68 69 70 71 72 73 83 84 85 115 116 117 126 127,-1.0,
base,active,,269119.0,269626.0,44 45 46 47 48 49 50 51 52 57 58 59 60 61 62 63,-1.0,
base,active,269450.0,269450.0,269540.0,64 65 68 69 70 71 72 73 83 84 85 115 116 117 126 127,35812.0,False
base,active,,269540.0,269626.0,64 65 68 69 70 71 72 73 83 84 85 115 116 117 126 127,-1.0,
base,active,267968.0,269626.0,269647.0,0 1 2 3 4 5 16 20 21 22 23 24 37 38 39 40 41 42 43 44 45 46 47 48 49 50 51 52 57 58 59 60 61 62 63 64 65 66 67 68 69 70 71 72 73 74 75 76 77 83 84 85 86 87 88 111 115 116 117 118 119 125 126 127,35799.0,False
base,sleeping,,269646.0,270782.0,79,-4.0,
base,active,268001.0,269647.0,269694.0,0 1 2 3 4 5 16 20 21 22 23 24 37 38 39 40 41 42 43 44 45 46 47 48 49 50 51 52 57 58 59 60 61 62 63 64 65 66 67 68 69 70 71 72 73 74 75 76 77 83 84 85 86 87 88 111 115 116 117 118 119 125 126 127,35800.0,False
base,sleeping,,269652.0,270782.0,78,-4.0,
base,sleeping,,269660.0,270782.0,80 81 82 100 101 102 109 110,-4.0,
base,active,268808.0,269694.0,272373.0,61 62 63 64 65 66 67 68 69 70 71 72 73 74 75 76 77 83 84 85 86 87 88 111 115 116 117 118 119 125 126 127,35806.0,False
base,active,268054.0,269694.0,272378.0,0 1 2 3 4 5 16 20 21 22 23 24 37 38 39 40 41 42 43 44 45 46 47 48 49 50 51 52 57 58 59 60,35801.0,False
base,sleeping,,270071.0,270782.0,120 121 122 123,-4.0,
base,sleeping,,270120.0,270782.0,112 113 114 124,-4.0,
base,active,270742.0,270782.0,270802.0,99,35830.0,False
base,active,,270782.0,273482.0,92 93 94 95 96 97 98,-1.0,
base,switching_on,,270782.0,273482.0,78 79 80 81 82 100 101 102 103 104 105 106 107 108 109 110 112 113 114 120 121 122 123 124,-3.0,
base,active,270391.0,270796.0,270846.0,28 29 30 31 32 33 34 35 36 53 54 55 56 89 90 91,35825.0,False
base,active,270674.0,270796.0,270847.0,14 15 17 18 19 25 26 27,35828.0,False
base,active,270419.0,270796.0,272470.0,6 7 8 9 10 11 12 13,35826.0,False
base,active,,270802.0,270846.0,99,-1.0,
base,active,270449.0,270846.0,270940.0,29 30 31 32 33 34 35 36 53 54 55 56 89 90 91 99,35827.0,False
base,active,,270846.0,271746.0,28,-1.0,
base,active,,270847.0,271747.0,14 15 17 18 19 25 26 27,-1.0,
base,active,270751.0,270940.0,271040.0,29 30 31 32 33 34 35 36 53 54 55 56 89 90 91 99,35831.0,False
base,active,,271040.0,271346.0,29 30 31 32 33 34 35 36 53 54 55 56 89 90 91 99,-1.0,
base,active,271346.0,271346.0,271457.0,29 30 31 32 33 34 35 36 53 54 55 56 89 90 91 99,35832.0,False
base,active,271387.0,271457.0,271528.0,29 30 31 32 33 34 35 36 53 54 55 56 89 90 91 99,35833.0,False
base,active,271478.0,271528.0,271735.0,29 30 31 32 33 34 35 36 53 54 55 56 89 90 91 99,35835.0,False
base,active,,271735.0,271741.0,29 30 31 32 33 34 35 36 53 54 55 56 89 90 91 99,-1.0,
base,active,271741.0,271741.0,271980.0,29 30 31 32 33 34 35 36 53 54 55 56 89 90 91 99,35838.0,False
base,switching_off,,271746.0,273546.0,28,-2.0,
base,switching_off,,271747.0,273547.0,14 15 17 18 19 25 26 27,-2.0,
base,active,,271980.0,272018.0,29 30 31 32 33 34 35 36 53 54 55 56 89 90 91 99,-1.0,
base,active,272018.0,272018.0,272310.0,29 30 31 32 33 34 35 36 53 54 55 56 89 90 91 99,35842.0,False
base,active,,272310.0,272378.0,30 31 32 33 34 35 36 53 54 55 56 89 90 91 99,-1.0,
base,active,272246.0,272310.0,273952.0,29,35845.0,False
base,active,,272373.0,272378.0,61 62 63 64 65 66 67 68 69 70 71 72 73 74 75 76 77 83 84 85 86 87 88 111 115 116 117 118 119 125 126 127,-1.0,
base,active,269103.0,272378.0,272412.0,0 1 2 3 4 5 16 20 21 22 23 24 30 31 32 33 34 35 36 37 38 39 40 41 53 54 55 56 61 62 63 64 65 66 67 68 69 70 71 72 73 74 75 76 77 83 84 85 86 87 88 89 90 91 99 111 115 116 117 118 119 125 126 127,35810.0,False
base,active,,272378.0,272412.0,42 43 44 45 46 47 48 49 50 51 52 57 58 59 60,-1.0,
base,active,,272412.0,272578.0,35 36 37 38 39 40 41 53 54 55 56 61 62 63 64 65 66 67 68 69 70 71 72 73 74 75 76 77 83 84 85 86 87 88 89 90 91 99 111 115 116 117 118 119 125 126 127,-1.0,
base,active,269660.0,272412.0,283401.0,0 1 2 3 4 5 16 20 21 22 23 24 30 31 32 33 34 42 43 44 45 46 47 48 49 50 51 52 57 58 59 60,35817.0,False
base,active,,272470.0,272578.0,13,-1.0,
base,active,,272470.0,273370.0,6 7 8 9 10 11 12,-1.0,
base,active,271608.0,272578.0,272586.0,65 66 67 68 69 70 71 72 73 74 75 76 77 83 84 85 86 87 88 89 90 91 99 111 115 116 117 118 119 125 126 127,35837.0,False
base,active,272578.0,272578.0,272706.0,13 35 36 37 38 39 40 41 53 54 55 56 61 62 63 64,35846.0,False
base,active,,272586.0,272670.0,65 66 67 68 69 70 71 72 73 74 75 76 77 83 84 85 86 87 88 89 90 91 99 111 115 116 117 118 119 125 126 127,-1.0,
base,active,272637.0,272670.0,272688.0,65 66 67 68 69 70 71 72 73 74 75 76 77 83 84 85 86 87 88 89 90 91 99 111 115 116 117 118 119 125 126 127,35847.0,False
base,active,,272688.0,272849.0,65 66 67 68 69 70 71 72 73 74 75 76 77 83 84 85 86 87 88 89 90 91 99 111 115 116 117 118 119 125 126 127,-1.0,
base,active,,272706.0,273508.0,13 35 36 37,-1.0,
base,active,,272706.0,276261.0,38 39 40 41 53 54 55 56 61 62 63 64,-1.0,
base,active,272670.0,272849.0,272870.0,65 66 67 68 69 70 71 72 73 74 75 76 77 83 84 85 86 87 88 89 90 91 99 111 115 116 117 118 119 125 126 127,35849.0,False
base,active,,272870.0,273009.0,65 66 67 68 69 70 71 72 73 74 75 76 77 83 84 85 86 87 88 89 90 91 99 111 115 116 117 118 119 125 126 127,-1.0,
base,active,272849.0,273009.0,273165.0,65 66 67 68 69 70 71 72 73 74 75 76 77 83 84 85 86 87 88 89 90 91 99 111 115 116 117 118 119 125 126 127,35850.0,False
base,active,,273165.0,276261.0,65 66 67 68 69 70 71 72 73 74 75 76 77 83 84 85 86 87 88 89 90 91 99 111 115 116 117 118 119 125 126 127,-1.0,
base,switching_off,,273370.0,275170.0,6 7 8 9 10 11 12,-2.0,
base,active,270054.0,273482.0,273552.0,120 121 122 123,35822.0,False
base,active,269832.0,273482.0,273555.0,113 114,35821.0,False
base,active,270192.0,273482.0,273561.0,92 93 94 95 96 97 98 124,35823.0,False
base,active,269661.0,273482.0,273579.0,103,35818.0,False
base,active,269627.0,273482.0,273594.0,78 79 80 81 82 100 101 102,35816.0,False
base,active,269711.0,273482.0,284421.0,104 105 106 107 108 109 110 112,35819.0,False
base,active,273508.0,273508.0,273563.0,13 35 36 37,35853.0,False
base,sleeping,,273546.0,273561.0,28,-4.0,
base,sleeping,,273547.0,273561.0,14 15 17 18 19 25 26 27,-4.0,
base,active,,273552.0,276261.0,120 121 122 123,-1.0,
base,active,,273555.0,276261.0,113 114,-1.0,
base,active,,273561.0,274461.0,97 98 124,-1.0,
base,active,,273561.0,276261.0,92 93 94 95 96,-1.0,
base,switching_on,,273561.0,276261.0,14 15 17 18 19 25 26 27 28,-3.0,
base,active,,273563.0,273818.0,13,-1.0,
base,active,,273563.0,274015.0,35,-1.0,
base,active,,273563.0,274188.0,36 37,-1.0,
base,active,,273579.0,274479.0,103,-1.0,
base,active,,273594.0,274188.0,78 79 80 81 82,-1.0,
base,active,,273594.0,274494.0,100 101 102,-1.0,
base,active,273818.0,273818.0,273856.0,13,35860.0,False
base,active,,273856.0,274188.0,13,-1.0,
base,active,,273952.0,274192.0,29,-1.0,
base,active,274015.0,274015.0,274135.0,35,35862.0,False
base,active,,274135.0,274225.0,35,-1.0,
base,active,274188.0,274188.0,274329.0,13 36 37 78 79 80 81 82,35864.0,False
base,active,274192.0,274192.0,274209.0,29,35865.0,False
base,active,,274209.0,274451.0,29,-1.0,
base,active,274225.0,274225.0,274362.0,35,35867.0,False
base,active,,274329.0,274451.0,13 36 37,-1.0,
base,active,,274329.0,274682.0,78 79 80,-1.0,
base,active,,274329.0,275229.0,81 82,-1.0,
base,active,,274362.0,274682.0,35,-1.0,
base,active,274451.0,274451.0,274497.0,13 29 36 37,35873.0,False
base,switching_off,,274461.0,276261.0,97 98 124,-2.0,
base,switching_off,,274479.0,276279.0,103,-2.0,
base,switching_off,,274494.0,276294.0,100 101 102,-2.0,
base,active,,274497.0,274797.0,13,-1.0,
base,active,,274497.0,274826.0,29 36 37,-1.0,
base,active,274682.0,274682.0,274721.0,35 78 79 80,35877.0,False
base,active,,274721.0,274826.0,35,-1.0,
base,active,,274721.0,275621.0,78 79 80,-1.0,
base,active,274797.0,274797.0,275069.0,13,35879.0,False
base,active,274826.0,274826.0,274868.0,29 35 36 37,35880.0,False
base,active,,274868.0,275689.0,29,-1.0,
base,active,,274868.0,275725.0,35 36 37,-1.0,
base,active,,275069.0,275725.0,13,-1.0,
base,sleeping,,275170.0,275234.0,6,-4.0,
base,sleeping,,275170.0,275485.0,7 8 9 10,-4.0,
base,sleeping,,275170.0,275544.0,11,-4.0,
base,sleeping,,275170.0,275634.0,12,-4.0,
base,switching_off,,275229.0,277029.0,81 82,-2.0,
base,switching_on,,275234.0,277934.0,6,-3.0,
base,switching_on,,275485.0,278185.0,7 8 9 10,-3.0,
base,switching_on,,275544.0,278244.0,11,-3.0,
base,switching_off,,275621.0,277421.0,78 79 80,-2.0,
base,switching_on,,275634.0,278334.0,12,-3.0,
base,active,275689.0,275689.0,275734.0,29,35891.0,False
base,active,275725.0,275725.0,275763.0,13 35 36 37,35892.0,False
base,active,,275734.0,275763.0,29,-1.0,
base,active,275741.0,275763.0,275914.0,13 29 35 36,35893.0,False
base,active,,275763.0,275914.0,37,-1.0,
base,active,275764.0,275914.0,276042.0,13 37,35894.0,False
base,active,,275914.0,276042.0,29 35 36,-1.0,
base,active,275966.0,276042.0,276083.0,13 29 35 36,35896.0,False
base,active,,276042.0,276232.0,37,-1.0,
base,active,,276083.0,276232.0,13 29 35,-1.0,
base,active,,276083.0,276272.0,36,-1.0,
base,active,276232.0,276232.0,276269.0,13 29 35 37,35897.0,False
base,active,271581.0,276261.0,276272.0,14 15 17 18 19 25 26 27 28 38 39 40 41 53 54 55 56 61 62 63 64 65 66 67 68 69 70 71 72 73 74 75 76 77 83 84 85 86 87 88 89 90 91 92 93 94 95 96 99 111 113 114 115 116 117 118 119 120 121 122 123 125 126 127,35836.0,False
base,sleeping,,276261.0,276295.0,97 98,-4.0,
base,sleeping,,276261.0,276649.0,124,-4.0,
base,active,,276269.0,276272.0,13 29 35 37,-1.0,
base,active,274015.0,276272.0,276314.0,76 77 83 84 85 86 87 88 89 90 91 92 93 94 95 96 99 111 113 114 115 116 117 118 119 120 121 122 123 125 126 127,35861.0,False
base,active,,276272.0,276671.0,74 75,-1.0,
base,active,273009.0,276272.0,276761.0,13 14 15 17 18 19 25 26 27 28 29 35 36 37 38 39 40 41 53 54 55 56 61 62 63 64 65 66 67 68 69 70,35851.0,False
base,active,,276272.0,279349.0,71 72 73,-1.0,
base,sleeping,,276279.0,276612.0,103,-4.0,
base,sleeping,,276294.0,276295.0,100 101,-4.0,
base,sleeping,,276294.0,276558.0,102,-4.0,
base,switching_on,,276295.0,278995.0,97 98 100 101,-3.0,
base,active,274047.0,276314.0,276461.0,76 77 83 84 85 86 87 88 89 90 91 92 93 94 95 96 99 111 113 114 115 116 117 118 119 120 121 122 123 125 126 127,35863.0,False
base,active,274205.0,276461.0,276471.0,76 77 83 84 85 86 87 88 89 90 91 92 93 94 95 96 99 111 113 114 115 116 117 118 119 120 121 122 123 125 126 127,35866.0,False
base,active,274237.0,276471.0,276514.0,76 77 83 84 85 86 87 88 89 90 91 92 93 94 95 96 99 111 113 114 115 116 117 118 119 120 121 122 123 125 126 127,35868.0,False
base,active,274325.0,276514.0,276537.0,76 77 83 84 85 86 87 88 89 90 91 92 93 94 95 96 99 111 113 114 115 116 117 118 119 120 121 122 123 125 126 127,35870.0,False
base,active,274369.0,276537.0,276538.0,76 77 83 84 85 86 87 88 89 90 91 92 93 94 95 96 99 111 113 114 115 116 117 118 119 120 121 122 123 125 126 127,35871.0,False
base,active,274378.0,276538.0,276558.0,76 77 83 84 85 86 87 88 89 90 91 92 93 94 95 96 99 111 113 114 115 116 117 118 119 120 121 122 123 125 126 127,35872.0,False
base,active,274671.0,276558.0,276582.0,76 77 83 84 85 86 87 88 89 90 91 92 93 94 95 96 99 111 113 114 115 116 117 118 119 120 121 122 123 125 126 127,35876.0,False
base,switching_on,,276558.0,279258.0,102,-3.0,
base,active,275018.0,276582.0,276649.0,99 111 113 114 115 116 117 118 119 120 121 122 123 125 126 127,35881.0,False
base,active,,276582.0,276761.0,76 77 83 84 85 86 87 88 89 90 91 92 93 94 95 96,-1.0,
base,switching_on,,276612.0,279312.0,103,-3.0,
base,active,,276649.0,276761.0,99 111 113 114 115 116 117 118 119 120 121 122 123 125 126 127,-1.0,
base,switching_on,,276649.0,279349.0,124,-3.0,
base,active,276671.0,276671.0,276958.0,74 75,35903.0,False
base,active,273798.0,276761.0,276966.0,13 14 15 17 18 19 25 26 27 28 29 35 36 37 38 39 40 41 53 54 55 56 61 62 63 64 65 66 67 68 69 70 76 77 83 84 85 86 87 88 89 90 91 92 93 94 95 96 99 111 113 114 115 116 117 118 119 120 121 122 123 125 126 127,35858.0,False
base,active,,276958.0,276966.0,74 75,-1.0,
base,active,274536.0,276966.0,277030.0,13 14 15 17 18 19 25 26 27 28 29 35 36 37 38 39 40 41 53 54 55 56 61 62 63 64 65 66 67 68 69 70 74 75 76 77 83 84 85 86 87 88 89 90 91 92 93 94 95 96 99 111 113 114 115 116 117 118 119 120 121 122 123 125,35875.0,False
base,active,,276966.0,277030.0,126 127,-1.0,
base,sleeping,,277029.0,277562.0,81,-4.0,
base,sleeping,,277029.0,288510.0,82,-4.0,
base,active,,277030.0,277068.0,38 39 40 41,-1.0,
base,active,,277030.0,277098.0,53 54 55 56,-1.0,
base,active,276787.0,277030.0,277111.0,13 14 15 17 18 19 25 26 27 28 29 35 36 37 126 127,35904.0,False
base,active,,277030.0,277130.0,61 62 63 64,-1.0,
base,active,,277030.0,277152.0,65 66,-1.0,
base,active,,277030.0,277159.0,67 68 69 70 74 75 76 77 83 84 85 86 87 88 89 90 91 92 93 94 95 96 99 111 113 114 115 116 117 118 119 120,-1.0,
base,active,,277030.0,277218.0,121 122 123 125,-1.0,
base,active,277068.0,277068.0,277089.0,38 39 40 41,35905.0,False
base,active,,277089.0,277429.0,38 39 40 41,-1.0,
base,active,277098.0,277098.0,277161.0,53 54 55 56,35906.0,False
base,active,,277111.0,277429.0,13 14 15 17 18 19 25 26 27 28 29 35 36 37 126 127,-1.0,
base,active,277130.0,277130.0,277236.0,61 62 63 64,35907.0,False
base,active,277152.0,277152.0,277236.0,65 66,35908.0,False
base,active,277159.0,277159.0,277295.0,67 68 69 70 74 75 76 77 83 84 85 86 87 88 89 90 91 92 93 94 95 96 99 111 113 114 115 116 117 118 119 120,35909.0,False
base,active,,277161.0,277429.0,53 54 55 56,-1.0,
base,active,277218.0,277218.0,277259.0,121 122 123 125,35910.0,False
base,active,,277236.0,277429.0,61 62 63 64 65 66,-1.0,
base,active,,277259.0,277429.0,121 122 123 125,-1.0,
base,active,,277295.0,277429.0,67 68 69 70 74 75 76 77 83 84 85 86 87 88 89 90 91 92 93 94 95 96 99 111 113 114 115 116 117 118,-1.0,
base,active,,277295.0,277584.0,119 120,-1.0,
base,sleeping,,277421.0,277562.0,78 79 80,-4.0,
base,active,277429.0,277429.0,277652.0,13 14 15 17 18 19 25 26 27 28 29 35 36 37 38 39 40 41 53 54 55 56 61 62 63 64 65 66 67 68 69 70 74 75 76 77 83 84 85 86 87 88 89 90 91 92 93 94 95 96 99 111 113 114 115 116 117 118 121 122 123 125 126 127,35911.0,False
base,switching_on,,277562.0,280262.0,78 79 80 81,-3.0,
base,active,277584.0,277584.0,277946.0,119 120,35913.0,False
base,active,,277652.0,277658.0,13 14 15 17,-1.0,
base,active,,277652.0,277710.0,18 19 25 26,-1.0,
base,active,,277652.0,277791.0,27 28 29 35,-1.0,
base,active,,277652.0,277891.0,36 37 38 39,-1.0,
base,active,,277652.0,277982.0,40 41 53 54 55 56 61 62,-1.0,
base,active,,277652.0,278115.0,63 64 65 66 67 68 69 70 74 75 76 77 83 84 85 86,-1.0,
base,active,,277652.0,278315.0,87 88 89 90 91 92 93 94 95 96 99 111 113 114 115 116 117 118 121 122 123 125 126 127,-1.0,
base,active,277658.0,277658.0,277696.0,13 14 15 17,35914.0,False
base,active,,277696.0,278315.0,13 14 15 17,-1.0,
base,active,277710.0,277710.0,277748.0,18 19 25 26,35915.0,False
base,active,,277748.0,278315.0,18 19 25 26,-1.0,
base,active,277791.0,277791.0,277843.0,27 28 29 35,35916.0,False
base,active,,277843.0,278541.0,27 28 29 35,-1.0,
base,active,277891.0,277891.0,277928.0,36 37 38 39,35917.0,False
base,active,,277928.0,278594.0,36 37 38 39,-1.0,
base,active,275234.0,277934.0,277966.0,6,35885.0,False
base,active,,277946.0,278594.0,119 120,-1.0,
base,active,,277966.0,278594.0,6,-1.0,
base,active,277982.0,277982.0,278030.0,40 41 53 54 55 56 61 62,35918.0,False
base,active,,278030.0,278594.0,40 41 53 54 55 56 61 62,-1.0,
base,active,278115.0,278115.0,278536.0,63 64 65 66 67 68 69 70 74 75 76 77 83 84 85 86,35919.0,False
base,active,275485.0,278185.0,278223.0,7 8 9 10,35888.0,False
base,active,,278223.0,278594.0,7,-1.0,
base,active,,278223.0,278686.0,8 9 10,-1.0,
base,active,275544.0,278244.0,281105.0,11,35889.0,False
base,active,278315.0,278315.0,278546.0,13 14 15 17 18 19 25 26 87 88 89 90 91 92 93 94 95 96 99 111 113 114 115 116 117 118 121 122 123 125 126 127,35920.0,False
base,active,275634.0,278334.0,278375.0,12,35890.0,False
base,active,,278375.0,278686.0,12,-1.0,
base,active,,278536.0,278686.0,63 64 65 66 67 68 69 70 74 75 76 77,-1.0,
base,active,,278536.0,278693.0,83 84 85 86,-1.0,
base,active,278541.0,278541.0,278579.0,27 28 29 35,35921.0,False
base,active,,278546.0,278693.0,13 14 15 17 18 19 25 26 87 88 89 90,-1.0,
base,active,,278546.0,278768.0,91 92 93 94 95 96 99 111 113 114 115 116 117 118 121 122,-1.0,
base,active,,278546.0,279222.0,123 125 126 127,-1.0,
base,active,,278579.0,279222.0,27 28 29 35,-1.0,
base,active,278594.0,278594.0,278653.0,6 7 36 37 38 39 40 41 53 54 55 56 61 62 119 120,35922.0,False
base,active,,278653.0,279222.0,6 7 36 37 38 39 40 41,-1.0,
base,active,,278653.0,279266.0,53 54 55 56 61 62 119 120,-1.0,
base,active,278686.0,278686.0,278692.0,8 9 10 12 63 64 65 66 67 68 69 70 74 75 76 77,35923.0,False
base,active,,278692.0,279295.0,8 9 10 12 63 64 65 66 67 68 69 70 74 75 76 77,-1.0,
base,active,278693.0,278693.0,278781.0,13 14 15 17 18 19 25 26 83 84 85 86 87 88 89 90,35924.0,False
base,active,278768.0,278768.0,279208.0,91 92 93 94 95 96 99 111 113 114 115 116 117 118 121 122,35925.0,False
base,active,,278781.0,279345.0,13 14 15 17,-1.0,
base,active,,278781.0,279349.0,18 19 25 26 83 84 85 86 87 88 89 90,-1.0,
base,active,276295.0,278995.0,279035.0,97 98 100 101,35898.0,False
base,active,,279035.0,279349.0,97 98 100 101,-1.0,
base,active,,279208.0,279357.0,91 92 93 94 95 96 99 111 113 114 115 116 117 118 121 122,-1.0,
base,active,279222.0,279222.0,279290.0,6 7 27 28 29 35 36 37 38 39 40 41 123 125 126 127,35926.0,False
base,active,276558.0,279258.0,279296.0,102,35900.0,False
base,active,279266.0,279266.0,279295.0,53 54 55 56 61 62 119 120,35927.0,False
base,active,,279290.0,279364.0,6 7 27 28 29 35 36 37 38 39 40 41 123 125 126 127,-1.0,
base,active,279295.0,279295.0,279343.0,8 9 10 12 63 64 65 66 67 68 69 70 74 75 76 77,35928.0,False
base,active,,279295.0,279372.0,53,-1.0,
base,active,,279295.0,279601.0,54 55 56 61 62 119 120,-1.0,
base,active,,279296.0,279601.0,102,-1.0,
base,active,276612.0,279312.0,279345.0,103,35901.0,False
base,active,,279343.0,279601.0,8 9 10 12 63 64 65 66 67 68 69 70 74 75 76 77,-1.0,
base,active,279345.0,279345.0,279383.0,13 14 15 17,35929.0,False
base,active,,279345.0,279601.0,103,-1.0,
base,active,279349.0,279349.0,279355.0,18 19 25 26 83 84 85 86 87 88 89 90 97 98 100 101,35930.0,False
base,active,276649.0,279349.0,279658.0,71 72 73 124,35902.0,False
base,active,,279355.0,279601.0,18 19 25 26 83 84 85,-1.0,
base,active,,279355.0,279611.0,86 87 88 89 90 97 98 100,-1.0,
base,active,,279355.0,279695.0,101,-1.0,
base,active,279357.0,279357.0,279363.0,91 92 93 94 95 96 99 111 113 114 115 116 117 118 121 122,35931.0,False
base,active,,279363.0,279695.0,91 92 93,-1.0,
base,active,,279363.0,279856.0,94 95 96 99,-1.0,
base,active,,279363.0,279934.0,111 113 114 115,-1.0,
base,active,,279363.0,280161.0,116 117 118 121 122,-1.0,
base,active,279364.0,279364.0,279438.0,6 7 27 28 29 35 36 37 38 39 40 41 123 125 126 127,35932.0,False
base,active,279372.0,279372.0,279375.0,53,35933.0,False
base,active,,279375.0,280161.0,53,-1.0,
base,active,,279383.0,280161.0,13 14 15 17,-1.0,
base,active,,279438.0,280161.0,6 7 27 28 29 35 36 37 38 39 40 41 123 125 126 127,-1.0,
base,active,279601.0,279601.0,282795.0,8 9 10 12 18 19 25 26 54 55 56 61 62 63 64 65 66 67 68 69 70 74 75 76 77 83 84 85 102 103 119 120,35934.0,False
base,active,279611.0,279611.0,280107.0,86 87 88 89 90 97 98 100,35935.0,False
base,active,,279658.0,280161.0,71 72 73 124,-1.0,
base,active,279695.0,279695.0,279762.0,91 92 93 101,35936.0,False
base,active,,279762.0,280161.0,91 92,-1.0,
base,active,,279762.0,280228.0,93 101,-1.0,
base,active,279856.0,279856.0,279929.0,94 95 96 99,35937.0,False
base,active,,279929.0,280228.0,94 95,-1.0,
base,active,,279929.0,280272.0,96 99,-1.0,
base,active,279934.0,279934.0,280157.0,111 113 114 115,35938.0,False
base,active,,280107.0,280272.0,86 87 88 89 90 97 98 100,-1.0,
base,active,,280157.0,280272.0,111 113 114 115,-1.0,
base,active,280161.0,280161.0,280247.0,6 7 13 14 15 17 27 28 29 35 36 37 38 39 40 41 53 71 72 73 91 92 116 117 118 121 122 123 124 125 126 127,35939.0,False
base,active,280228.0,280228.0,280271.0,93 94 95 101,35940.0,False
base,active,,280247.0,280272.0,6 7 13 14 15 17 27 28 29 35 36 37 38 39 40 41 53 71,-1.0,
base,active,,280247.0,280337.0,72 73 91 92,-1.0,
base,active,,280247.0,280647.0,116 117 118 121 122 123 124 125 126 127,-1.0,
base,active,277562.0,280262.0,280647.0,78 79 80 81,35912.0,False
base,active,,280271.0,280647.0,93 94 95 101,-1.0,
base,active,280272.0,280272.0,287539.0,6 7 13 14 15 17 27 28 29 35 36 37 38 39 40 41 53 71 86 87 88 89 90 96 97 98 99 100 111 113 114 115,35941.0,False
base,active,280337.0,280337.0,287540.0,72 73 91 92,35942.0,False
base,active,280436.0,280647.0,280694.0,78 79 93 94 95 101 116 117 118 121 122 123 124 125 126 127,35943.0,False
base,active,,280647.0,280694.0,80 81,-1.0,
base,active,280488.0,280694.0,280786.0,78 79 80 81 93 94 95 101 116 117 118 121 122 123 124 125,35944.0,False
base,active,,280694.0,280786.0,126 127,-1.0,
base,active,280584.0,280786.0,280898.0,78 79 80 81 93 94 95 101 116 117 118 121 122 123 126 127,35945.0,False
base,active,,280786.0,280898.0,124 125,-1.0,
base,active,,280898.0,281146.0,95 101 116 117 118 121 122 123,-1.0,
base,active,,280898.0,281798.0,126 127,-1.0,
base,active,280666.0,280898.0,282006.0,78 79 80 81 93 94 124 125,35946.0,False
base,active,,281105.0,282005.0,11,-1.0,
base,active,281146.0,281146.0,281259.0,95 101 116 117 118 121 122 123,35947.0,False
base,active,,281259.0,282159.0,95 101 116 117 118 121 122 123,-1.0,
base,switching_off,,281798.0,283598.0,126 127,-2.0,
base,switching_off,,282005.0,283805.0,11,-2.0,
base,active,,282006.0,282795.0,78 79 80 81 93 94 124 125,-1.0,
base,switching_off,,282159.0,283959.0,95 101 116 117 118 121 122 123,-2.0,
base,active,281265.0,282795.0,282919.0,8 9 10 12 18 19 25 26 54 55 56 61 62 63 64 65 66 67 68 69 70 74 75 76 78 79 80 81 93 94 124 125,35948.0,False
base,active,,282795.0,282919.0,83 84 85 102 103 119 120,-1.0,
base,active,282764.0,282795.0,283839.0,77,35949.0,False
base,active,282805.0,282919.0,283001.0,8 9 10 12 18 19 25 26 54 55 56 61 62 63 64 65 66 67 68 69 70 74 75 76 78 83 84 85 102 103 119 120,35950.0,False
base,active,,282919.0,283001.0,79 80 81 93 94 124 125,-1.0,
base,active,282892.0,283001.0,283117.0,8 9 10 12 18 19 25 26 54 55 56 61 62 63 64 65 66 67 68 69 70 74 75 76 78 79 80 81 93 94 124 125,35951.0,False
base,active,,283001.0,283325.0,83 84 85 102 103 119 120,-1.0,
base,active,,283117.0,283325.0,8 9 10 12 18 19 25 26 54,-1.0,
base,active,,283117.0,283446.0,55 56 61 62 63 64 65 66 67 68 69 70 74 75 76 78 79 80 81 93 94 124 125,-1.0,
base,active,283325.0,283325.0,283331.0,8 9 10 12 18 19 25 26 54 83 84 85 102 103 119 120,35952.0,False
base,active,,283331.0,283446.0,8 9 10 12 18 19 25 26 54,-1.0,
base,active,,283331.0,283835.0,83,-1.0,
base,active,,283331.0,284026.0,84,-1.0,
base,active,,283331.0,284231.0,85 102 103 119 120,-1.0,
base,active,,283401.0,284301.0,0 1 2 3 4 5 16 20 21 22 23 24 30 31 32 33 34 42 43 44 45 46 47 48 49 50 51 52 57 58 59 60,-1.0,
base,active,283446.0,283446.0,284591.0,8 9 10 12 18 19 25 26 54 55 56 61 62 63 64 65 66 67 68 69 70 74 75 76 78 79 80 81 93 94 124 125,35953.0,False
base,sleeping,,283598.0,290238.0,126,-4.0,
base,sleeping,,283598.0,293157.0,127,-4.0,
base,sleeping,,283805.0,288449.0,11,-4.0,
base,active,283835.0,283835.0,283943.0,83,35954.0,False
base,active,,283839.0,284617.0,77,-1.0,
base,active,,283943.0,284617.0,83,-1.0,
base,sleeping,,283959.0,288651.0,95 101,-4.0,
base,sleeping,,283959.0,288709.0,116 117 118,-4.0,
base,sleeping,,283959.0,290238.0,121 122 123,-4.0,
base,active,284026.0,284026.0,284039.0,84,35955.0,False
base,active,,284039.0,284617.0,84,-1.0,
base,switching_off,,284231.0,286031.0,85 102 103 119 120,-2.0,
base,switching_off,,284301.0,286101.0,0 1 2 3 4 5 16 20 21 22 23 24 30 31 32 33 34 42 43 44 45 46 47 48 49 50 51 52 57 58 59 60,-2.0,
base,active,,284421.0,284617.0,104 105 106 107 108 109 110 112,-1.0,
base,active,,284591.0,284617.0,8 9 10 12 18 19 25 26 54 55 56 61 62 63 64 65 66 67 68 69 70,-1.0,
base,active,,284591.0,285002.0,74,-1.0,
base,active,,284591.0,285120.0,75,-1.0,
base,active,,284591.0,285440.0,76,-1.0,
base,active,,284591.0,285491.0,78 79 80 81 93 94 124 125,-1.0,
base,active,284617.0,284617.0,287538.0,8 9 10 12 18 19 25 26 54 55 56 61 62 63 64 65 66 67 68 69 70 77 83 84 104 105 106 107 108 109 110 112,35956.0,False
base,active,285002.0,285002.0,285097.0,74,35957.0,False
base,active,,285097.0,285681.0,74,-1.0,
base,active,285120.0,285120.0,285246.0,75,35958.0,False
base,active,,285246.0,286146.0,75,-1.0,
base,active,285440.0,285440.0,285549.0,76,35959.0,False
base,switching_off,,285491.0,287291.0,78 79 80 81 93 94 124 125,-2.0,
base,active,,285549.0,286184.0,76,-1.0,
base,active,285681.0,285681.0,285786.0,74,35960.0,False
base,active,,285786.0,286686.0,74,-1.0,
base,sleeping,,286031.0,288529.0,85,-4.0,
base,sleeping,,286031.0,288651.0,102,-4.0,
base,sleeping,,286031.0,288688.0,103,-4.0,
base,sleeping,,286031.0,288709.0,119,-4.0,
base,sleeping,,286031.0,290238.0,120,-4.0,
base,sleeping,,286101.0,288449.0,0 1 2 3 4 5 16 20 21 22 23 24 30 31 32 33 34 42 43 44 45 46 47 48 49 50 51 52 57 58 59,-4.0,
base,sleeping,,286101.0,288504.0,60,-4.0,
base,switching_off,,286146.0,287946.0,75,-2.0,
base,active,286184.0,286184.0,286290.0,76,35961.0,False
base,active,,286290.0,286842.0,76,-1.0,
base,switching_off,,286686.0,288486.0,74,-2.0,
base,active,286842.0,286842.0,286982.0,76,35962.0,False
base,active,,286982.0,287174.0,76,-1.0,
base,active,287174.0,287174.0,287421.0,76,35963.0,False
base,sleeping,,287291.0,288504.0,78,-4.0,
base,sleeping,,287291.0,288510.0,79 80 81,-4.0,
base,sleeping,,287291.0,288588.0,93,-4.0,
base,sleeping,,287291.0,288651.0,94,-4.0,
base,sleeping,,287291.0,290238.0,124 125,-4.0,
base,active,,287421.0,287447.0,76,-1.0,
base,active,287447.0,287447.0,287539.0,76,35964.0,False
base,active,,287538.0,287546.0,8,-1.0,
base,active,,287538.0,288438.0,9 10 12 18 19 25 26 54 55 56 61 62 63 64 65 66 67 68 69 70 77 83 84 104 105 106 107 108 109 110 112,-1.0,
base,active,,287539.0,288439.0,6 7 13 14 15 17 27 28 29 35 36 37 38 39 40 41 53 71 76 86 87 88 89 90 96 97 98 99 100 111 113 114 115,-1.0,
base,active,,287540.0,288440.0,72 73 91 92,-1.0,
base,active,287546.0,287546.0,287566.0,8,35965.0,False
base,active,,287566.0,288466.0,8,-1.0,
base,sleeping,,287946.0,288504.0,75,-4.0,
base,switching_off,,288438.0,290238.0,9 10 12 18 19 25 26 54 55 56 61 62 63 64 65 66 67 68 69 70 77 83 84 104 105 106 107 108 109 110 112,-2.0,
base,switching_off,,288439.0,290239.0,6 7 13 14 15 17 27 28 29 35 36 37 38 39 40 41 53 71 76 86 87 88 89 90 96 97 98 99 100 111 113 114 115,-2.0,
base,switching_off,,288440.0,290240.0,72 73 91 92,-2.0,
base,switching_on,,288449.0,291149.0,0 1 2 3 4 5 11 16 20 21 22 23 24 30 31 32 33 34 42 43 44 45 46 47 48 49 50 51 52 57 58 59,-3.0,
base,switching_off,,288466.0,290266.0,8,-2.0,
base,sleeping,,288486.0,288504.0,74,-4.0,
base,switching_on,,288504.0,291204.0,60 74 75 78,-3.0,
base,switching_on,,288510.0,291210.0,79 80 81 82,-3.0,
base,switching_on,,288529.0,291229.0,85,-3.0,
base,switching_on,,288588.0,291288.0,93,-3.0,
base,switching_on,,288651.0,291351.0,94 95 101 102,-3.0,
base,switching_on,,288688.0,291388.0,103,-3.0,
base,switching_on,,288709.0,291409.0,116 117 118 119,-3.0,
base,switching_on,,290238.0,292938.0,9 10 12 18 19 25 26 54 55 56 61 62 63 64 65 66 67 68 69 70 77 83 84 104 105 106 107 108 109 110 112 120 121 122 123 124 125 126,-3.0,
base,sleeping,,290239.0,292412.0,6 7 13,-4.0,
base,sleeping,,290239.0,292742.0,14 15 17 27,-4.0,
base,sleeping,,290239.0,292774.0,28 29 35 36 37 38 39 40,-4.0,
base,sleeping,,290239.0,292783.0,41 53 71 76 86 87,-4.0,
base,sleeping,,290239.0,292968.0,88,-4.0,
base,sleeping,,290239.0,293028.0,89,-4.0,
base,sleeping,,290239.0,293041.0,90,-4.0,
base,sleeping,,290239.0,293105.0,96 97 98,-4.0,
base,sleeping,,290239.0,293157.0,99 100 111 113 114 115,-4.0,
base,sleeping,,290240.0,292783.0,72 73,-4.0,
base,sleeping,,290240.0,293058.0,91,-4.0,
base,sleeping,,290240.0,293105.0,92,-4.0,
base,sleeping,,290266.0,292412.0,8,-4.0,
base,active,288449.0,291149.0,291327.0,0 1 2 3 4 5 11 16 20 21 22 23 24 30 31 32 33 34 42 43 44 45 46 47 48 49 50 51 52 57 58 59,35966.0,False
base,active,288504.0,291204.0,291283.0,60 74 75 78,35967.0,False
base,active,288510.0,291210.0,291336.0,79 80 81 82,35968.0,False
base,active,288529.0,291229.0,291236.0,85,35969.0,False
base,active,,291236.0,292136.0,85,-1.0,
base,active,,291283.0,292183.0,60 74 75 78,-1.0,
base,active,288588.0,291288.0,291371.0,93,35970.0,False
base,active,,291327.0,292227.0,0 1 2 3 4 5 11 16 20 21 22 23 24 30 31 32 33 34 42 43 44 45 46 47 48 49 50 51 52 57 58 59,-1.0,
base,active,,291336.0,292236.0,79 80 81 82,-1.0,
base,active,288651.0,291351.0,291379.0,94 95 101 102,35971.0,False
base,active,,291371.0,292271.0,93,-1.0,
base,active,,291379.0,292279.0,94 95 101 102,-1.0,
base,active,288688.0,291388.0,291422.0,103,35972.0,False
base,active,288709.0,291409.0,291433.0,116 117 118 119,35973.0,False
base,active,,291422.0,292322.0,103,-1.0,
base,active,,291433.0,292333.0,116 117 118 119,-1.0,
base,switching_off,,292136.0,293936.0,85,-2.0,
base,switching_off,,292183.0,293983.0,60 74 75 78,-2.0,
base,switching_off,,292227.0,294027.0,0 1 2 3 4 5 11 16 20 21 22 23 24 30 31 32 33 34 42 43 44 45 46 47 48 49 50 51 52 57 58 59,-2.0,
base,switching_off,,292236.0,294036.0,79 80 81 82,-2.0,
base,switching_off,,292271.0,294071.0,93,-2.0,
base,switching_off,,292279.0,294079.0,94 95 101 102,-2.0,
base,switching_off,,292322.0,294122.0,103,-2.0,
base,switching_off,,292333.0,294133.0,116 117 118 119,-2.0,
base,switching_on,,292412.0,295112.0,6 7 8 13,-3.0,
base,switching_on,,292742.0,295442.0,14 15 17 27,-3.0,
base,switching_on,,292774.0,295474.0,28 29 35 36 37 38 39 40,-3.0,
base,switching_on,,292783.0,295483.0,41 53 71 72 73 76 86 87,-3.0,
base,active,289046.0,292938.0,292943.0,125,35976.0,False
base,active,289062.0,292938.0,292944.0,126,35977.0,False
base,active,288985.0,292938.0,293105.0,121 122 123 124,35975.0,False
base,active,288928.0,292938.0,293157.0,9 10 12 18 19 25 26 54 55 56 61 62 63 64 65 66 67 68 69 70 77 83 84 104 105 106 107 108 109 110 112 120,35974.0,False
base,active,,292943.0,293157.0,125,-1.0,
base,active,,292944.0,293157.0,126,-1.0,
base,switching_on,,292968.0,295668.0,88,-3.0,
base,switching_on,,293028.0,295728.0,89,-3.0,
base,switching_on,,293041.0,295741.0,90,-3.0,
base,switching_on,,293058.0,295758.0,91,-3.0,
base,active,,293105.0,293157.0,121 122 123 124,-1.0,
base,switching_on,,293105.0,295805.0,92 96 97 98,-3.0,
base,active,292945.0,293157.0,293257.0,9 10 12 18 19 25 26 54 55 56 61 62 63 64 65 66 67 68 69 70 77 83 84 104 105 106 121 122 123 124 125 126,35982.0,False
base,active,,293157.0,293304.0,108,-1.0,
base,active,,293157.0,294057.0,109 110 112 120,-1.0,
base,active,,293157.0,295857.0,107,-1.0,
base,switching_on,,293157.0,295857.0,99 100 111 113 114 115 127,-3.0,
base,active,,293257.0,294157.0,9 10 12 18 19 25 26 54 55 56 61 62 63 64 65 66 67 68 69 70 77 83 84 104 105 106 121 122 123 124 125 126,-1.0,
base,active,293304.0,293304.0,293307.0,108,35989.0,False
base,active,,293307.0,294207.0,108,-1.0,
base,sleeping,,293936.0,296007.0,85,-4.0,
base,sleeping,,293983.0,296007.0,60 74 75 78,-4.0,
base,sleeping,,294027.0,296007.0,0 1 2 3 4 5 11 16 20 21 22 23 24 30 31 32 33 34 42 43 44 45 46 47 48 49 50 51 52 57 58 59,-4.0,
base,sleeping,,294036.0,296007.0,79 80 81 82,-4.0,
base,switching_off,,294057.0,295857.0,109 110 112 120,-2.0,
base,sleeping,,294071.0,296007.0,93,-4.0,
base,sleeping,,294079.0,296007.0,94 95 101 102,-4.0,
base,sleeping,,294122.0,296007.0,103,-4.0,
base,sleeping,,294133.0,296007.0,116 117 118 119,-4.0,
base,switching_off,,294157.0,295957.0,9 10 12 18 19 25 26 54 55 56 61 62 63 64 65 66 67 68 69 70 77 83 84 104 105 106 121 122 123 124 125 126,-2.0,
base,switching_off,,294207.0,296007.0,108,-2.0,
base,active,292412.0,295112.0,295147.0,6 7 8 13,35978.0,False
base,active,,295147.0,298707.0,6 7 8 13,-1.0,
base,active,292742.0,295442.0,295467.0,14 15 17 27,35979.0,False
base,active,,295467.0,298707.0,14 15 17 27,-1.0,
base,active,292774.0,295474.0,295580.0,28 29 35 36 37 38 39 40,35980.0,False
base,active,292783.0,295483.0,295581.0,41 53 71 72 73 76 86 87,35981.0,False
base,active,,295580.0,298707.0,28 29 35 36 37 38 39 40,-1.0,
base,active,,295581.0,298707.0,41 53 71 72 73 76 86 87,-1.0,
base,active,292968.0,295668.0,295672.0,88,35984.0,False
base,active,,295672.0,298707.0,88,-1.0,
base,active,293028.0,295728.0,295732.0,89,35986.0,False
base,active,,295732.0,298707.0,89,-1.0,
base,active,293041.0,295741.0,295747.0,90,35987.0,False
base,active,,295747.0,298707.0,90,-1.0,
base,active,293058.0,295758.0,295761.0,91,35988.0,False
base,active,,295761.0,298707.0,91,-1.0,
base,active,293002.0,295805.0,295856.0,92 96 97 98,35985.0,False
base,active,,295856.0,298707.0,92 96 97 98,-1.0,
base,active,292950.0,295857.0,295899.0,99 100 107 111 113 114 115 127,35983.0,False
base,sleeping,,295857.0,296007.0,109 110 112 120,-4.0,
base,active,,295899.0,298707.0,99 100 107 111 113 114 115 127,-1.0,
base,sleeping,,295957.0,296007.0,9 10 12 18 19 25 26 54 55 56 61 62 63 64 65 66 67 68 69 70 77 83 84 104 105 106 121 122 123 124 125 126,-4.0,
base,switching_on,,296007.0,298707.0,0 1 2 3 4 5 9 10 11 12 16 18 19 20 21 22 23 24 25 26 30 31 32 33 34 42 43 44 45 46 47 48 49 50 51 52 54 55 56 57 58 59 60 61 62 63 64 65 66 67 68 69 70 74 75 77 78 79 80 81 82 83 84 85 93 94 95 101 102 103 104 105 106 108 109 110 112 116 117 118 119 120 121 122 123 124 125 126,-3.0,
base,active,295575.0,298707.0,299450.0,0 1 2 3 4 5 6 7 8 9 10 11 12 13 14 15 16 17 18 19 20 21 22 23 24 25 26 27 28 29 30 31 32 33 34 35 36 37 38 39 40 41 42 43 44 45 46 47 48 49 50 51 52 53 54 55 56 57 58 59 60 61 62 63 64 65 66 67 68 69 70 71 72 73 74 75 76 77 78 79 80 81 82 83 84 85 86 87 88 89 90 91 92 93 94 95 96 97 98 99 100 101 102 103 104 105 106 107 108 109 110 111 112 113 114 115 116 117 118 119 120 121 122 123 124 125 126 127,35990.0,False
base,active,296608.0,299450.0,299950.0,0 1 2 3 4 5 6 7 8 9 10 11 12 13 14 15 16 17 18 19 20 21 22 23 24 25 26 27 28 29 30 31 32 33 34 35 36 37 38 39 40 41 42 43 44 45 46 47 48 49 50 51 52 53 54 55 56 57 58 59 60 61 62 63 64 65 66 67 68 69 70 71 72 73 74 75 76 77 78 79 80 81 82 83 84 85 86 87 88 89 90 91 92 93 94 95 96 97 98 99 100 101 102 103 104 105 106 107 108 109 110 111 112 113 114 115 116 117 118 119 120 121 122 123 124 125 126 127,35991.0,False
base,active,297505.0,299950.0,300422.0,64 65 66 67 68 69 70 71 72 73 74 75 76 77 78 79 80 81 82 83 84 85 86 87 88 89 90 91 92 93 94 95 96 97 98 99 100 101 102 103 104 105 106 107 108 109 110 111 112 113 114 115 116 117 118 119 120 121 122 123 124 125 126 127,35993.0,False
base,active,297112.0,299950.0,306135.0,0 1 2 3 4 5 6 7 8 9 10 11 12 13 14 15 16 17 18 19 20 21 22 23 24 25 26 27 28 29 30 31 32 33 34 35 36 37 38 39 40 41 42 43 44 45 46 47 48 49 50 51 52 53 54 55 56 57 58 59 60 61 62 63,35992.0,False
base,active,298176.0,300422.0,300486.0,96,35995.0,False
base,active,298320.0,300422.0,300545.0,97 98 99 100 101 102 103 104,35996.0,False
base,active,,300422.0,300545.0,105 106 107 108 109 110 111 112 113 114 115 116 117 118 119 120 121 122 123 124 125 126 127,-1.0,
base,active,298131.0,300422.0,300795.0,64 65 66 67 68 69 70 71 72 73 74 75 76 77 78 79 80 81 82 83 84 85 86 87 88 89 90 91 92 93 94 95,35994.0,False
base,active,,300486.0,300545.0,96,-1.0,
base,active,298490.0,300545.0,300617.0,96 97 98 99 100 101 102 103 104 105 106 107 108 109 110 111 112 113 114 115 116 117 118 119 120 121 122 123 124 125 126 127,35997.0,False
base,active,,300617.0,300795.0,112 113 114 115 116 117 118 119 120 121 122 123 124 125 126 127,-1.0,
base,active,298627.0,300617.0,301477.0,96 97 98 99 100 101 102 103 104 105 106 107 108 109 110 111,35998.0,False
base,active,298649.0,300795.0,300847.0,64 65 66 67 68 69 70 71 72 73 74 75 76 77 78 79 112 113 114 115 116 117 118 119 120 121 122 123 124 125 126 127,35999.0,False
base,active,,300795.0,300847.0,80 81 82 83 84 85 86 87 88 89 90 91 92 93 94 95,-1.0,
base,active,298762.0,300847.0,301128.0,64 65 66 67 68 69 70 71 72 73 74 75 76 77 78 79 80 81 82 83 84 85 86 87 88 89 90 91 92 93 94 95,36000.0,False
base,active,,300847.0,301128.0,112 113 114 115 116 117 118 119 120 121 122 123 124 125 126 127,-1.0,
base,active,299106.0,301128.0,301133.0,64 65 66 67 68 69 70 71 72 73 74 75 76 77 78 79 112 113 114 115 116 117 118 119 120 121 122 123 124 125 126 127,36001.0,False
base,active,,301128.0,302028.0,80 81 82 83 84 85 86 87 88 89 90 91 92 93 94 95,-1.0,
base,active,,301133.0,302033.0,64 65 66 67 68 69 70 71 72 73 74 75 76 77 78 79 112 113 114 115 116 117 118 119 120 121 122 123 124 125 126 127,-1.0,
base,active,,301477.0,302377.0,96 97 98 99 100 101 102 103 104 105 106 107 108 109 110 111,-1.0,
base,switching_off,,302028.0,303828.0,80 81 82 83 84 85 86 87 88 89 90 91 92 93 94 95,-2.0,
base,switching_off,,302033.0,303833.0,64 65 66 67 68 69 70 71 72 73 74 75 76 77 78 79 112 113 114 115 116 117 118 119 120 121 122 123 124 125 126 127,-2.0,
base,switching_off,,302377.0,304177.0,96 97 98 99 100 101 102 103 104 105 106 107 108 109 110 111,-2.0,
base,sleeping,,303828.0,306135.0,80 81 82 83 84 85 86 87 88 89 90 91 92 93 94 95,-4.0,
base,sleeping,,303833.0,306135.0,64 65 66 67 68 69 70 71 72 73 74 75 76 77 78 79 112 113 114 115 116 117 118 119 120 121 122 123 124 125 126 127,-4.0,
base,sleeping,,304177.0,306135.0,96 97 98 99 100 101 102 103 104 105 106 107 108 109 110 111,-4.0,
base,active,,306135.0,308835.0,0 1 2 3 4 5 6 7 8 9 10 11 12 13 14 15 16 17 18 19 20 21 22 23 24 25 26 27 28 29 30 31 32 33 34 35 36 37 38 39 40 41 42 43 44 45 46 47 48 49 50 51 52 53 54 55 56 57 58 59 60 61 62 63,-1.0,
base,switching_on,,306135.0,308835.0,64 65 66 67 68 69 70 71 72 73 74 75 76 77 78 79 80 81 82 83 84 85 86 87 88 89 90 91 92 93 94 95 96 97 98 99 100 101 102 103 104 105 106 107 108 109 110 111 112 113 114 115 116 117 118 119 120 121 122 123 124 125 126 127,-3.0,
base,active,303302.0,308835.0,308926.0,0 1 2 3 4 5 6 7 8 9 10 11 12 13 14 15 16 17 18 19 20 21 22 23 24 25 26 27 28 29 30 31 32 33 34 35 36 37 38 39 40 41 42 43 44 45 46 47 48 49 50 51 52 53 54 55 56 57 58 59 60 61 62 63 64 65 66 67 68 69 70 71 72 73 74 75 76 77 78 79 80 81 82 83 84 85 86 87 88 89 90 91 92 93 94 95 96 97 98 99 100 101 102 103 104 105 106 107 108 109 110 111 112 113 114 115 116 117 118 119 120 121 122 123 124 125 126 127,36002.0,False
base,active,304822.0,308926.0,308936.0,66,36008.0,False
base,active,304596.0,308926.0,308954.0,64,36005.0,False
base,active,305442.0,308926.0,309014.0,70,36013.0,False
base,active,306649.0,308926.0,309014.0,72,36021.0,False
base,active,307013.0,308926.0,309016.0,74,36024.0,False
base,active,306808.0,308926.0,309021.0,73,36023.0,False
base,active,304653.0,308926.0,309022.0,65,36006.0,False
base,active,304857.0,308926.0,309024.0,67,36009.0,False
base,active,305026.0,308926.0,309025.0,68,36010.0,False
base,active,306437.0,308926.0,309033.0,71,36020.0,False
base,active,305178.0,308926.0,309038.0,69,36011.0,False
base,active,,308926.0,309826.0,75 76 77 78 79 80 81 82 83 84 85 86 87 88 89 90 91 92 93 94 95 96 97 98 99 100 101 102 103 104 105 106 107 108 109 110 111 112 113 114 115 116 117 118 119 120 121 122 123 124 125 126 127,-1.0,
base,active,303397.0,308926.0,319851.0,0 1 2 3 4 5 6 7 8 9 10 11 12 13 14 15 16 17 18 19 20 21 22 23 24 25 26 27 28 29 30 31 32 33 34 35 36 37 38 39 40 41 42 43 44 45 46 47 48 49 50 51 52 53 54 55 56 57 58 59 60 61 62 63,36003.0,False
base,active,,308936.0,309836.0,66,-1.0,
base,active,,308954.0,309854.0,64,-1.0,
base,active,,309014.0,309914.0,70 72,-1.0,
base,active,,309016.0,309916.0,74,-1.0,
base,active,,309021.0,309921.0,73,-1.0,
base,active,,309022.0,309922.0,65,-1.0,
base,active,,309024.0,309924.0,67,-1.0,
base,active,,309025.0,309925.0,68,-1.0,
base,active,,309033.0,309933.0,71,-1.0,
base,active,,309038.0,309938.0,69,-1.0,
base,switching_off,,309826.0,311626.0,75 76 77 78 79 80 81 82 83 84 85 86 87 88 89 90 91 92 93 94 95 96 97 98 99 100 101 102 103 104 105 106 107 108 109 110 111 112 113 114 115 116 117 118 119 120 121 122 123 124 125 126 127,-2.0,
base,switching_off,,309836.0,311636.0,66,-2.0,
base,switching_off,,309854.0,311654.0,64,-2.0,
base,switching_off,,309914.0,311714.0,70 72,-2.0,
base,switching_off,,309916.0,311716.0,74,-2.0,
base,switching_off,,309921.0,311721.0,73,-2.0,
base,switching_off,,309922.0,311722.0,65,-2.0,
base,switching_off,,309924.0,311724.0,67,-2.0,
base,switching_off,,309925.0,311725.0,68,-2.0,
base,switching_off,,309933.0,311733.0,71,-2.0,
base,switching_off,,309938.0,311738.0,69,-2.0,
base,switching_on,,311626.0,314326.0,75 76 77 78,-3.0,
base,sleeping,,311626.0,327328.0,79 80 81 82 83 84 85 86 87 88 89 90 91 92 93 94 95 96 97 98 99 100 101 102 103 104 105 106 107 108 109 110 111 112 113 114 115 116 117 118 119 120 121 122 123 124 125 126 127,-4.0,
base,sleeping,,311636.0,319266.0,66,-4.0,
base,sleeping,,311654.0,314076.0,64,-4.0,
base,sleeping,,311714.0,327328.0,70 72,-4.0,
base,sleeping,,311716.0,327328.0,74,-4.0,
base,sleeping,,311721.0,327328.0,73,-4.0,
base,sleeping,,311722.0,319096.0,65,-4.0,
base,sleeping,,311724.0,319490.0,67,-4.0,
base,sleeping,,311725.0,319526.0,68,-4.0,
base,sleeping,,311733.0,327328.0,71,-4.0,
base,sleeping,,311738.0,321820.0,69,-4.0,
base,switching_on,,314076.0,316776.0,64,-3.0,
base,active,310785.0,314326.0,314407.0,77,36047.0,False
base,active,311000.0,314326.0,314447.0,78,36048.0,False
base,active,310240.0,314326.0,314561.0,75,36044.0,False
base,active,310504.0,314326.0,314574.0,76,36045.0,False
base,active,,314407.0,315307.0,77,-1.0,
base,active,,314447.0,315347.0,78,-1.0,
base,active,,314561.0,315461.0,75,-1.0,
base,active,,314574.0,315474.0,76,-1.0,
base,switching_off,,315307.0,317107.0,77,-2.0,
base,switching_off,,315347.0,317147.0,78,-2.0,
base,switching_off,,315461.0,317261.0,75,-2.0,
base,switching_off,,315474.0,317274.0,76,-2.0,
base,active,314076.0,316776.0,316888.0,64,36063.0,False
base,active,,316888.0,317788.0,64,-1.0,
base,sleeping,,317107.0,327328.0,77,-4.0,
base,sleeping,,317147.0,327328.0,78,-4.0,
base,sleeping,,317261.0,327328.0,75,-4.0,
base,sleeping,,317274.0,327328.0,76,-4.0,
base,switching_off,,317788.0,319588.0,64,-2.0,
base,switching_on,,319096.0,321796.0,65,-3.0,
base,switching_on,,319266.0,321966.0,66,-3.0,
base,switching_on,,319490.0,322190.0,67,-3.0,
base,switching_on,,319526.0,322226.0,68,-3.0,
base,sleeping,,319588.0,321523.0,64,-4.0,
base,active,,319851.0,320751.0,0 1 2 3 4 5 6 7 8 9 10 11 12 13 14 15 16 17 18 19 20 21 22 23 24 25 26 27 28 29 30 31 32 33 34 35 36 37 38 39 40 41 42 43 44 45 46 47 48 49 50 51 52 53 54 55 56 57 58 59 60 61 62 63,-1.0,
base,switching_off,,320751.0,322551.0,0 1 2 3 4 5 6 7 8 9 10 11 12 13 14 15 16 17 18 19 20 21 22 23 24 25 26 27 28 29 30 31 32 33 34 35 36 37 38 39 40 41 42 43 44 45 46 47 48 49 50 51 52 53 54 55 56 57 58 59 60 61 62 63,-2.0,
base,switching_on,,321523.0,324223.0,64,-3.0,
base,active,319096.0,321796.0,321901.0,65,36091.0,False
base,switching_on,,321820.0,324520.0,69,-3.0,
base,active,,321901.0,322246.0,65,-1.0,
base,active,319266.0,321966.0,322050.0,66,36092.0,False
base,active,,322050.0,322449.0,66,-1.0,
base,active,319490.0,322190.0,322217.0,67,36094.0,False
base,active,,322217.0,322628.0,67,-1.0,
base,active,319526.0,322226.0,322323.0,68,36095.0,False
base,active,322246.0,322246.0,322363.0,65,36111.0,False
base,active,,322323.0,322817.0,68,-1.0,
base,active,,322363.0,323017.0,65,-1.0,
base,active,322449.0,322449.0,322559.0,66,36113.0,False
base,sleeping,,322551.0,327328.0,0 1 2 3 4 5 6 7 8 9 10 11 12 13 14 15 16 17 18 19 20 21 22 23 24 25 26 27 28 29 30 31 32 33 34 35 36 37 38 39 40 41 42 43 44 45 46 47 48 49 50 51 52 53 54 55 56 57 58 59 60 61 62 63,-4.0,
base,active,,322559.0,323236.0,66,-1.0,
base,active,322628.0,322628.0,322729.0,67,36114.0,False
base,active,,322729.0,323629.0,67,-1.0,
base,active,322817.0,322817.0,322920.0,68,36116.0,False
base,active,,322920.0,323820.0,68,-1.0,
base,active,323017.0,323017.0,323113.0,65,36117.0,False
base,active,,323113.0,324013.0,65,-1.0,
base,active,323236.0,323236.0,323354.0,66,36120.0,False
base,active,,323354.0,324254.0,66,-1.0,
base,switching_off,,323629.0,325429.0,67,-2.0,
base,switching_off,,323820.0,325620.0,68,-2.0,
base,switching_off,,324013.0,325813.0,65,-2.0,
base,active,321523.0,324223.0,324362.0,64,36104.0,False
base,switching_off,,324254.0,326054.0,66,-2.0,
base,active,,324362.0,324524.0,64,-1.0,
base,active,321820.0,324520.0,324628.0,69,36108.0,False
base,active,324524.0,324524.0,324624.0,64,36126.0,False
base,active,,324624.0,325524.0,64,-1.0,
base,active,,324628.0,325528.0,69,-1.0,
base,sleeping,,325429.0,327328.0,67,-4.0,
base,switching_off,,325524.0,327324.0,64,-2.0,
base,switching_off,,325528.0,327328.0,69,-2.0,
base,sleeping,,325620.0,327328.0,68,-4.0,
base,sleeping,,325813.0,327328.0,65,-4.0,
base,sleeping,,326054.0,327328.0,66,-4.0,
base,sleeping,,327324.0,327328.0,64,-4.0,
base,switching_on,,327328.0,330028.0,0 1 2 3 4 5 6 7 8 9 10 11 12 13 14 15 16 17 18 19 20 21 22 23 24 25 26 27 28 29 30 31 32 33 34 35 36 37 38 39 40 41 42 43 44 45 46 47 48 49 50 51 52 53 54 55 56 57 58 59 60 61 62 63 64 65 66 67 68 69 70 71 72 73 74 75 76 77 78 79 80 81 82 83 84 85 86 87 88 89 90 91 92 93 94 95 96 97 98 99 100 101 102 103 104 105 106 107 108 109 110 111 112 113 114 115 116 117 118 119 120 121 122 123 124 125 126 127,-3.0,
base,active,324685.0,330028.0,330775.0,0 1 2 3 4 5 6 7 8 9 10 11 12 13 14 15 16 17 18 19 20 21 22 23 24 25 26 27 28 29 30 31 32 33 34 35 36 37 38 39 40 41 42 43 44 45 46 47 48 49 50 51 52 53 54 55 56 57 58 59 60 61 62 63 64 65 66 67 68 69 70 71 72 73 74 75 76 77 78 79 80 81 82 83 84 85 86 87 88 89 90 91 92 93 94 95 96 97 98 99 100 101 102 103 104 105 106 107 108 109 110 111 112 113 114 115 116 117 118 119 120 121 122 123 124 125 126 127,36129.0,False
base,active,327007.0,330775.0,330779.0,27,36143.0,False
base,active,327409.0,330775.0,330781.0,127,36146.0,False
base,active,325894.0,330775.0,330782.0,0,36131.0,False
base,active,326988.0,330775.0,330783.0,26,36142.0,False
base,active,326658.0,330775.0,330786.0,18 19 20 21 22 23 24 25,36141.0,False
base,active,327437.0,330775.0,330788.0,126,36147.0,False
base,active,326599.0,330775.0,330790.0,10 11 12 13 14 15 16 17,36139.0,False
base,active,326279.0,330775.0,330797.0,2 3 4 5 6 7 8 9,36134.0,False
base,active,,330775.0,331675.0,28 29 30 31 32 33 34 35 36 37 38 39 40 41 42 43 44 45 46 47 48 49 50 51 52 53 54 55 56 57 58 59 60 61 62 63 64 65 66 67 68 69 70 71 72 73 74 75 76 77 78 79 80 81 82 83 84 85 86 87 88 89 90 91 92 93 94 95 96 97 98 99 100 101 102 103 104 105 106 107 108 109 110 111 112 113 114 115 116 117 118 119 120 121 122 123 124 125,-1.0,
base,active,325915.0,330775.0,331876.0,1,36132.0,False
base,active,,330779.0,331679.0,27,-1.0,
base,active,,330781.0,331014.0,127,-1.0,
base,active,,330782.0,331682.0,0,-1.0,
base,active,,330783.0,331683.0,26,-1.0,
base,active,,330786.0,331686.0,18 19 20 21 22 23 24 25,-1.0,
base,active,,330788.0,331688.0,126,-1.0,
base,active,,330790.0,331690.0,10 11 12 13 14 15 16 17,-1.0,
base,active,,330797.0,331697.0,2 3 4 5 6 7 8 9,-1.0,
base,active,331014.0,331014.0,331019.0,127,36165.0,False
base,active,,331019.0,331068.0,127,-1.0,
base,active,331068.0,331068.0,331073.0,127,36166.0,False
base,active,,331073.0,331435.0,127,-1.0,
base,active,331435.0,331435.0,331446.0,127,36168.0,False
base,active,,331446.0,331521.0,127,-1.0,
base,active,331521.0,331521.0,331526.0,127,36169.0,False
base,active,,331526.0,331551.0,127,-1.0,
base,active,331551.0,331551.0,331567.0,127,36170.0,False
base,active,,331567.0,331623.0,127,-1.0,
base,active,331623.0,331623.0,331627.0,127,36171.0,False
base,active,,331627.0,331809.0,127,-1.0,
base,switching_off,,331675.0,333475.0,28 29 30 31 32 33 34 35 36 37 38 39 40 41 42 43 44 45 46 47 48 49 50 51 52 53 54 55 56 57 58 59 60 61 62 63 64 65 66 67 68 69 70 71 72 73 74 75 76 77 78 79 80 81 82 83 84 85 86 87 88 89 90 91 92 93 94 95 96 97 98 99 100 101 102 103 104 105 106 107 108 109 110 111 112 113 114 115 116 117 118 119 120 121 122 123 124 125,-2.0,
base,switching_off,,331679.0,333479.0,27,-2.0,
base,switching_off,,331682.0,333482.0,0,-2.0,
base,switching_off,,331683.0,333483.0,26,-2.0,
base,switching_off,,331686.0,333486.0,18 19 20 21 22 23 24 25,-2.0,
base,switching_off,,331688.0,333488.0,126,-2.0,
base,switching_off,,331690.0,333490.0,10 11 12 13 14 15 16 17,-2.0,
base,switching_off,,331697.0,333497.0,2 3 4 5 6 7 8 9,-2.0,
base,active,331809.0,331809.0,331828.0,127,36176.0,False
base,active,,331828.0,332041.0,127,-1.0,
base,active,,331876.0,332776.0,1,-1.0,
base,active,332041.0,332041.0,332046.0,127,36178.0,False
base,active,,332046.0,332299.0,127,-1.0,
base,active,332299.0,332299.0,332307.0,127,36179.0,False
base,active,,332307.0,332680.0,127,-1.0,
base,active,332680.0,332680.0,332729.0,127,36182.0,False
base,active,,332729.0,333380.0,127,-1.0,
base,switching_off,,332776.0,334576.0,1,-2.0,
base,active,333380.0,333380.0,333392.0,127,36192.0,False
base,active,,333392.0,333457.0,127,-1.0,
base,active,333457.0,333457.0,333637.0,127,36194.0,False
base,sleeping,,333475.0,334576.0,28 29 30 31 32 33 34 35 36 37 38 39 40 41 42 43 44 45 46 47 48 49 50 51 52 53 54 55 56 57 58 59 60 61 62 63 64 65 66 67 68 69 70 71 72 73 74 75 76 77 78 79 80 81 82 83 84 85 86 87 88 89 90 91 92 93 94 95 96 97 98 99 100 101 102 103 104 105 106 107 108 109 110 111 112 113 114 115 116 117 118 119 120 121 122 123 124 125,-4.0,
base,sleeping,,333479.0,334576.0,27,-4.0,
base,sleeping,,333482.0,334576.0,0,-4.0,
base,sleeping,,333483.0,334576.0,26,-4.0,
base,sleeping,,333486.0,334576.0,18 19 20 21 22 23 24 25,-4.0,
base,sleeping,,333488.0,334576.0,126,-4.0,
base,sleeping,,333490.0,334576.0,10 11 12 13 14 15 16 17,-4.0,
base,sleeping,,333497.0,334576.0,2 3 4 5 6 7 8 9,-4.0,
base,active,333469.0,333637.0,333706.0,127,36195.0,False
base,active,,333706.0,333896.0,127,-1.0,
base,active,333896.0,333896.0,333909.0,127,36198.0,False
base,active,,333909.0,333961.0,127,-1.0,
base,active,333961.0,333961.0,333973.0,127,36199.0,False
base,active,,333973.0,334130.0,127,-1.0,
base,active,334130.0,334130.0,334149.0,127,36202.0,False
base,active,,334149.0,334266.0,127,-1.0,
base,active,334266.0,334266.0,334280.0,127,36206.0,False
base,active,,334280.0,334471.0,127,-1.0,
base,active,334471.0,334471.0,334484.0,127,36209.0,False
base,active,,334484.0,337276.0,127,-1.0,
base,switching_on,,334576.0,337276.0,0 1 2 3 4 5 6 7 8 9 10 11 12 13 14 15 16 17 18 19 20 21 22 23 24 25 26 27 28 29 30 31 32 33 34 35 36 37 38 39 40 41 42 43 44 45 46 47 48 49 50 51 52 53 54 55 56 57 58 59 60 61 62 63 64 65 66 67 68 69 70 71 72 73 74 75 76 77 78 79 80 81 82 83 84 85 86 87 88 89 90 91 92 93 94 95 96 97 98 99 100 101 102 103 104 105 106 107 108 109 110 111 112 113 114 115 116 117 118 119 120 121 122 123 124 125 126,-3.0,
base,active,327355.0,337276.0,337304.0,0 1 2 3 4 5 6 7 8 9 10 11 12 13 14 15 16 17 18 19 20 21 22 23 24 25 26 27 28 29 30 31 32 33 34 35 36 37 38 39 40 41 42 43 44 45 46 47 48 49 50 51 52 53 54 55 56 57 58 59 60 61 62 63 64 65 66 67 68 69 70 71 72 73 74 75 76 77 78 79 80 81 82 83 84 85 86 87 88 89 90 91 92 93 94 95 96 97 98 99 100 101 102 103 104 105 106 107 108 109 110 111 112 113 114 115 116 117 118 119 120 121 122 123 124 125 126 127,36145.0,False
base,active,327512.0,337304.0,337648.0,0 1 2 3 4 5 6 7 8 9 10 11 12 13 14 15 16 17 18 19 20 21 22 23 24 25 26 27 28 29 30 31 32 33 34 35 36 37 38 39 40 41 42 43 44 45 46 47 48 49 50 51 52 53 54 55 56 57 58 59 60 61 62 63 64 65 66 67 68 69 70 71 72 73 74 75 76 77 78 79 80 81 82 83 84 85 86 87 88 89 90 91 92 93 94 95 96 97 98 99 100 101 102 103 104 105 106 107 108 109 110 111 112 113 114 115 116 117 118 119 120 121 122 123 124 125 126 127,36148.0,False
base,active,328184.0,337648.0,338389.0,0 1 2 3 4 5 6 7 8 9 10 11 12 13 14 15 16 17 18 19 20 21 22 23 24 25 26 27 28 29 30 31 32 33 34 35 36 37 38 39 40 41 42 43 44 45 46 47 48 49 50 51 52 53 54 55 56 57 58 59 60 61 62 63 64 65 66 67 68 69 70 71 72 73 74 75 76 77 78 79 80 81 82 83 84 85 86 87 88 89 90 91 92 93 94 95 96 97 98 99 100 101 102 103 104 105 106 107 108 109 110 111 112 113 114 115 116 117 118 119 120 121 122 123 124 125 126 127,36154.0,False
base,active,333056.0,338389.0,338420.0,96 97 98 99 100 101 102 103 104 105 106 107 108 109 110 111 112 113 114 115 116 117 118 119 120 121 122 123 124 125 126 127,36185.0,False
base,active,332543.0,338389.0,339292.0,32 33 34 35 36 37 38 39 40 41 42 43 44 45 46 47 48 49 50 51 52 53 54 55 56 57 58 59 60 61 62 63,36181.0,False
base,active,329076.0,338389.0,342110.0,0 1 2 3 4 5 6 7 8 9 10 11 12 13 14 15 16 17 18 19 20 21 22 23 24 25 26 27 28 29 30 31,36156.0,False
base,active,332799.0,338389.0,342117.0,64 65 66 67 68 69 70 71 72 73 74 75 76 77 78 79 80 81 82 83 84 85 86 87 88 89 90 91 92 93 94 95,36183.0,False
base,active,333125.0,338420.0,338442.0,96 97 98 99 100 101 102 103 104 105 106 107 108 109 110 111 112 113 114 115 116 117 118 119 120 121 122 123 124 125 126 127,36186.0,False
base,active,334774.0,338442.0,338447.0,118,36216.0,False
base,active,335717.0,338442.0,338454.0,100,36231.0,False
base,active,335400.0,338442.0,338457.0,109,36227.0,False
base,active,334672.0,338442.0,338468.0,119,36213.0,False
base,active,335504.0,338442.0,338488.0,105 106 107 108,36228.0,False
base,active,335690.0,338442.0,338488.0,101 102 103 104,36230.0,False
base,active,335219.0,338442.0,338489.0,110 111 112 113,36225.0,False
base,active,334817.0,338442.0,338492.0,114 115 116 117,36217.0,False
base,active,334378.0,338442.0,338496.0,120 121 122 123,36208.0,False
base,active,333474.0,338442.0,338576.0,124 125 126 127,36196.0,False
base,active,333217.0,338442.0,338627.0,96 97 98 99,36187.0,False
base,active,335836.0,338447.0,338452.0,118,36232.0,False
base,active,335899.0,338452.0,338463.0,118,36233.0,False
base,active,336689.0,338454.0,338463.0,100,36242.0,False
base,active,336917.0,338457.0,338479.0,109,36243.0,False
base,active,337569.0,338463.0,338479.0,118,36253.0,False
base,active,338038.0,338463.0,338495.0,100,36260.0,False
base,active,,338468.0,338488.0,119,-1.0,
base,active,,338479.0,338488.0,109 118,-1.0,
base,active,,338488.0,338495.0,101 102 103,-1.0,
base,active,336089.0,338488.0,338515.0,108 109 118 119,36237.0,False
base,active,336236.0,338488.0,338549.0,104 105 106 107,36239.0,False
base,active,336572.0,338489.0,338537.0,110 111 112 113,36241.0,False
base,active,337017.0,338492.0,338618.0,114 115 116 117,36246.0,False
base,active,337339.0,338495.0,338548.0,100 101 102 103,36248.0,False
base,active,337519.0,338496.0,338538.0,120 121 122 123,36251.0,False
base,active,337621.0,338515.0,338611.0,108 109 118 119,36255.0,False
base,active,,338537.0,338627.0,110 111 112 113,-1.0,
base,active,,338538.0,338627.0,120 121 122 123,-1.0,
base,active,,338548.0,338627.0,100 101 102 103,-1.0,
base,active,,338549.0,338627.0,104 105 106 107,-1.0,
base,active,,338576.0,338627.0,124 125 126 127,-1.0,
base,active,,338611.0,338627.0,108 109 118 119,-1.0,
base,active,,338618.0,338627.0,114 115 116 117,-1.0,
base,active,333334.0,338627.0,338662.0,96 97 98 99 100 101 102 103 104 105 106 107 108 109 110 111 112 113 114 115 116 117 118 119 120 121 122 123 124 125 126 127,36190.0,False
base,active,334105.0,338662.0,338949.0,96 97 98 99 100 101 102 103 104 105 106 107 108 109 110 111 112 113 114 115 116 117 118 119 120 121 122 123 124 125 126 127,36201.0,False
base,active,338877.0,338949.0,339023.0,104 105 106 107 108 109 110 111 112 113 114 115 116 117 118 119,36264.0,False
base,active,336153.0,338949.0,339089.0,124 125 126 127,36238.0,False
base,active,337872.0,338949.0,339095.0,120 121 122 123,36258.0,False
base,active,334143.0,338949.0,339198.0,96 97 98 99 100 101 102 103,36203.0,False
base,active,338958.0,339023.0,339080.0,104 105 106 107 108 109 110 111 112 113 114 115 116 117 118 119,36266.0,False
base,active,,339080.0,339198.0,104 105 106 107 108 109 110 111 112 113 114 115 116 117 118 119,-1.0,
base,active,,339089.0,339198.0,124 125 126 127,-1.0,
base,active,,339095.0,339198.0,120 121 122 123,-1.0,
base,active,334203.0,339198.0,339224.0,96 97 98 99 100 101 102 103 104 105 106 107 108 109 110 111 112 113 114 115 116 117 118 119 120 121 122 123 124 125 126 127,36205.0,False
base,active,334270.0,339224.0,339250.0,96 97 98 99 100 101 102 103 104 105 106 107 108 109 110 111 112 113 114 115 116 117 118 119 120 121 122 123 124 125 126 127,36207.0,False
base,active,334612.0,339250.0,339472.0,96 97 98 99 100 101 102 103 104 105 106 107 108 109 110 111 112 113 114 115 116 117 118 119 120 121 122 123 124 125 126 127,36211.0,False
base,active,334657.0,339292.0,339327.0,32 33 34 35 36 37 38 39 40 41 42 43 44 45 46 47 48 49 50 51 52 53 54 55 56 57 58 59 60 61 62 63,36212.0,False
base,active,334714.0,339327.0,339356.0,32 33 34 35 36 37 38 39 40 41 42 43 44 45 46 47 48 49 50 51 52 53 54 55 56 57 58 59 60 61 62 63,36215.0,False
base,active,339179.0,339356.0,339384.0,63,36268.0,False
base,active,,339356.0,339397.0,32 33 34 35 36 37 38 39 40 41 42 43 44 45 46 47 48 49 50 51 52 53 54 55 56 57 58 59 60 61 62,-1.0,
base,active,,339384.0,339397.0,63,-1.0,
base,active,339397.0,339397.0,339466.0,32 33 34 35 36 37 38 39 40 41 42 43 44 45 46 47 48 49 50 51 52 53 54 55 56 57 58 59 60 61 62 63,36274.0,False
base,active,,339466.0,339472.0,32 33 34 35 36 37 38 39 40 41 42 43 44 45 46 47 48 49 50 51 52 53 54 55 56 57 58 59 60 61 62 63,-1.0,
base,active,334889.0,339472.0,339512.0,32 33 34 35 36 37 38 39 40 41 42 43 44 45 46 47 48 49 50 51 52 53 54 55 56 57 58 59 60 61 62 63 96 97 98 99 100 101 102 103 104 105 106 107 108 109 110 111 112 113 114 115 116 117 118 119 120 121 122 123 124 125 126 127,36220.0,False
base,active,334958.0,339512.0,339740.0,32 33 34 35 36 37 38 39 40 41 42 43 44 45 46 47 48 49 50 51 52 53 54 55 56 57 58 59 60 61 62 63 96 97 98 99 100 101 102 103 104 105 106 107 108 109 110 111 112 113 114 115 116 117 118 119 120 121 122 123 124 125 126 127,36223.0,False
base,active,335231.0,339740.0,339885.0,32 33 34 35 36 37 38 39 40 41 42 43 44 45 46 47 48 49 50 51 52 53 54 55 56 57 58 59 60 61 62 63 96 97 98 99 100 101 102 103 104 105 106 107 108 109 110 111 112 113 114 115 116 117 118 119 120 121 122 123 124 125 126 127,36226.0,False
base,active,335540.0,339885.0,340012.0,32 33 34 35 36 37 38 39 40 41 42 43 44 45 46 47 48 49 50 51 52 53 54 55 56 57 58 59 60 61 62 63 96 97 98 99 100 101 102 103 104 105 106 107 108 109 110 111 112 113 114 115 116 117 118 119 120 121 122 123 124 125 126 127,36229.0,False
base,active,339600.0,340012.0,340032.0,127,36276.0,False
base,active,,340012.0,340191.0,112 113 114 115 116 117 118 119 120 121 122 123 124 125 126,-1.0,
base,active,,340012.0,340339.0,111,-1.0,
base,active,335948.0,340012.0,340644.0,96 97 98 99 100 101 102 103,36235.0,False
base,active,335915.0,340012.0,340675.0,32 33 34 35 36 37 38 39 40 41 42 43 44 45 46 47 48 49 50 51 52 53 54 55 56 57 58 59 60 61 62 63,36234.0,False
base,active,,340012.0,340675.0,104 105 106 107 108 109 110,-1.0,
base,active,,340032.0,340191.0,127,-1.0,
base,active,340191.0,340191.0,340418.0,112 113 114 115 116 117 118 119 120 121 122 123 124 125 126 127,36282.0,False
base,active,340339.0,340339.0,340356.0,111,36284.0,False
base,active,,340356.0,340372.0,111,-1.0,
base,active,340372.0,340372.0,340383.0,111,36285.0,False
base,active,,340383.0,340675.0,111,-1.0,
base,active,,340418.0,340675.0,112 113 114 115 116 117 118 119 120 121 122 123 124 125 126 127,-1.0,
base,active,,340644.0,340675.0,96 97 98 99 100 101 102 103,-1.0,
base,active,336943.0,340675.0,340930.0,32 33 34 35 36 37 38 39 40 41 42 43 44 45 46 47 48 49 50 51 52 53 54 55 56 57 58 59 60 61 62 63 96 97 98 99 100 101 102 103 104 105 106 107 108 109 110 111 112 113 114 115 116 117 118 119 120 121 122 123 124 125 126 127,36244.0,False
base,active,339652.0,340930.0,341099.0,96 97 98 99 100 101 102 103 104 105 106 107 108 109 110 111 112 113 114 115 116 117 118 119 120 121 122 123 124 125 126 127,36277.0,False
base,active,336960.0,340930.0,343559.0,32 33 34 35 36 37 38 39 40 41 42 43 44 45 46 47 48 49 50 51 52 53 54 55 56 57 58 59 60 61 62 63,36245.0,False
base,active,339899.0,341099.0,341537.0,96 97 98 99 100 101 102 103 104 105 106 107 108 109 110 111 112 113 114 115 116 117 118 119 120 121 122 123 124 125 126 127,36281.0,False
base,active,341235.0,341537.0,341619.0,96 97 98 99 100 101 102 103 104 105 106 107 108 109 110 111,36293.0,False
base,active,340448.0,341537.0,341765.0,112 113 114 115 116 117 118 119 120 121 122 123 124 125 126 127,36286.0,False
base,active,341328.0,341619.0,341629.0,110,36295.0,False
base,active,341302.0,341619.0,341635.0,111,36294.0,False
base,active,,341619.0,342110.0,96 97 98 99 100 101 102 103 104 105 106 107 108 109,-1.0,
base,active,,341629.0,342110.0,110,-1.0,
base,active,,341635.0,342110.0,111,-1.0,
base,active,,341765.0,341935.0,112 113 114 115 116 117 118 119 120 121 122 123 124 125 126 127,-1.0,
base,active,341935.0,341935.0,342009.0,112 113 114 115 116 117 118 119 120 121 122 123 124 125 126 127,36299.0,False
base,active,,342009.0,342110.0,112 113 114 115 116 117 118 119 120 121 122 123 124 125 126 127,-1.0,
base,active,337536.0,342110.0,342335.0,0 1 2 3 4 5 6 7 8 9 10 11 12 13 14 15 16 17 18 19 20 21 22 23 24 25 26 27 28 29 30 31 96 97 98 99 100 101 102 103 104 105 106 107 108 109 110 111 112 113 114 115 116 117 118 119 120 121 122 123 124 125 126 127,36252.0,False
base,active,342105.0,342117.0,342157.0,65,36300.0,False
base,active,,342117.0,342170.0,66 67 68 69 70 71 72 73 74 75 76 77 78 79 80 81,-1.0,
base,active,,342117.0,342178.0,82,-1.0,
base,active,,342117.0,342180.0,83,-1.0,
base,active,,342117.0,342231.0,84,-1.0,
base,active,,342117.0,342243.0,85 86 87 88 89 90 91 92 93 94 95,-1.0,
base,active,338000.0,342117.0,343372.0,64,36259.0,False
base,active,,342157.0,342243.0,65,-1.0,
base,active,342170.0,342170.0,342218.0,66 67 68 69 70 71 72 73 74 75 76 77 78 79 80 81,36302.0,False
base,active,342178.0,342178.0,342203.0,82,36303.0,False
base,active,342180.0,342180.0,342193.0,83,36304.0,False
base,active,,342193.0,342243.0,83,-1.0,
base,active,,342203.0,342243.0,82,-1.0,
base,active,,342218.0,342243.0,66 67,-1.0,
base,active,,342218.0,342335.0,68 69 70 71 72 73 74 75 76 77 78 79 80 81,-1.0,
base,active,342231.0,342231.0,342391.0,84,36306.0,False
base,active,342243.0,342243.0,342296.0,65 66 67 82 83 85 86 87 88 89 90 91 92 93 94 95,36307.0,False
base,active,,342296.0,342335.0,65 66 67 82 83 85 86 87 88 89 90 91 92 93 94 95,-1.0,
base,active,,342335.0,342375.0,98,-1.0,
base,active,,342335.0,342440.0,99,-1.0,
base,active,,342335.0,342449.0,100,-1.0,
base,active,338809.0,342335.0,342462.0,0 1 2 3 4 5 6 7 8 9 10 11 12 13 14 15 16 17 18 19 20 21 22 23 24 25 26 27 28 29 30 31 65 66 67 68 69 70 71 72 73 74 75 76 77 78 79 80 81 82 83 85 86 87 88 89 90 91 92 93 94 95 96 97,36263.0,False
base,active,,342335.0,342462.0,101 102 103 104 105 106 107 108 109 110 111 112 113 114 115 116 117 118 119 120 121 122 123 124 125 126 127,-1.0,
base,active,342375.0,342375.0,342420.0,98,36311.0,False
base,active,,342391.0,342462.0,84,-1.0,
base,active,,342420.0,342462.0,98,-1.0,
base,active,342440.0,342440.0,342464.0,99,36312.0,False
base,active,342449.0,342449.0,342456.0,100,36314.0,False
base,active,,342456.0,342462.0,100,-1.0,
base,active,,342462.0,342471.0,67 68 69 70 71,-1.0,
base,active,,342462.0,342498.0,72 73,-1.0,
base,active,338945.0,342462.0,342583.0,0 1 2 3 4 5 6 7 8 9 10 11 12 13 14 15 16 17 18 19 20 21 22 23 24 25 26 27 28 29 30 31 65 66 84 98 100 101 102 103 104 105 106 107 108 109 110 111 112 113 114 115 116 117 118 119 120 121 122 123 124 125 126 127,36265.0,False
base,active,,342462.0,342583.0,74 75 76 77 78 79 80 81 82 83 85 86 87 88 89 90 91 92 93 94 95 96 97,-1.0,
base,active,,342464.0,342583.0,99,-1.0,
base,active,342471.0,342471.0,342488.0,67,36315.0,False
base,active,342471.0,342471.0,342684.0,68 69 70 71,36316.0,False
base,active,,342488.0,342583.0,67,-1.0,
base,active,342498.0,342498.0,342684.0,72 73,36318.0,False
base,active,339389.0,342583.0,342696.0,0 1 2 3 4 5 6 7 8 9 10 11 12 13 14 15 16 17 18 19 20 21 22 23 24 25 26 27 28 29 30 31 65 66 67 74 75 76 77 78 79 80 81 82 83 84 85 86 87 88 89 90 91 92 93 94 95 96 97 98 99 100 101 102,36273.0,False
base,active,,342583.0,342696.0,103 104 105 106 107 108 109 110 111 112 113 114 115 116 117 118 119 120 121 122 123 124 125 126 127,-1.0,
base,active,,342684.0,342696.0,68 69 70 71 72 73,-1.0,
base,active,,342696.0,342781.0,66,-1.0,
base,active,339508.0,342696.0,342804.0,0 1 2 3 4 5 6 7 8 9 10 11 12 13 14 15 16 17 18 19 20 21 22 23 24 25 26 27 28 29 30 31 65 68 69 70 71 72 73 103 104 105 106 107 108 109 110 111 112 113 114 115 116 117 118 119 120 121 122 123 124 125 126 127,36275.0,False
base,active,,342696.0,342804.0,67 74 75 76 77 78 79 80 81 82 83 84 85 86 87 88 89 90 91 92 93 94 95 96 97 98 99 100 101 102,-1.0,
base,active,342781.0,342781.0,342841.0,66,36319.0,False
base,active,339803.0,342804.0,342841.0,0 1 2 3 4 5 6 7 8 9 10 11 12 13 14 15 16 17 18 19 20 21 22 23 24 25 26 27 28 29 30 31 65 67 68 74 75 76 77 78 79 80 81 82 83 84 85 86 87 88 89 90 91 92 93 94 95 96 97 98 99 100 101 102,36278.0,False
base,active,,342804.0,342841.0,69 70 71 72 73 103 104 105 106 107 108 109 110 111 112 113 114 115 116 117 118 119 120 121 122 123 124 125 126 127,-1.0,
base,active,339863.0,342841.0,342880.0,0 1 2 3 4 5 6 7 8 9 10 11 12 13 14 15 16 17 18 19 20 21 22 23 24 25 26 27 28 29 30 31 65 66 69 70 71 72 73 103 104 105 106 107 108 109 110 111 112 113 114 115 116 117 118 119 120 121 122 123 124 125 126 127,36280.0,False
base,active,,342841.0,342880.0,67 68 74 75 76 77 78 79 80 81 82 83 84 85 86 87 88 89 90 91 92 93 94 95 96 97 98 99 100 101 102,-1.0,
base,active,,342880.0,342898.0,127,-1.0,
base,active,,342880.0,343213.0,124 125 126,-1.0,
base,active,,342880.0,343235.0,122 123,-1.0,
base,active,,342880.0,343309.0,120 121,-1.0,
base,active,,342880.0,343372.0,66 69 70 71 72 73 103 104 105 106 107 108 109 110 111 112 113 114 115 116 117 118 119,-1.0,
base,active,340512.0,342880.0,343668.0,0 67 68 74 75 76 77 78 79 80 81 82 83 84 85 86 87 88 89 90 91 92 93 94 95 96 97 98 99 100 101 102,36287.0,False
base,active,341382.0,342880.0,343671.0,1 2 3 4 5 6 7 8 9 10 11 12 13 14 15 16 17 18 19 20 21 22 23 24 25 26 27 28 29 30 31 65,36297.0,False
base,active,342898.0,342898.0,342946.0,127,36320.0,False
base,active,,342946.0,343133.0,127,-1.0,
base,active,343133.0,343133.0,343173.0,127,36322.0,False
base,active,,343173.0,343190.0,127,-1.0,
base,active,343190.0,343190.0,343209.0,127,36323.0,False
base,active,,343209.0,343213.0,127,-1.0,
base,active,343213.0,343213.0,343357.0,124 125 126 127,36324.0,False
base,active,343235.0,343235.0,343359.0,122 123,36325.0,False
base,active,343309.0,343309.0,343343.0,120 121,36326.0,False
base,active,,343343.0,343372.0,120 121,-1.0,
base,active,,343357.0,343372.0,124 125 126 127,-1.0,
base,active,,343359.0,343372.0,122 123,-1.0,
base,active,342295.0,343372.0,344321.0,64 66 69 70 71 72 73 103 104 105 106 107 108 109 110 111 112 113 114 115 116 117 118 119 120 121 122 123 124 125 126 127,36309.0,False
base,active,342494.0,343559.0,344795.0,32 33 34 35 36 37 38 39 40 41 42 43 44 45 46 47 48 49 50 51 52 53 54 55 56 57 58 59 60 61 62 63,36317.0,False
base,active,343332.0,343668.0,344262.0,0 67 68 74 75 76 77 78 79 80 81 82 83 84 85 86 87 88 89 90 91 92 93 94 95 96 97 98 99 100 101 102,36327.0,False
base,active,343500.0,343671.0,343688.0,3 4,36331.0,False
base,active,343492.0,343671.0,343698.0,2,36330.0,False
base,active,343431.0,343671.0,343715.0,1,36328.0,False
base,active,343545.0,343671.0,343784.0,9 10,36333.0,False
base,active,343522.0,343671.0,343804.0,5 6 7 8,36332.0,False
base,active,,343671.0,343828.0,65,-1.0,
base,active,,343671.0,343941.0,31,-1.0,
base,active,,343671.0,343955.0,30,-1.0,
base,active,,343671.0,343957.0,29,-1.0,
base,active,,343671.0,344262.0,11 12 13 14 15 16 17 18 19 20 21 22 23 24 25 26 27 28,-1.0,
base,active,,343688.0,344262.0,3 4,-1.0,
base,active,,343698.0,344262.0,2,-1.0,
base,active,,343715.0,344262.0,1,-1.0,
base,active,,343784.0,344262.0,9 10,-1.0,
base,active,,343804.0,344262.0,5 6 7 8,-1.0,
base,active,343828.0,343828.0,343874.0,65,36336.0,False
base,active,,343874.0,343941.0,65,-1.0,
base,active,343941.0,343941.0,343988.0,31 65,36337.0,False
base,active,343955.0,343955.0,344010.0,30,36338.0,False
base,active,343957.0,343957.0,343997.0,29,36339.0,False
base,active,,343988.0,344262.0,31 65,-1.0,
base,active,,343997.0,344262.0,29,-1.0,
base,active,,344010.0,344262.0,30,-1.0,
base,active,343677.0,344262.0,344396.0,0 1 2 3 4 5 6 7 8 9 10 11 12 13 14 15 16 17 18 19 20 21 22 23 24 25 26 27 28 29 30 31 65 67 68 74 75 76 77 78 79 80 81 82 83 84 85 86 87 88 89 90 91 92 93 94 95 96 97 98 99 100 101 102,36334.0,False
base,active,343806.0,344321.0,346107.0,64 66 69 70 71 72 73 103 104 105 106 107 108 109 110 111 112 113 114 115 116 117 118 119 120 121 122 123 124 125 126 127,36335.0,False
base,active,344256.0,344396.0,344421.0,77 78,36344.0,False
base,active,344317.0,344396.0,344436.0,79,36345.0,False
base,active,,344396.0,344733.0,80 81 82 83,-1.0,
base,active,,344396.0,344756.0,84 85,-1.0,
base,active,344116.0,344396.0,344829.0,4 5,36342.0,False
base,active,,344396.0,344840.0,86 87,-1.0,
base,active,344087.0,344396.0,344856.0,0 1 2 3,36341.0,False
base,active,,344396.0,344886.0,88,-1.0,
base,active,,344396.0,344890.0,89,-1.0,
base,active,,344396.0,344996.0,90 91,-1.0,
base,active,,344396.0,345095.0,92 93,-1.0,
base,active,,344396.0,345097.0,94,-1.0,
base,active,,344396.0,345132.0,95 96 97 98,-1.0,
base,active,344127.0,344396.0,345148.0,6 7 8 9 10 11 12 13 14 15 16 17 18 19 20 21 22 23 24 25 26 27 28 29 30 31 65 67 68 74 75 76,36343.0,False
base,active,,344396.0,345157.0,99 100,-1.0,
base,active,,344396.0,345296.0,101 102,-1.0,
base,active,,344421.0,345310.0,77 78,-1.0,
base,active,,344436.0,345310.0,79,-1.0,
base,active,344733.0,344733.0,344869.0,80 81 82 83,36347.0,False
base,active,344756.0,344756.0,345130.0,84 85,36348.0,False
base,active,,344795.0,345310.0,32,-1.0,
base,active,,344795.0,345332.0,33 34,-1.0,
base,active,,344795.0,345443.0,35 36,-1.0,
base,active,,344795.0,345549.0,37 38,-1.0,
base,active,,344795.0,345595.0,39 40 41 42 43 44 45 46 47 48 49 50 51 52 53 54 55 56 57 58 59 60 61 62 63,-1.0,
base,active,,344829.0,345595.0,4 5,-1.0,
base,active,344840.0,344840.0,344878.0,86 87,36349.0,False
base,active,,344856.0,345595.0,0 1 2 3,-1.0,
base,active,,344869.0,345595.0,80,-1.0,
base,active,,344869.0,345769.0,81 82 83,-1.0,
base,active,,344878.0,345778.0,86 87,-1.0,
base,active,344886.0,344886.0,344918.0,88,36350.0,False
base,active,344890.0,344890.0,344908.0,89,36351.0,False
base,active,,344908.0,345808.0,89,-1.0,
base,active,,344918.0,345818.0,88,-1.0,
base,active,344996.0,344996.0,345026.0,90 91,36352.0,False
base,active,,345026.0,345866.0,90 91,-1.0,
base,active,345095.0,345095.0,345119.0,92 93,36354.0,False
base,active,345097.0,345097.0,345128.0,94,36355.0,False
base,active,,345119.0,345920.0,92 93,-1.0,
base,active,,345128.0,345981.0,94,-1.0,
base,active,,345130.0,345981.0,84,-1.0,
base,active,,345130.0,346030.0,85,-1.0,
base,active,345132.0,345132.0,345255.0,95 96 97 98,36356.0,False
base,active,,345148.0,346048.0,6 7 8 9 10 11 12 13 14 15 16 17 18 19 20 21 22 23 24 25 26 27 28 29 30 31 65 67 68 74 75 76,-1.0,
base,active,345157.0,345157.0,345255.0,99 100,36357.0,False
base,active,,345255.0,346147.0,95 96,-1.0,
base,active,,345255.0,346155.0,97 98 99 100,-1.0,
base,switching_off,,345296.0,347096.0,101 102,-2.0,
base,active,345310.0,345310.0,345507.0,32 77 78 79,36358.0,False
base,active,345332.0,345332.0,347931.0,33 34,36359.0,False
base,active,345443.0,345443.0,345487.0,35 36,36361.0,False
base,active,,345487.0,346191.0,35 36,-1.0,
base,active,,345507.0,346263.0,32 77,-1.0,
base,active,,345507.0,346329.0,78 79,-1.0,
base,active,345549.0,345549.0,345594.0,37 38,36364.0,False
base,active,,345594.0,346337.0,37 38,-1.0,
base,active,345595.0,345595.0,347396.0,0 1 2 3 4 5 39 40 41 42 43 44 45 46 47 48 49 50 51 52 53 54 55 56 57 58 59 60 61 62 63 80,36365.0,False
base,switching_off,,345769.0,347569.0,81 82 83,-2.0,
base,switching_off,,345778.0,347578.0,86 87,-2.0,
base,switching_off,,345808.0,347608.0,89,-2.0,
base,switching_off,,345818.0,347618.0,88,-2.0,
base,active,345866.0,345866.0,345900.0,90 91,36368.0,False
base,active,,345900.0,346337.0,90 91,-1.0,
base,active,345920.0,345920.0,345938.0,92 93,36369.0,False
base,active,,345938.0,346337.0,92 93,-1.0,
base,active,345981.0,345981.0,346018.0,84 94,36370.0,False
base,active,,346018.0,346337.0,84 94,-1.0,
base,switching_off,,346030.0,347830.0,85,-2.0,
base,switching_off,,346048.0,347848.0,6 7 8 9 10 11 12 13 14 15 16 17 18 19 20 21 22 23 24 25 26 27 28 29 30 31 65 67 68 74 75 76,-2.0,
base,active,,346107.0,346337.0,64 66 69 70 71 72 73 103 104 105 106 107 108 109 110 111 112 113 114 115 116 117 118 119,-1.0,
base,active,,346107.0,346447.0,120 121,-1.0,
base,active,,346107.0,346453.0,122,-1.0,
base,active,,346107.0,346611.0,123 124,-1.0,
base,active,,346107.0,346641.0,125 126 127,-1.0,
base,active,346147.0,346147.0,346164.0,95 96,36371.0,False
base,switching_off,,346155.0,347955.0,97 98 99 100,-2.0,
base,active,,346164.0,346641.0,95 96,-1.0,
base,active,346191.0,346191.0,346211.0,35 36,36372.0,False
base,active,,346211.0,346641.0,35 36,-1.0,
base,active,346263.0,346263.0,346286.0,32 77,36373.0,False
base,active,,346286.0,346641.0,32 77,-1.0,
base,active,346329.0,346329.0,346430.0,78 79,36374.0,False
base,active,346337.0,346337.0,346451.0,37 38 64 66 69 70 71 72 73 84 90 91 92 93 94 103 104 105 106 107 108 109 110 111 112 113 114 115 116 117 118 119,36375.0,False
base,active,,346430.0,346641.0,78 79,-1.0,
base,active,346447.0,346447.0,346550.0,120 121,36377.0,False
base,active,,346451.0,346641.0,37 38 64 66 69 70 71 72 73 84 90 91 92 93 94 103 104 105 106 107 108,-1.0,
base,active,,346451.0,346753.0,109 110,-1.0,
base,active,,346451.0,346858.0,111 112 113 114 115 116 117 118 119,-1.0,
base,active,346453.0,346453.0,346472.0,122,36378.0,False
base,active,,346472.0,346858.0,122,-1.0,
base,active,,346550.0,346858.0,120 121,-1.0,
base,active,346611.0,346611.0,346717.0,123 124,36379.0,False
base,active,346641.0,346641.0,346746.0,32 35 36 37 38 64 66 69 70 71 72 73 77 78 79 84 90 91 92 93 94 95 96 103 104 105 106 107 108 125 126 127,36380.0,False
base,active,,346717.0,346858.0,123 124,-1.0,
base,active,,346746.0,346858.0,32 35 36 37 38 64 66 69 70 71 72 73 77 78 79 84 90 91,-1.0,
base,active,,346746.0,346957.0,92,-1.0,
base,active,,346746.0,346984.0,93 94,-1.0,
base,active,,346746.0,347226.0,95 96,-1.0,
base,active,,346746.0,347409.0,103 104 105 106 107 108 125 126 127,-1.0,
base,active,346753.0,346753.0,346863.0,109 110,36381.0,False
base,active,346858.0,346858.0,346955.0,32 35 36 37 38 64 66 69 70 71 72 73 77 78 79 84 90 91 111 112 113 114 115 116 117 118 119 120 121 122 123 124,36383.0,False
base,active,,346863.0,347409.0,109 110,-1.0,
base,active,,346955.0,347409.0,32 35 36 37 38 64 66 69 70 71 72 73 77 78 79 84 90 91 111 112 113,-1.0,
base,active,,346955.0,347480.0,114 115 116 117 118 119 120 121 122 123 124,-1.0,
base,active,346957.0,346957.0,346977.0,92,36384.0,False
base,active,,346977.0,347480.0,92,-1.0,
base,active,346984.0,346984.0,347081.0,93 94,36385.0,False
base,active,,347081.0,347480.0,93 94,-1.0,
base,sleeping,,347096.0,350880.0,101 102,-4.0,
base,active,347226.0,347226.0,347329.0,95 96,36387.0,False
base,active,,347329.0,347480.0,95 96,-1.0,
base,active,,347396.0,347480.0,0 1 2 3 4 5 39 40 41 42 43 44 45 46 47 48,-1.0,
base,active,,347396.0,347541.0,49,-1.0,
base,active,,347396.0,347610.0,50 51 52 53 54 55 56 57 58 59 60 61 62 63 80,-1.0,
base,active,347409.0,347409.0,347604.0,32 35 36 37 38 64 66 69 70 71 72 73 77 78 79 84 90 91 103 104 105 106 107 108 109 110 111 112 113 125 126 127,36391.0,False
base,active,347480.0,347480.0,348094.0,0 1 2 3 4 5 39 40 41 42 43 44 45 46 47 48 92 93 94 95 96 114 115 116 117 118 119 120 121 122 123 124,36393.0,False
base,active,347541.0,347541.0,347575.0,49,36394.0,False
base,sleeping,,347569.0,349530.0,81,-4.0,
base,sleeping,,347569.0,349632.0,82,-4.0,
base,sleeping,,347569.0,350794.0,83,-4.0,
base,active,,347575.0,347610.0,49,-1.0,
base,sleeping,,347578.0,350794.0,86 87,-4.0,
base,active,,347604.0,347610.0,32 35 36 37 38 64 66 69 70 71 72 73 77 78 79 84,-1.0,
base,active,,347604.0,347848.0,90 91 103 104 105 106 107 108,-1.0,
base,active,,347604.0,347897.0,109,-1.0,
base,active,,347604.0,347941.0,110 111 112 113,-1.0,
base,active,,347604.0,348098.0,125,-1.0,
base,active,,347604.0,348504.0,126 127,-1.0,
base,sleeping,,347608.0,350794.0,89,-4.0,
base,active,347610.0,347610.0,353052.0,32 35 36 37 38 49 50 51 52 53 54 55 56 57 58 59 60 61 62 63 64 66 69 70 71 72 73 77 78 79 80 84,36395.0,False
base,sleeping,,347618.0,350794.0,88,-4.0,
base,sleeping,,347830.0,350794.0,85,-4.0,
base,active,347848.0,347848.0,347995.0,90 91 103 104 105 106 107 108,36397.0,False
base,switching_on,,347848.0,350548.0,6 7 8 9 10 11 12 13 14 15 16 17 18 19 20 21 22 23 24 25 26 27 28 29 30 31 65 67 68 74 75 76,-3.0,
base,active,347897.0,347897.0,347928.0,109,36398.0,False
base,active,,347928.0,348828.0,109,-1.0,
base,active,,347931.0,348831.0,33 34,-1.0,
base,active,347941.0,347941.0,347973.0,110 111 112 113,36399.0,False
base,sleeping,,347955.0,350794.0,97 98 99,-4.0,
base,sleeping,,347955.0,350880.0,100,-4.0,
base,active,,347973.0,348850.0,110 111 112 113,-1.0,
base,active,,347995.0,348871.0,90 91,-1.0,
base,active,,347995.0,348895.0,103 104 105 106 107 108,-1.0,
base,active,,348094.0,348994.0,0 1 2 3 4 5 39 40 41 42 43 44 45 46 47 48 92 93 94 95 96 114 115 116 117 118 119 120 121 122 123 124,-1.0,
base,active,348098.0,348098.0,348118.0,125,36401.0,False
base,active,,348118.0,349018.0,125,-1.0,
base,switching_off,,348504.0,350304.0,126 127,-2.0,
base,switching_off,,348828.0,350628.0,109,-2.0,
base,switching_off,,348831.0,350631.0,33 34,-2.0,
base,active,348850.0,348850.0,349014.0,110 111 112 113,36404.0,False
base,active,348871.0,348871.0,351197.0,90 91,36406.0,False
base,switching_off,,348895.0,350695.0,103 104 105 106 107 108,-2.0,
base,switching_off,,348994.0,350794.0,0 1 2 3 4 5 39 40 41 42 43 44 45 46 47 48 92 93 94 95 96 114 115 116 117 118 119 120 121 122 123 124,-2.0,
base,active,,349014.0,349914.0,110 111 112 113,-1.0,
base,switching_off,,349018.0,350818.0,125,-2.0,
base,switching_on,,349530.0,352230.0,81,-3.0,
base,switching_on,,349632.0,352332.0,82,-3.0,
base,switching_off,,349914.0,351714.0,110 111 112 113,-2.0,
base,sleeping,,350304.0,351919.0,126 127,-4.0,
base,active,347759.0,350548.0,350777.0,6 7 8 9 10 11 12 13 14 15 16 17 18 19 20 21 22 23 24 25 26 27 28 29 30 31 65 67 68 74 75 76,36396.0,False
base,sleeping,,350628.0,350880.0,109,-4.0,
base,sleeping,,350631.0,350794.0,33 34,-4.0,
base,sleeping,,350695.0,350880.0,103 104 105 106 107 108,-4.0,
base,active,349203.0,350777.0,350880.0,6 7 8 9 10 11 12 13 14 15 16 17 18 19 20 21 22 23 24 25 26 27 28 29 30 31 65 67 68 74 75 76,36410.0,False
base,sleeping,,350794.0,350880.0,114 115 116 117 118 119 120 121 122,-4.0,
base,sleeping,,350794.0,351919.0,123 124,-4.0,
base,switching_on,,350794.0,353494.0,0 1 2 3 4 5 33 34 39 40 41 42 43 44 45 46 47 48 83 85 86 87 88 89 92 93 94 95 96 97 98 99,-3.0,
base,sleeping,,350818.0,351919.0,125,-4.0,
base,active,350129.0,350880.0,350992.0,6 7 8 9 10 11 12 13 14 15 16 17 18 19 20 21 22 23 24 25 26 27 28 29 30 31 65 67 68 74 75 76,36416.0,False
base,switching_on,,350880.0,353580.0,100 101 102 103 104 105 106 107 108 109 114 115 116 117 118 119 120 121 122,-3.0,
base,active,,350992.0,351171.0,6,-1.0,
base,active,,350992.0,351198.0,7 8 9 10,-1.0,
base,active,,350992.0,351222.0,11 12,-1.0,
base,active,,350992.0,351386.0,13,-1.0,
base,active,,350992.0,351396.0,14 15 16 17 18 19 20 21 22 23 24 25 26 27 28 29,-1.0,
base,active,,350992.0,351592.0,30,-1.0,
base,active,,350992.0,351617.0,31 65 67 68,-1.0,
base,active,,350992.0,351640.0,74 75,-1.0,
base,active,,350992.0,351856.0,76,-1.0,
base,active,351171.0,351171.0,351196.0,6,36427.0,False
base,active,,351196.0,351856.0,6,-1.0,
base,active,,351197.0,351856.0,90 91,-1.0,
base,active,351198.0,351198.0,351367.0,7 8 9 10,36428.0,False
base,active,351222.0,351222.0,351616.0,11 12,36429.0,False
base,active,,351367.0,351882.0,7 8,-1.0,
base,active,,351367.0,354619.0,9 10,-1.0,
base,active,351386.0,351386.0,351427.0,13,36430.0,False
base,active,351396.0,351396.0,351455.0,14 15 16 17 18 19 20 21 22 23 24 25 26 27 28 29,36431.0,False
base,active,,351427.0,354619.0,13,-1.0,
base,active,,351455.0,354619.0,14 15 16 17 18 19 20 21 22 23 24 25 26 27 28 29,-1.0,
base,active,351592.0,351592.0,351614.0,30,36433.0,False
base,active,,351614.0,354619.0,30,-1.0,
base,active,,351616.0,354619.0,11 12,-1.0,
base,active,351617.0,351617.0,351790.0,31 65 67 68,36434.0,False
base,active,351640.0,351640.0,351854.0,74 75,36435.0,False
base,sleeping,,351714.0,351919.0,110 111 112 113,-4.0,
base,active,,351790.0,351971.0,65,-1.0,
base,active,,351790.0,352035.0,67,-1.0,
base,active,,351790.0,352114.0,68,-1.0,
base,active,,351790.0,354619.0,31,-1.0,
base,active,,351854.0,352115.0,74,-1.0,
base,active,,351854.0,352261.0,75,-1.0,
base,active,351856.0,351856.0,352084.0,6 76 90 91,36437.0,False
base,active,351882.0,351882.0,352285.0,7 8,36439.0,False
base,switching_on,,351919.0,354619.0,110 111 112 113 123 124 125 126 127,-3.0,
base,active,351971.0,351971.0,352005.0,65,36441.0,False
base,active,,352005.0,352286.0,65,-1.0,
base,active,352035.0,352035.0,352068.0,67,36442.0,False
base,active,,352068.0,352286.0,67,-1.0,
base,active,,352084.0,352286.0,6 76,-1.0,
base,active,,352084.0,352307.0,90 91,-1.0,
base,active,352114.0,352114.0,352156.0,68,36444.0,False
base,active,352115.0,352115.0,352182.0,74,36445.0,False
base,active,,352156.0,352322.0,68,-1.0,
base,active,,352182.0,352471.0,74,-1.0,
base,active,349309.0,352230.0,352248.0,81,36411.0,False
base,active,,352248.0,352505.0,81,-1.0,
base,active,352261.0,352261.0,352283.0,75,36447.0,False
base,active,,352283.0,352506.0,75,-1.0,
base,active,,352285.0,352525.0,7,-1.0,
base,active,,352285.0,353052.0,8,-1.0,
base,active,352286.0,352286.0,352448.0,6 65 67 76,36448.0,False
base,active,352307.0,352307.0,377515.0,90 91,36449.0,False
base,active,352322.0,352322.0,352432.0,68,36450.0,False
base,active,349632.0,352332.0,352349.0,82,36414.0,False
base,active,,352349.0,353052.0,82,-1.0,
base,active,,352432.0,353052.0,68,-1.0,
base,active,,352448.0,353052.0,6 65 67 76,-1.0,
base,active,352471.0,352471.0,352502.0,74,36451.0,False
base,active,,352502.0,353052.0,74,-1.0,
base,active,352505.0,352505.0,352515.0,81,36452.0,False
base,active,352506.0,352506.0,352526.0,75,36453.0,False
base,active,,352515.0,353052.0,81,-1.0,
base,active,352525.0,352525.0,352533.0,7,36454.0,False
base,active,,352526.0,353052.0,75,-1.0,
base,active,,352533.0,353052.0,7,-1.0,
base,active,352943.0,353052.0,353062.0,66,36457.0,False
base,active,,353052.0,353148.0,69,-1.0,
base,active,352614.0,353052.0,353572.0,6 7 8 32 35 36 37 38 49 50 51 52 53 54 55 56 57 58 59 60 61 62 63 64 65 67 68 74 75 76 81 82,36455.0,False
base,active,,353052.0,353572.0,70 71 72 73 77 78 79 80 84,-1.0,
base,active,,353062.0,353572.0,66,-1.0,
base,active,353148.0,353148.0,353151.0,69,36459.0,False
base,active,,353151.0,353572.0,69,-1.0,
base,active,349530.0,353494.0,353593.0,0 1 2 3 4 5 33 34 39 40 41 42 43 44 45 46 47 48 83 85 86 87 88 89 92 93 94 95 96 97 98 99,36413.0,False
base,active,353462.0,353572.0,353583.0,62,36462.0,False
base,active,353519.0,353572.0,353585.0,63,36464.0,False
base,active,,353572.0,353821.0,64 65 67 68 74 75 76 81 82,-1.0,
base,active,353180.0,353572.0,355289.0,6 7 8 32 35 36 37 38 49 50 51 52 53 54 55 56 57 58 59 60 61 66 69 70 71 72 73 77 78 79 80 84,36460.0,False
base,active,350541.0,353580.0,353582.0,101,36423.0,False
base,active,350243.0,353580.0,353599.0,100,36417.0,False
base,active,350585.0,353580.0,353603.0,122,36425.0,False
base,active,350579.0,353580.0,353956.0,102 103 104 105 106 107 108 109 114 115 116 117 118 119 120 121,36424.0,False
base,active,,353582.0,353821.0,101,-1.0,
base,active,,353583.0,353821.0,62,-1.0,
base,active,,353585.0,353821.0,63,-1.0,
base,active,,353593.0,353821.0,0 1 2 3 4 5 33 34 39 40 41 42 43 44 45 46 47 48 83 85,-1.0,
base,active,,353593.0,354042.0,86 87 88 89 92 93 94 95 96 97 98 99,-1.0,
base,active,,353599.0,354042.0,100,-1.0,
base,active,,353603.0,354042.0,122,-1.0,
base,active,353821.0,353821.0,354523.0,0 1 2 3 4 5 33 34 39 40 41 42 43 44 45 46 47 48 62 63 64 65 67 68 74 75 76 81 82 83 85 101,36468.0,False
base,active,,353956.0,354042.0,102 103,-1.0,
base,active,,353956.0,354437.0,104,-1.0,
base,active,,353956.0,354532.0,105 106 107 108 109 114 115 116 117 118 119 120 121,-1.0,
base,active,354042.0,354042.0,354599.0,86 87 88 89 92 93 94 95 96 97 98 99 100 102 103 122,36469.0,False
base,active,354437.0,354437.0,354585.0,104,36471.0,False
base,active,,354523.0,354532.0,0 1 2,-1.0,
base,active,,354523.0,354536.0,3 4 5 33,-1.0,
base,active,,354523.0,354601.0,34,-1.0,
base,active,,354523.0,354776.0,39,-1.0,
base,active,,354523.0,354827.0,40 41 42 43 44 45 46 47 48 62 63 64 65 67 68 74,-1.0,
base,active,,354523.0,354838.0,75 76 81 82 83 85 101,-1.0,
base,active,354532.0,354532.0,354623.0,0 1 2 105 106 107 108 109 114 115 116 117 118 119 120 121,36472.0,False
base,active,354536.0,354536.0,354604.0,3 4 5 33,36473.0,False
base,active,,354585.0,354838.0,104,-1.0,
base,active,,354599.0,354838.0,86 87 88 89 92 93 94 95,-1.0,
base,active,,354599.0,355201.0,96 97 98 99 100 102 103 122,-1.0,
base,active,354601.0,354601.0,354728.0,34,36474.0,False
base,active,,354604.0,355201.0,3 4 5 33,-1.0,
base,active,351919.0,354619.0,355201.0,9 10 11 12 13 14 15 16 17 18 19 20 21 22 23 24 25 26 27 28 29 30 31 110 111 112 113 123 124 125 126 127,36440.0,False
base,active,,354623.0,355201.0,0 1 2 105 106 107 108 109 114 115 116 117 118 119 120 121,-1.0,
base,active,,354728.0,355201.0,34,-1.0,
base,active,354776.0,354776.0,354965.0,39,36476.0,False
base,active,354827.0,354827.0,354956.0,40 41 42 43 44 45 46 47 48 62 63 64 65 67 68 74,36477.0,False
base,active,354838.0,354838.0,354920.0,75 76 81 82 83 85 86 87 88 89 92 93 94 95 101 104,36478.0,False
base,active,,354920.0,355201.0,75 76 81 82 83 85 86 87 88 89 92 93 94 95 101 104,-1.0,
base,active,,354956.0,355201.0,40 41 42 43 44 45 46 47 48 62 63 64 65 67 68 74,-1.0,
base,active,,354965.0,355201.0,39,-1.0,
base,active,,355201.0,355289.0,27 28 29 30 31 110 111 112 113 123 124 125 126 127,-1.0,
base,active,354957.0,355201.0,355396.0,11 12 13 14 15 16 17 18 19 20 21 22 23 24 25 26,36480.0,False
base,active,354930.0,355201.0,356856.0,0 1 2 3 4 5 9 10 33 34 39 40 41 42 43 44 45 46 47 48 62 63 64 65 67 68 74 75 76 81 82 83 85 86 87 88 89 92 93 94 95 96 97 98 99 100 101 102 103 104 105 106 107 108 109 114 115 116 117 118 119 120 121 122,36479.0,False
base,active,,355289.0,355396.0,8 32 35 36 37 38 49 50 51 52 53 54 55 56 57 58 59 60 61 66 69 70 71 72 73 77 78 79 80 84,-1.0,
base,active,354973.0,355289.0,355501.0,6 7 27 28 29 30 31 110 111 112 113 123 124 125 126 127,36481.0,False
base,active,,355396.0,355501.0,13 14 15 16 17 18 19 20 21 22 23 24 25 26,-1.0,
base,active,355202.0,355396.0,356576.0,8 11 12 32 35 36 37 38 49 50 51 52 53 54 55 56 57 58 59 60 61 66 69 70 71 72 73 77 78 79 80 84,36484.0,False
base,active,355211.0,355501.0,355725.0,6 7 13 14 15 16 17 18 19 20 21 22 23 24 25 26,36485.0,False
base,active,,355501.0,356401.0,27 28 29 30 31 110 111 112 113 123 124 125 126 127,-1.0,
base,active,,355725.0,356576.0,6 7 13 14 15 16 17 18 19 20 21 22 23 24 25 26,-1.0,
base,switching_off,,356401.0,358201.0,27 28 29 30 31 110 111 112 113 123 124 125 126 127,-2.0,
base,active,,356576.0,356595.0,57,-1.0,
base,active,,356576.0,356856.0,58 59 60 61 66 69 70 71 72 73 77 78 79 80 84,-1.0,
base,active,356391.0,356576.0,357016.0,6 7 8 11 12 13 14 15 16 17 18 19 20 21 22 23 24 25 26 32 35 36 37 38 49 50 51 52 53 54 55 56,36490.0,False
base,active,356595.0,356595.0,356604.0,57,36491.0,False
base,active,,356604.0,356856.0,57,-1.0,
base,active,356606.0,356856.0,357030.0,0 1 2 3 4 5 9 10 33 34 39 40 41 42 43 44 45 46 47 48 57 58 59 60 61 62 63 64 65 66 67 68 69 70 71 72 73 74 75 76 77 78 79 80 81 82 83 84 85 86 87 88 89 92 93 94 95 96 97 98 99 100 101 102,36492.0,False
base,active,,356856.0,357155.0,103 104 105 106 107 108 109 114 115 116 117 118 119 120 121 122,-1.0,
base,active,,357016.0,357155.0,6 7 8 11 12 13 14 15 16 17 18 19 20 21 22 23,-1.0,
base,active,,357016.0,357280.0,24,-1.0,
base,active,,357016.0,357349.0,25 26 32 35,-1.0,
base,active,,357016.0,357542.0,36 37 38 49 50 51 52 53,-1.0,
base,active,,357016.0,357625.0,54 55 56,-1.0,
base,active,,357030.0,357625.0,0 1 2 3 4 5 9 10 33 34 39 40 41 42 43 44 45 46 47 48 57 58 59 60 61 62 63 64 65 66 67 68 69 70 71 72 73 74 75 76 77 78 79 80 81 82 83 84 85 86 87 88 89 92 93 94 95 96 97 98 99,-1.0,
base,active,,357030.0,357930.0,100 101 102,-1.0,
base,active,357155.0,357155.0,357754.0,6 7 8 11 12 13 14 15 16 17 18 19 20 21 22 23 103 104 105 106 107 108 109 114 115 116 117 118 119 120 121 122,36497.0,False
base,active,357280.0,357280.0,357318.0,24,36499.0,False
base,active,,357318.0,357980.0,24,-1.0,
base,active,357349.0,357349.0,357381.0,25 26 32 35,36501.0,False
base,active,,357381.0,357980.0,25 26 32 35,-1.0,
base,active,357542.0,357542.0,357597.0,36 37 38 49 50 51 52 53,36502.0,False
base,active,,357597.0,357980.0,36 37 38 49 50 51 52 53,-1.0,
base,active,357625.0,357625.0,357724.0,0 1 2 3 4 5 9 10 33 34 39 40 41 42 43 44 45 46 47 48 54 55 56 57 58 59 60 61 62 63 64 65 66 67 68 69 70 71 72 73 74 75 76 77 78 79 80 81 82 83 84 85 86 87 88 89 92 93 94 95 96 97 98 99,36503.0,False
base,active,,357724.0,357980.0,0 1 2 3 4 5 9 10 33 34 39 40 41 42 43 44 45 46 47 48 54 55 56 57 58 59 60 61 62 63 64 65 66 67 68 69 70 71 72 73 74 75 76 77 78 79 80 81 82 83 84,-1.0,
base,active,,357724.0,358105.0,85 86 87 88 89 92 93 94 95 96 97 98 99,-1.0,
base,active,,357754.0,358105.0,6 7 8 11 12 13 14 15 16 17 18 19 20 21 22 23 103 104 105,-1.0,
base,active,,357754.0,358200.0,106 107 108 109,-1.0,
base,active,,357754.0,358236.0,114 115 116 117 118 119 120 121 122,-1.0,
base,switching_off,,357930.0,359730.0,100 101 102,-2.0,
base,active,357980.0,357980.0,358155.0,0 1 2 3 4 5 9 10 24 25 26 32 33 34 35 36 37 38 39 40 41 42 43 44 45 46 47 48 49 50 51 52 53 54 55 56 57 58 59 60 61 62 63 64 65 66 67 68 69 70 71 72 73 74 75 76 77 78 79 80 81 82 83 84,36505.0,False
base,active,358105.0,358105.0,359307.0,6 7 8 11 12 13 14 15 16 17 18 19 20 21 22 23 85 86 87 88 89 92 93 94 95 96 97 98 99 103 104 105,36506.0,False
base,active,,358155.0,358236.0,0 1 2 3 4 5 9 10 24 25 26 32 33 34 35 36 37 38 39 40 41 42 43 44 45 46 47 48 49 50 51 52 53 54 55 56 57 58 59 60 61 62 63 64 65 66 67 68 69 70 71 72 73 74 75,-1.0,
base,active,,358155.0,358455.0,76 77 78 79 80 81 82 83 84,-1.0,
base,active,358200.0,358200.0,358466.0,106 107 108 109,36507.0,False
base,sleeping,,358201.0,362007.0,27 28 29 30 31,-4.0,
base,sleeping,,358201.0,366264.0,110 111 112 113 123 124 125 126 127,-4.0,
base,active,358236.0,358236.0,358442.0,0 1 2 3 4 5 9 10 24 25 26 32 33 34 35 36 37 38 39 40 41 42 43 44 45 46 47 48 49 50 51 52 53 54 55 56 57 58 59 60 61 62 63 64 65 66 67 68 69 70 71 72 73 74 75 114 115 116 117 118 119 120 121 122,36508.0,False
base,active,,358442.0,358455.0,0 1 2 3 4 5 9 10 24 25 26 32 33 34 35 36 37 38 39 40 41 42 43 44 45 46 47 48 49 50 51 52 53 54 55 56 57 58 59 60 61 62 63 64 65 66 67 68 69 70 71 72 73 74 75,-1.0,
base,active,,358442.0,358578.0,114 115 116 117,-1.0,
base,active,,358442.0,358647.0,118 119 120 121 122,-1.0,
base,active,358455.0,358455.0,358636.0,0 1 2 3 4 5 9 10 24 25 26 32 33 34 35 36 37 38 39 40 41 42 43 44 45 46 47 48 49 50 51 52 53 54 55 56 57 58 59 60 61 62 63 64 65 66 67 68 69 70 71 72 73 74 75 76 77 78 79 80 81 82 83 84,36510.0,False
base,active,,358466.0,358647.0,106 107 108 109,-1.0,
base,active,358578.0,358578.0,358599.0,114 115 116 117,36511.0,False
base,active,,358599.0,358647.0,114 115 116 117,-1.0,
base,active,,358636.0,358647.0,0 1 2 3 4 5 9 10 24 25 26 32 33 34 35 36 37 38 39 40 41 42 43 44 45 46 47 48 49 50 51 52 53 54 55 56 57 58 59 60 61 62 63 64 65 66 67 68 69 70 71,-1.0,
base,active,,358636.0,358779.0,72 73 74 75,-1.0,
base,active,,358636.0,358957.0,76 77 78 79,-1.0,
base,active,,358636.0,359316.0,80 81 82 83 84,-1.0,
base,active,358647.0,358647.0,358849.0,0 1 2 3 4 5 9 10 24 25 26 32 33 34 35 36 37 38 39 40 41 42 43 44 45 46 47 48 49 50 51 52 53 54 55 56 57 58 59 60 61 62 63 64 65 66 67 68 69 70 71 106 107 108 109 114 115 116 117 118 119 120 121 122,36512.0,False
base,active,358779.0,358779.0,358810.0,72 73 74 75,36515.0,False
base,active,,358810.0,359316.0,72 73 74 75,-1.0,
base,active,,358849.0,359316.0,0 1 2 3 4 5 9 10 24 25 26 32 33 34 35 36 37 38 39 40 41 42 43,-1.0,
base,active,,358849.0,359715.0,44 45 46 47,-1.0,
base,active,,358849.0,359749.0,48 49 50 51 52 53 54 55 56 57 58 59 60 61 62 63 64 65 66 67 68 69 70 71 106 107 108 109 114 115 116 117 118 119 120 121 122,-1.0,
base,active,358957.0,358957.0,359099.0,76 77 78 79,36519.0,False
base,active,,359099.0,359999.0,76 77 78 79,-1.0,
base,active,,359307.0,360207.0,6 7 8 11 12 13 14 15 16 17 18 19 20 21 22 23 85 86 87 88 89 92 93 94 95 96 97 98 99 103 104 105,-1.0,
base,active,359316.0,359316.0,375235.0,0 1 2 3 4 5 9 10 24 25 26 32 33 34 35 36 37 38 39 40 41 42 43 72 73 74 75 80 81 82 83 84,36520.0,False
base,active,359715.0,359715.0,359784.0,44 45 46 47,36522.0,False
base,sleeping,,359730.0,362007.0,100 101,-4.0,
base,sleeping,,359730.0,366264.0,102,-4.0,
base,switching_off,,359749.0,361549.0,48 49 50 51 52 53 54 55 56 57 58 59 60 61 62 63 64 65 66 67 68 69 70 71 106 107 108 109 114 115 116 117 118 119 120 121 122,-2.0,
base,active,,359784.0,360684.0,44 45 46 47,-1.0,
base,switching_off,,359999.0,361799.0,76 77 78 79,-2.0,
base,switching_off,,360207.0,362007.0,6 7 8 11 12 13 14 15 16 17 18 19 20 21 22 23 85 86 87 88 89 92 93 94 95 96 97 98 99 103 104 105,-2.0,
base,switching_off,,360684.0,362484.0,44 45 46 47,-2.0,
base,sleeping,,361549.0,362007.0,48 49 50 51 52 53 54 55 56 57 58 59 60 61 62 63 64 65 66 67 68 69 70 71,-4.0,
base,sleeping,,361549.0,366264.0,106 107 108 109 114 115 116 117 118 119 120 121 122,-4.0,
base,sleeping,,361799.0,362007.0,76 77 78 79,-4.0,
base,switching_on,,362007.0,364707.0,6 7 8 11 12 13 14 15 16 17 18 19 20 21 22 23 27 28 29 30 31 48 49 50 51 52 53 54 55 56 57 58 59 60 61 62 63 64 65 66 67 68 69 70 71 76 77 78 79 85 86 87 88 89 92 93 94 95 96 97 98 99 100 101,-3.0,
base,sleeping,,362007.0,366264.0,103 104 105,-4.0,
base,sleeping,,362484.0,365098.0,44 45 46,-4.0,
base,sleeping,,362484.0,366264.0,47,-4.0,
base,active,361185.0,364707.0,364899.0,6 7 8 11 12 13 14 15 16 17 18 19 20 21 22 23 27 28 29 30 31 48 49 50 51 52 53 54 55 56 57 58 59 60 61 62 63 64 65 66 67 68 69 70 71 76 77 78 79 85 86 87 88 89 92 93 94 95 96 97 98 99 100 101,36532.0,False
base,active,361392.0,364899.0,365098.0,6 7 8 11 12 13 14 15 16 17 18 19 20 21 22 23 27 28 29 30 31 48 49 50 51 52 53 54 55 56 57 58 59 60 61 62 63 64 65 66 67 68 69 70 71 76 77 78 79 85 86 87 88 89 92 93 94 95 96 97 98 99 100 101,36534.0,False
base,active,362044.0,365098.0,366264.0,6 7 8 11 12 13 14 15 16 17 18 19 20 21 22 23 27 28 29 30 31 48 49 50 51 52 53 54 55 56 57 58 59 60 61 62 63 64 65 66 67 68 69 70 71 76 77 78 79 85 86 87 88 89 92 93 94 95 96 97 98 99 100 101,36539.0,False
base,switching_on,,365098.0,367798.0,44 45 46,-3.0,
base,active,365883.0,366264.0,366293.0,101,36567.0,False
base,active,364413.0,366264.0,366399.0,65 66 67 68 69 70 71 76,36555.0,False
base,active,364073.0,366264.0,366429.0,59,36552.0,False
base,active,,366264.0,367164.0,77 78 79 85 86 87 88 89 92 93 94 95 96 97 98 99 100,-1.0,
base,active,363603.0,366264.0,367383.0,6 7 8 11 12 13 14 15 16 17 18 19 20 21 22 23 27 28 29 30 31 48 49 50 51 52 53 54 55 56 57 58,36550.0,False
base,active,,366264.0,368964.0,60 61 62 63 64,-1.0,
base,switching_on,,366264.0,368964.0,47 102 103 104 105 106 107 108 109 110 111 112 113 114 115 116 117 118 119 120 121 122 123 124 125 126 127,-3.0,
base,active,,366293.0,367164.0,101,-1.0,
base,active,,366399.0,367164.0,65,-1.0,
base,active,,366399.0,367299.0,66 67 68 69 70 71 76,-1.0,
base,active,,366429.0,367329.0,59,-1.0,
base,active,366707.0,367164.0,367273.0,101,36573.0,False
base,active,366912.0,367164.0,367292.0,65,36575.0,False
base,switching_off,,367164.0,368964.0,77 78 79 85 86 87 88 89 92 93 94 95 96 97 98 99 100,-2.0,
base,active,,367273.0,367383.0,101,-1.0,
base,active,,367292.0,367383.0,65,-1.0,
base,switching_off,,367299.0,369099.0,66 67 68 69 70 71 76,-2.0,
base,switching_off,,367329.0,369129.0,59,-2.0,
base,active,364808.0,367383.0,367542.0,6 7 8 11 12 13 14 15 16 17 18 19 20 21 22 23 27 28 29 30 31 48 49 50 51 52 53 54 55 56 65 101,36561.0,False
base,active,,367383.0,367542.0,57 58,-1.0,
base,active,,367542.0,367676.0,65,-1.0,
base,active,365054.0,367542.0,367723.0,6 7 8 11 12 13 14 15 16 17 18 19 20 21 22 23 27 28 29 30 31 48 49 50 51 52 53 54 55 56 57 58,36562.0,False
base,active,,367542.0,367723.0,101,-1.0,
base,active,367676.0,367676.0,367834.0,65,36580.0,False
base,active,,367723.0,367915.0,58,-1.0,
base,active,365261.0,367723.0,368112.0,6 7 8 11 12 13 14 15 16 17 18 19 20 21 22 23 27 28 29 30 31 48 49 50 51 52 53 54 55 56 57 101,36564.0,False
base,active,363229.0,367798.0,367801.0,45,36548.0,False
base,active,363212.0,367798.0,367808.0,44,36547.0,False
base,active,363234.0,367798.0,367812.0,46,36549.0,False
base,active,,367801.0,367947.0,45,-1.0,
base,active,,367808.0,368112.0,44,-1.0,
base,active,,367812.0,368112.0,46,-1.0,
base,active,,367834.0,368112.0,65,-1.0,
base,active,367915.0,367915.0,367934.0,58,36585.0,False
base,active,,367934.0,368112.0,58,-1.0,
base,active,367947.0,367947.0,368040.0,45,36587.0,False
base,active,,368040.0,368112.0,45,-1.0,
base,active,365784.0,368112.0,368368.0,6 7 8 11 12 13 14 15 16 17 18 19 20 21 22 23 27 28 29 30 31 44 45 46 48 49 50 51 52 53 58 65,36566.0,False
base,active,,368112.0,368368.0,54 55 56 57 101,-1.0,
base,active,,368368.0,368381.0,51,-1.0,
base,active,,368368.0,368508.0,52,-1.0,
base,active,,368368.0,368510.0,53,-1.0,
base,active,366914.0,368368.0,368570.0,6 7 8 11 12 13 14 15 16 17 18 19 20 21 22 23 27 28 29 30 31 44 45 46 48 49 50 54 55 56 57 101,36576.0,False
base,active,,368368.0,368570.0,58 65,-1.0,
base,active,368381.0,368381.0,368484.0,51,36589.0,False
base,active,,368484.0,368570.0,51,-1.0,
base,active,368508.0,368508.0,368529.0,52,36591.0,False
base,active,368510.0,368510.0,368519.0,53,36592.0,False
base,active,,368519.0,368570.0,53,-1.0,
base,active,,368529.0,368570.0,52,-1.0,
base,active,,368570.0,368630.0,54,-1.0,
base,active,367466.0,368570.0,368773.0,6 7 8 11 12 13 14 15 16 17 18 19 20 21 22 23 27 28 29 30 31 44 45 46 48 49 50 51 52 53 58 65,36578.0,False
base,active,,368570.0,368773.0,55 56 57 101,-1.0,
base,active,368630.0,368630.0,368779.0,54,36594.0,False
base,active,,368773.0,368858.0,52,-1.0,
base,active,367731.0,368773.0,368955.0,6 7 8 11 12 13 14 15 16 17 18 19 20 21 22 23 27 28 29 30 31 44 45 46 48 49 50 51 55 56 57 101,36582.0,False
base,active,,368773.0,368955.0,53 58 65,-1.0,
base,active,,368779.0,368955.0,54,-1.0,
base,active,368858.0,368858.0,368968.0,52,36597.0,False
base,active,,368955.0,369114.0,55 56 57 101,-1.0,
base,active,368173.0,368955.0,369288.0,6 7 8 11 12 13 14 15 16 17 18 19 20 21 22 23 27 28 29 30 31 44 45 46 48 49 50 51 53 54 58 65,36588.0,False
base,active,364394.0,368964.0,369114.0,47 60 61 62 63 64 102 103 104 105 106 107 108 109 110 111 112 113 114 115 116 117 118 119 120 121 122 123 124 125 126 127,36554.0,False
base,sleeping,,368964.0,371143.0,77 78 79 85 86 87 88 89 92 93 94 95 96 97 98 99,-4.0,
base,sleeping,,368964.0,371725.0,100,-4.0,
base,active,,368968.0,369114.0,52,-1.0,
base,sleeping,,369099.0,369288.0,66 67 68 69 70 71 76,-4.0,
base,active,,369114.0,369288.0,123 124 125 126 127,-1.0,
base,active,368593.0,369114.0,373607.0,47 52 55 56 57 60 61 62 63 64 101 102 103 104 105 106 107 108 109 110 111 112 113 114 115 116 117 118 119 120 121 122,36593.0,False
base,sleeping,,369129.0,369288.0,59,-4.0,
base,active,368641.0,369288.0,369442.0,6 7 8 11 12 13 14 15 16 17 18 19 20 21 22 23 27 28 29 30 31 44 45 46 48 49 50 123 124 125 126 127,36595.0,False
base,active,,369288.0,369919.0,51 53 54 58,-1.0,
base,active,,369288.0,370056.0,65,-1.0,
base,switching_on,,369288.0,371988.0,59 66 67 68 69 70 71 76,-3.0,
base,active,,369442.0,370081.0,6 7 8 11,-1.0,
base,active,,369442.0,370336.0,12,-1.0,
base,active,,369442.0,370342.0,13 14 15 16 17 18 19 20 21 22 23 27 28 29 30 31 44 45 46 48 49 50 123 124 125 126 127,-1.0,
base,active,369919.0,369919.0,369997.0,51 53 54 58,36604.0,False
base,active,,369997.0,370397.0,51 53 54 58,-1.0,
base,active,370056.0,370056.0,370308.0,65,36606.0,False
base,active,370081.0,370081.0,370157.0,6 7 8 11,36607.0,False
base,active,,370157.0,370397.0,6 7 8 11,-1.0,
base,active,,370308.0,370428.0,65,-1.0,
base,active,370336.0,370336.0,370475.0,12,36608.0,False
base,switching_off,,370342.0,372142.0,13 14 15 16 17 18 19 20 21 22 23 27 28 29 30 31 44 45 46 48 49 50 123 124 125 126 127,-2.0,
base,active,370397.0,370397.0,370463.0,6 7 8 11 51 53 54 58,36609.0,False
base,active,370428.0,370428.0,370449.0,65,36610.0,False
base,active,,370449.0,370918.0,65,-1.0,
base,active,,370463.0,371363.0,6 7 8 11 51 53 54 58,-1.0,
base,active,,370475.0,371375.0,12,-1.0,
base,active,370918.0,370918.0,371044.0,65,36615.0,False
base,active,,371044.0,371944.0,65,-1.0,
base,switching_on,,371143.0,373843.0,77 78 79 85 86 87 88 89 92 93 94 95 96 97 98 99,-3.0,
base,switching_off,,371363.0,373163.0,6 7 8 11 51 53 54 58,-2.0,
base,switching_off,,371375.0,373175.0,12,-2.0,
base,switching_on,,371725.0,374425.0,100,-3.0,
base,switching_off,,371944.0,373744.0,65,-2.0,
base,active,368707.0,371988.0,372081.0,59 66 67 68 69 70 71 76,36596.0,False
base,active,371547.0,372081.0,372139.0,59 66 67 68 69 70 71 76,36622.0,False
base,active,371654.0,372139.0,372209.0,59 66 67 68,36623.0,False
base,active,371829.0,372139.0,372217.0,69 70 71 76,36625.0,False
base,sleeping,,372142.0,372217.0,44 45 46 48 49 50 123 124 125 126 127,-4.0,
base,switching_on,,372142.0,374842.0,13 14 15 16 17 18 19 20 21 22 23 27 28 29 30 31,-3.0,
base,active,,372209.0,374917.0,59 66 67 68,-1.0,
base,active,,372217.0,373117.0,70 71 76,-1.0,
base,active,,372217.0,374917.0,69,-1.0,
base,switching_on,,372217.0,374917.0,44 45 46 48 49 50 123 124 125 126 127,-3.0,
base,switching_off,,373117.0,374917.0,70 71 76,-2.0,
base,switching_on,,373163.0,375863.0,6 7 8 11 51 53 54 58,-3.0,
base,sleeping,,373175.0,373664.0,12,-4.0,
base,active,372284.0,373607.0,373664.0,107 108 109 110 111 112 113 114,36629.0,False
base,active,,373607.0,373664.0,115 116 117 118 119 120 121 122,-1.0,
base,active,372010.0,373607.0,373703.0,47 52 55 56 57 60 61 62 63 64 101 102 103 104 105 106,36628.0,False
base,active,372346.0,373664.0,373728.0,107 108 109 110 111 112 113 114 115 116 117 118 119 120 121 122,36631.0,False
base,switching_on,,373664.0,376364.0,12,-3.0,
base,active,,373703.0,373728.0,106,-1.0,
base,active,373354.0,373703.0,373765.0,62 63 64 101 102 103 104 105,36642.0,False
base,active,373265.0,373703.0,373772.0,56 57 60 61,36641.0,False
base,active,372868.0,373703.0,373817.0,52,36638.0,False
base,active,373163.0,373703.0,373817.0,55,36640.0,False
base,active,372623.0,373703.0,373824.0,47,36637.0,False
base,active,373470.0,373728.0,373788.0,106 107 108 109 110 111 112 113 114 115 116 117 118 119 120 121,36644.0,False
base,active,373539.0,373728.0,373839.0,122,36645.0,False
base,sleeping,,373744.0,377371.0,65,-4.0,
base,active,,373765.0,373800.0,62,-1.0,
base,active,,373765.0,373928.0,63,-1.0,
base,active,,373765.0,374356.0,64 101 102 103 104 105,-1.0,
base,active,,373772.0,374356.0,56 57 60 61,-1.0,
base,active,,373788.0,374356.0,106 107 108 109 110 111 112 113 114 115 116 117 118 119 120 121,-1.0,
base,active,373800.0,373800.0,373916.0,62,36646.0,False
base,active,,373817.0,374356.0,52 55,-1.0,
base,active,,373824.0,374356.0,47,-1.0,
base,active,,373839.0,374356.0,122,-1.0,
base,active,371143.0,373843.0,373859.0,77 78 79 85 86 87 88 89 92 93 94 95 96 97 98 99,36618.0,False
base,active,,373859.0,374356.0,77 78,-1.0,
base,active,,373859.0,374394.0,79,-1.0,
base,active,,373859.0,374667.0,85,-1.0,
base,active,,373859.0,374759.0,86 87 88 89 92 93 94 95 96 97 98 99,-1.0,
base,active,,373916.0,374816.0,62,-1.0,
base,active,373928.0,373928.0,374057.0,63,36650.0,False
base,active,,374057.0,374937.0,63,-1.0,
base,active,374356.0,374356.0,374854.0,47 52 55 56 57 60 61 64 77 78 101 102 103 104 105 106 107 108 109 110 111 112 113 114 115 116 117 118 119 120 121 122,36653.0,False
base,active,374394.0,374394.0,374568.0,79,36654.0,False
base,active,371725.0,374425.0,374549.0,100,36624.0,False
base,active,,374549.0,374937.0,100,-1.0,
base,active,,374568.0,374937.0,79,-1.0,
base,active,374667.0,374667.0,374776.0,85,36656.0,False
base,switching_off,,374759.0,376559.0,86 87 88 89 92 93 94 95 96 97 98 99,-2.0,
base,active,,374776.0,374937.0,85,-1.0,
base,switching_off,,374816.0,376616.0,62,-2.0,
base,active,371172.0,374842.0,374948.0,13 14 15 16 17 18 19 20 21 22 23 27 28 29 30 31,36619.0,False
base,active,,374854.0,374937.0,47 52 55 56 57 60 61 64 77 78 101 102 103 104 105 106 107 108 109 110 111 112 113 114 115 116 117 118,-1.0,
base,active,,374854.0,374961.0,119,-1.0,
base,active,,374854.0,375141.0,120 121 122,-1.0,
base,active,371399.0,374917.0,375046.0,44 45 46 48 49 50 59 66 67 68 69 123 124 125 126 127,36620.0,False
base,sleeping,,374917.0,377935.0,70 71 76,-4.0,
base,active,374937.0,374937.0,376204.0,47 52 55 56 57 60 61 63 64 77 78 79 85 100 101 102 103 104 105 106 107 108 109 110 111 112 113 114 115 116 117 118,36657.0,False
base,active,,374948.0,375141.0,13 14 15 16 17,-1.0,
base,active,,374948.0,375246.0,18,-1.0,
base,active,,374948.0,375536.0,19,-1.0,
base,active,,374948.0,375815.0,20,-1.0,
base,active,,374948.0,375848.0,21 22 23 27 28 29 30 31,-1.0,
base,active,374961.0,374961.0,375129.0,119,36658.0,False
base,active,,375046.0,375946.0,44 45 46 48 49 50 59 66 67 68 69 123 124 125 126 127,-1.0,
base,active,,375129.0,376029.0,119,-1.0,
base,active,375141.0,375141.0,377520.0,13 14 15 16 17 120 121 122,36660.0,False
base,active,,375235.0,376032.0,0,-1.0,
base,active,,375235.0,376135.0,1 2 3 4 5 9 10 24 25 26 32 33 34 35 36 37 38 39 40 41 42 43 72 73 74 75 80 81 82 83 84,-1.0,
base,active,375246.0,375246.0,375400.0,18,36661.0,False
base,active,,375400.0,376206.0,18,-1.0,
base,active,375536.0,375536.0,375664.0,19,36664.0,False
base,active,,375664.0,376226.0,19,-1.0,
base,active,375815.0,375815.0,375929.0,20,36668.0,False
base,switching_off,,375848.0,377648.0,21 22 23 27 28 29 30 31,-2.0,
base,active,371918.0,375863.0,375930.0,6 7 8 11 51 53 54 58,36626.0,False
base,active,,375929.0,376829.0,20,-1.0,
base,active,,375930.0,376830.0,6 7 8 11 51 53 54 58,-1.0,
base,switching_off,,375946.0,377746.0,44 45 46 48 49 50 59 66 67 68 69 123 124 125 126 127,-2.0,
base,switching_off,,376029.0,377829.0,119,-2.0,
base,active,376032.0,376032.0,376159.0,0,36669.0,False
base,switching_off,,376135.0,377935.0,1 2 3 4 5 9 10 24 25 26 32 33 34 35 36 37 38 39 40 41 42 43 72 73 74 75 80 81 82 83 84,-2.0,
base,active,,376159.0,377059.0,0,-1.0,
base,active,,376204.0,377104.0,47 52 55 56 57 60 61 63 64 77 78 79 85 100 101 102 103 104 105 106 107 108 109 110 111 112 113 114 115 116 117 118,-1.0,
base,active,376206.0,376206.0,376219.0,18,36671.0,False
base,active,,376219.0,377119.0,18,-1.0,
base,active,376226.0,376226.0,376352.0,19,36672.0,False
base,active,,376352.0,377252.0,19,-1.0,
base,active,372373.0,376364.0,376508.0,12,36632.0,False
base,active,,376508.0,377408.0,12,-1.0,
base,sleeping,,376559.0,377935.0,86 87 88 89 92 93 94 95 96 97 98,-4.0,
base,sleeping,,376559.0,380220.0,99,-4.0,
base,sleeping,,376616.0,377371.0,62,-4.0,
base,switching_off,,376829.0,378629.0,20,-2.0,
base,switching_off,,376830.0,378630.0,6 7 8 11 51 53 54 58,-2.0,
base,switching_off,,377059.0,378859.0,0,-2.0,
base,switching_off,,377104.0,378904.0,47 52 55 56 57 60 61 63 64 77 78 79 85 100 101 102 103 104 105 106 107 108 109 110 111 112 113 114 115 116 117 118,-2.0,
base,switching_off,,377119.0,378919.0,18,-2.0,
base,switching_off,,377252.0,379052.0,19,-2.0,
base,switching_on,,377371.0,380071.0,62 65,-3.0,
base,switching_off,,377408.0,379208.0,12,-2.0,
base,active,,377515.0,378415.0,90 91,-1.0,
base,active,,377520.0,378420.0,13 14 15 16 17 120 121 122,-1.0,
base,sleeping,,377648.0,377935.0,21 22 23 27 28 29 30 31,-4.0,
base,sleeping,,377746.0,377935.0,44 45 46 48 49 50 59 66 67 68 69,-4.0,
base,sleeping,,377746.0,380220.0,123 124 125 126 127,-4.0,
base,sleeping,,377829.0,380220.0,119,-4.0,
base,switching_on,,377935.0,380635.0,1 2 3 4 5 9 10 21 22 23 24 25 26 27 28 29 30 31 32 33 34 35 36 37 38 39 40 41 42 43 44 45 46 48 49 50 59 66 67 68 69 70 71 72 73 74 75 76 80 81 82 83 84 86 87 88 89 92 93 94 95 96 97 98,-3.0,
base,switching_off,,378415.0,380215.0,90 91,-2.0,
base,switching_off,,378420.0,380220.0,13 14 15 16 17 120 121 122,-2.0,
base,sleeping,,378629.0,380220.0,20,-4.0,
base,sleeping,,378630.0,380220.0,6 7 8 11 51 53 54 58,-4.0,
base,sleeping,,378859.0,380220.0,0,-4.0,
base,sleeping,,378904.0,380220.0,47 52 55 56 57 60 61 63 64 77 78 79 85 100 101 102 103 104 105 106 107 108 109 110 111 112 113 114 115 116 117 118,-4.0,
base,sleeping,,378919.0,380220.0,18,-4.0,
base,sleeping,,379052.0,380220.0,19,-4.0,
base,sleeping,,379208.0,380220.0,12,-4.0,
base,active,377360.0,380071.0,380078.0,62,36680.0,False
base,active,377371.0,380071.0,380080.0,65,36681.0,False
base,active,,380078.0,382920.0,62,-1.0,
base,active,,380080.0,382920.0,65,-1.0,
base,sleeping,,380215.0,380220.0,90 91,-4.0,
base,switching_on,,380220.0,382920.0,0 6 7 8 11 12 13 14 15 16 17 18 19 20 47 51 52 53 54 55 56 57 58 60 61 63 64 77 78 79 85 90 91 99 100 101 102 103 104 105 106 107 108 109 110 111 112 113 114 115 116 117 118 119 120 121 122 123 124 125 126 127,-3.0,
base,active,377331.0,380635.0,387213.0,1 2 3 4 5 9 10 21 22 23 24 25 26 27 28 29 30 31 32 33 34 35 36 37 38 39 40 41 42 43 44 45 46 48 49 50 59 66 67 68 69 70 71 72 73 74 75 76 80 81 82 83 84 86 87 88 89 92 93 94 95 96 97 98,36679.0,False
base,active,377527.0,382920.0,389788.0,0 6 7 8 11 12 13 14 15 16 17 18 19 20 47 51 52 53 54 55 56 57 58 60 61 62 63 64 65 77 78 79 85 90 91 99 100 101 102 103 104 105 106 107 108 109 110 111 112 113 114 115 116 117 118 119 120 121 122 123 124 125 126 127,36682.0,False
base,active,384718.0,387213.0,387369.0,1 2 3 4 5 9 10 21 22 23 24 25 26 27 28 29 30 31 32 33 34 35 36 37 38 39 40 41 42 43 44 45 46 48 49 50 59 66 67 68 69 70 71 72 73 74 75 76 80 81 82 83 84 86 87 88 89 92 93 94 95 96 97 98,36687.0,False
base,active,,387369.0,388269.0,1 2 3 4 5 9 10 21 22 23 24 25 26 27 28 29 30 31 32 33 34 35 36 37 38 39 40 41 42 43 44 45 46 48 49 50 59 66 67 68 69 70 71 72 73 74 75 76 80 81 82 83 84 86 87 88 89 92 93 94 95 96 97 98,-1.0,
base,switching_off,,388269.0,390069.0,1 2 3 4 5 9 10 21 22 23 24 25 26 27 28 29 30 31 32 33 34 35 36 37 38 39 40 41 42 43 44 45 46 48 49 50 59 66 67 68 69 70 71 72 73 74 75 76 80 81 82 83 84 86 87 88 89 92 93 94 95 96 97 98,-2.0,
base,active,,389788.0,392769.0,0 6 7 8 11 12 13 14 15 16 17 18 19 20 47 51 52 53 54 55 56 57 58 60 61 62 63 64 65 77 78 79 85 90 91 99 100 101 102 103 104 105 106 107 108 109 110 111 112 113 114 115 116 117 118 119 120 121 122 123 124 125 126 127,-1.0,
base,switching_on,,390069.0,392769.0,1 2 3 4 5 9 10 21 22 23 24 25 26 27 28 29 30 31 32 33 34 35 36 37 38 39 40 41 42 43 44 45 46 48 49 50 59 66 67 68 69 70 71 72 73 74 75 76 80 81 82 83 84 86 87 88 89 92 93 94 95 96 97 98,-3.0,
base,active,384404.0,392769.0,392874.0,0 1 2 3 4 5 6 7 8 9 10 11 12 13 14 15 16 17 18 19 20 21 22 23 24 25 26 27 28 29 30 31 32 33 34 35 36 37 38 39 40 41 42 43 44 45 46 47 48 49 50 51 52 53 54 55 56 57 58 59 60 61 62 63 64 65 66 67 68 69 70 71 72 73 74 75 76 77 78 79 80 81 82 83 84 85 86 87 88 89 90 91 92 93 94 95 96 97 98 99 100 101 102 103 104 105 106 107 108 109 110 111 112 113 114 115 116 117 118 119 120 121 122 123 124 125 126 127,36684.0,False
base,active,,392874.0,393774.0,64 65 66 67 68 69 70 71 72 73 74 75 76 77 78 79 80 81 82 83 84 85 86 87 88 89 90 91 92 93 94 95 96 97 98 99 100 101 102 103 104 105 106 107 108 109 110 111 112 113 114 115 116 117 118 119 120 121 122 123 124 125 126 127,-1.0,
base,active,384513.0,392874.0,403798.0,0 1 2 3 4 5 6 7 8 9 10 11 12 13 14 15 16 17 18 19 20 21 22 23 24 25 26 27 28 29 30 31 32 33 34 35 36 37 38 39 40 41 42 43 44 45 46 47 48 49 50 51 52 53 54 55 56 57 58 59 60 61 62 63,36685.0,False
base,switching_off,,393774.0,395574.0,64 65 66 67 68 69 70 71 72 73 74 75 76 77 78 79 80 81 82 83 84 85 86 87 88 89 90 91 92 93 94 95 96 97 98 99 100 101 102 103 104 105 106 107 108 109 110 111 112 113 114 115 116 117 118 119 120 121 122 123 124 125 126 127,-2.0,
base,sleeping,,395574.0,403798.0,64 65 66 67 68 69 70 71 72 73 74 75 76 77 78 79 80 81 82 83 84 85 86 87 88 89 90 91 92 93 94 95 96 97 98 99 100 101 102 103 104 105 106 107 108 109 110 111 112 113 114 115 116 117 118 119 120 121 122 123 124 125 126 127,-4.0,
base,active,,403798.0,406498.0,0 1 2 3 4 5 6 7 8 9 10 11 12 13 14 15 16 17 18 19 20 21 22 23 24 25 26 27 28 29 30 31 32 33 34 35 36 37 38 39 40 41 42 43 44 45 46 47 48 49 50 51 52 53 54 55 56 57 58 59 60 61 62 63,-1.0,
base,switching_on,,403798.0,406498.0,64 65 66 67 68 69 70 71 72 73 74 75 76 77 78 79 80 81 82 83 84 85 86 87 88 89 90 91 92 93 94 95 96 97 98 99 100 101 102 103 104 105 106 107 108 109 110 111 112 113 114 115 116 117 118 119 120 121 122 123 124 125 126 127,-3.0,
base,active,395445.0,406498.0,406587.0,0 1 2 3 4 5 6 7 8 9 10 11 12 13 14 15 16 17 18 19 20 21 22 23 24 25 26 27 28 29 30 31 32 33 34 35 36 37 38 39 40 41 42 43 44 45 46 47 48 49 50 51 52 53 54 55 56 57 58 59 60 61 62 63 64 65 66 67 68 69 70 71 72 73 74 75 76 77 78 79 80 81 82 83 84 85 86 87 88 89 90 91 92 93 94 95 96 97 98 99 100 101 102 103 104 105 106 107 108 109 110 111 112 113 114 115 116 117 118 119 120 121 122 123 124 125 126 127,36762.0,False
base,active,395538.0,406587.0,417511.0,0 1 2 3 4 5 6 7 8 9 10 11 12 13 14 15 16 17 18 19 20 21 22 23 24 25 26 27 28 29 30 31 32 33 34 35 36 37 38 39 40 41 42 43 44 45 46 47 48 49 50 51 52 53 54 55 56 57 58 59 60 61 62 63 64 65 66 67 68 69 70 71 72 73 74 75 76 77 78 79 80 81 82 83 84 85 86 87 88 89 90 91 92 93 94 95 96 97 98 99 100 101 102 103 104 105 106 107 108 109 110 111 112 113 114 115 116 117 118 119 120 121 122 123 124 125 126 127,36763.0,False
base,active,410270.0,417511.0,417514.0,4,36806.0,False
base,active,415811.0,417511.0,417525.0,92,36875.0,False
base,active,413938.0,417511.0,417527.0,93,36855.0,False
base,active,410291.0,417511.0,417528.0,5,36807.0,False
base,active,410955.0,417511.0,417528.0,8 9,36816.0,False
base,active,410980.0,417511.0,417528.0,10 11,36817.0,False
base,active,,417511.0,417528.0,90 91,-1.0,
base,active,411101.0,417511.0,417529.0,24 25,36821.0,False
base,active,411010.0,417511.0,417533.0,12 13 14 15,36818.0,False
base,active,413270.0,417511.0,417541.0,126 127,36845.0,False
base,active,410351.0,417511.0,417546.0,6 7,36810.0,False
base,active,411052.0,417511.0,417548.0,16 17 18 19 20 21 22 23,36819.0,False
base,active,410112.0,417511.0,417565.0,0 1,36804.0,False
base,active,413329.0,417511.0,417567.0,110 111 112 113 114 115 116 117 118 119 120 121 122 123 124 125,36847.0,False
base,active,410206.0,417511.0,417582.0,2 3,36805.0,False
base,active,413414.0,417511.0,417615.0,94 95 96 97 98 99 100 101 102 103 104 105 106 107 108 109,36848.0,False
base,active,411141.0,417511.0,417619.0,42 43 44 45 46 47 48 49 50 51 52 53 54 55 56 57,36824.0,False
base,active,411123.0,417511.0,417627.0,26 27 28 29 30 31 32 33 34 35 36 37 38 39 40 41,36822.0,False
base,active,411438.0,417511.0,417793.0,58 59 60 61 62 63 64 65 66 67 68 69 70 71 72 73 74 75 76 77 78 79 80 81 82 83 84 85 86 87 88 89,36827.0,False
base,active,,417514.0,417533.0,4,-1.0,
base,active,,417525.0,417528.0,92,-1.0,
base,active,,417527.0,417528.0,93,-1.0,
base,active,,417528.0,417533.0,5,-1.0,
base,active,414126.0,417528.0,417598.0,8 9 10 11 90 91 92 93,36861.0,False
base,active,,417529.0,417533.0,24 25,-1.0,
base,active,414544.0,417533.0,417594.0,4 5 12 13 14 15 24 25,36867.0,False
base,active,,417541.0,417548.0,126 127,-1.0,
base,active,,417546.0,417582.0,6 7,-1.0,
base,active,,417548.0,417582.0,16 17,-1.0,
base,active,415552.0,417548.0,417622.0,18 19 20 21 22 23 126 127,36874.0,False
base,active,,417565.0,417582.0,0 1,-1.0,
base,active,413422.0,417567.0,417668.0,110 111 112 113 114 115 116 117 118 119 120 121 122 123 124 125,36849.0,False
base,active,416120.0,417582.0,417651.0,0 1 2 3 6 7 16 17,36877.0,False
base,active,416907.0,417594.0,417667.0,4 5 12 13 14 15 24 25,36879.0,False
base,active,417303.0,417598.0,417680.0,8 9 10 11 90 91 92 93,36881.0,False
base,active,,417615.0,417622.0,94 95 96 97 98 99 100 101 102 103 104 105 106 107 108,-1.0,
base,active,417602.0,417615.0,417636.0,109,36882.0,False
base,active,,417619.0,417622.0,43 44 45 46 47 48 49 50 51 52 53 54 55 56 57,-1.0,
base,active,,417619.0,417667.0,42,-1.0,
base,active,,417622.0,417667.0,18 19 20 21 22 23,-1.0,
base,active,414103.0,417622.0,417714.0,43 44 45 46 47 48 49 50 51 52 53 54 55 56 57 94 95 96 97 98 99 100 101 102 103 104 105 106 107 108 126 127,36860.0,False
base,active,,417627.0,417667.0,26 27 28 29 30 31 32 33 34 35 36 37 38 39 40 41,-1.0,
base,active,,417636.0,417650.0,109,-1.0,
base,active,417650.0,417650.0,417687.0,109,36883.0,False
base,active,,417651.0,417667.0,7 16 17,-1.0,
base,active,,417651.0,417687.0,0 1 2 3 6,-1.0,
base,active,,417667.0,417687.0,4 5,-1.0,
base,active,414516.0,417667.0,417754.0,7 12 13 14 15 16 17 18 19 20 21 22 23 24 25 26 27 28 29 30 31 32 33 34 35 36 37 38 39 40 41 42,36866.0,False
base,active,,417668.0,417687.0,110 111 112 113 114 115 116 117 118 119 120 121 122 123 124 125,-1.0,
base,active,,417680.0,417687.0,8 9 10 11 90 91 92 93,-1.0,
base,active,415528.0,417687.0,417783.0,0 1 2 3 4 5 6 8 9 10 11 90 91 92 93 109 110 111 112 113 114 115 116 117 118 119 120 121 122 123 124 125,36873.0,False
base,active,417697.0,417714.0,417753.0,127,36884.0,False
base,active,,417714.0,417793.0,43 44 45 46 47 48 49 50 51 52 53 54 55 56 57 94 95 96 97 98 99 100 101 102 103 104 105 106 107 108 126,-1.0,
base,active,,417753.0,417793.0,127,-1.0,
base,active,,417754.0,417793.0,7 12 13 14 15 16 17 18 19 20 21 22 23 24 25 26 27 28 29 30 31 32 33 34 35 36 37 38 39 40 41 42,-1.0,
base,active,,417783.0,417793.0,0 1 2 3 4 5 6 8 9 10 11 90 91 92 93 109 110 111 112 113 114 115 116 117 118 119 120 121 122 123 124 125,-1.0,
base,active,411996.0,417793.0,417821.0,0 1 2 3 4 5 6 7 8 9 10 11 12 13 14 15 16 17 18 19 20 21 22 23 24 25 26 27 28 29 30 31 32 33 34 35 36 37 38 39 40 41 42 43 44 45 46 47 48 49 50 51 52 53 54 55 56 57 58 59 60 61 62 63 64 65 66 67 68 69 70 71 72 73 74 75 76 77 78 79 80 81 82 83 84 85 86 87 88 89 90 91 92 93 94 95 96 97 98 99 100 101 102 103 104 105 106 107 108 109 110 111 112 113 114 115 116 117 118 119 120 121 122 123 124 125 126 127,36836.0,False
base,active,412106.0,417821.0,418273.0,0 1 2 3 4 5 6 7 8 9 10 11 12 13 14 15 16 17 18 19 20 21 22 23 24 25 26 27 28 29 30 31 32 33 34 35 36 37 38 39 40 41 42 43 44 45 46 47 48 49 50 51 52 53 54 55 56 57 58 59 60 61 62 63 64 65 66 67 68 69 70 71 72 73 74 75 76 77 78 79 80 81 82 83 84 85 86 87 88 89 90 91 92 93 94 95 96 97 98 99 100 101 102 103 104 105 106 107 108 109 110 111 112 113 114 115 116 117 118 119 120 121 122 123 124 125 126 127,36837.0,False
base,active,416101.0,418273.0,418359.0,96 97 98 99 100 101 102 103 104 105 106 107 108 109 110 111 112 113 114 115 116 117 118 119 120 121 122 123 124 125 126 127,36876.0,False
base,active,416888.0,418273.0,418362.0,64 65 66 67 68 69 70 71 72 73 74 75 76 77 78 79 80 81 82 83 84 85 86 87 88 89 90 91 92 93 94 95,36878.0,False
base,active,413661.0,418273.0,418547.0,0 1 2 3 4 5 6 7 8 9 10 11 12 13 14 15 16 17 18 19 20 21 22 23 24 25 26 27 28 29 30 31 32 33 34 35 36 37 38 39 40 41 42 43 44 45 46 47 48 49 50 51 52 53 54 55 56 57 58 59 60 61 62 63,36853.0,False
base,active,417273.0,418359.0,418469.0,96 97 98 99 100 101 102 103 104 105 106 107 108 109 110 111 112 113 114 115 116 117 118 119 120 121 122 123 124 125 126 127,36880.0,False
base,active,417847.0,418362.0,418378.0,85 86 87 88,36889.0,False
base,active,417772.0,418362.0,418398.0,89,36888.0,False
base,active,417763.0,418362.0,418442.0,90 91,36886.0,False
base,active,417740.0,418362.0,418466.0,92 93 94 95,36885.0,False
base,active,417971.0,418362.0,418521.0,77 78 79 80 81 82 83 84,36893.0,False
base,active,,418362.0,418547.0,64 65 66 67 68 69 70 71 72 73 74 75 76,-1.0,
base,active,,418378.0,418547.0,85 86 87 88,-1.0,
base,active,,418398.0,418547.0,89,-1.0,
base,active,,418442.0,418547.0,90 91,-1.0,
base,active,,418466.0,418547.0,92 93 94 95,-1.0,
base,active,418469.0,418469.0,418530.0,124 125 126 127,36894.0,False
base,active,,418469.0,418547.0,96 97 98 99 100 101 102 103 104 105 106 107 108 109 110 111 112 113 114 115 116 117 118 119 120 121 122 123,-1.0,
base,active,,418521.0,418547.0,77 78 79 80 81 82 83 84,-1.0,
base,active,,418530.0,418547.0,124 125 126 127,-1.0,
base,active,414711.0,418547.0,418625.0,0 1 2 3 4 5 6 7 8 9 10 11 12 13 14 15 16 17 18 19 20 21 22 23 24 25 26 27 28 29 30 31 32 33 34 35 36 37 38 39 40 41 42 43 44 45 46 47 48 49 50 51 52 53 54 55 56 57 58 59 60 61 62 63 64 65 66 67 68 69 70 71 72 73 74 75 76 77 78 79 80 81 82 83 84 85 86 87 88 89 90 91 92 93 94 95 96 97 98 99 100 101 102 103 104 105 106 107 108 109 110 111 112 113 114 115 116 117 118 119 120 121 122 123 124 125 126 127,36868.0,False
base,active,414857.0,418625.0,418711.0,0 1 2 3 4 5 6 7 8 9 10 11 12 13 14 15 16 17 18 19 20 21 22 23 24 25 26 27 28 29 30 31 32 33 34 35 36 37 38 39 40 41 42 43 44 45 46 47 48 49 50 51 52 53 54 55 56 57 58 59 60 61 62 63 64 65 66 67 68 69 70 71 72 73 74 75 76 77 78 79 80 81 82 83 84 85 86 87 88 89 90 91 92 93 94 95 96 97 98 99 100 101 102 103 104 105 106 107 108 109 110 111 112 113 114 115 116 117 118 119 120 121 122 123 124 125 126 127,36869.0,False
base,active,418559.0,418711.0,418772.0,70 71 72 73 74 75 76 77 78 79 80 81 82 83 84 85 86 87 88 89 90 91 92 93 94 95 96 97 98 99 100 101,36895.0,False
base,active,417769.0,418711.0,418850.0,0 1 2 3 4 5 6 7 8 9 10 11 12 13 14 15 16 17 18 19 20 21 22 23 24 25 26 27 28 29 30 31,36887.0,False
base,active,417927.0,418711.0,418909.0,38 39 40 41 42 43 44 45 46 47 48 49 50 51 52 53 54 55 56 57 58 59 60 61 62 63 64 65 66 67 68 69,36892.0,False
base,active,,418711.0,419068.0,102,-1.0,
base,active,,418711.0,419111.0,103 104 105 106,-1.0,
base,active,,418711.0,419132.0,107 108,-1.0,
base,active,,418711.0,419228.0,109 110 111 112,-1.0,
base,active,,418711.0,419272.0,113,-1.0,
base,active,,418711.0,419326.0,114 115 116 117,-1.0,
base,active,,418711.0,419348.0,118 119,-1.0,
base,active,,418711.0,419429.0,120 121 122 123 124 125 126 127,-1.0,
base,active,417908.0,418711.0,419542.0,36 37,36891.0,False
base,active,417886.0,418711.0,419561.0,32 33 34 35,36890.0,False
base,active,,418772.0,419429.0,70 71 72 73 74 75 76 77 78 79 80 81 82 83 84 85 86 87 88 89 90 91 92 93,-1.0,
base,active,,418772.0,419528.0,94,-1.0,
base,active,,418772.0,419587.0,95,-1.0,
base,active,,418772.0,419651.0,96 97 98 99 100 101,-1.0,
base,active,,418850.0,419651.0,0 1 2 3 4 5 6 7 8 9 10 11 12 13 14 15 16 17 18 19 20 21 22 23 24 25 26 27 28 29 30 31,-1.0,
base,active,,418909.0,419651.0,38 39 40 41 42 43 44 45 46 47 48 49 50 51 52 53 54 55 56 57 58 59 60 61 62 63,-1.0,
base,active,,418909.0,419673.0,64 65 66 67 68 69,-1.0,
base,active,419068.0,419068.0,419102.0,102,36896.0,False
base,active,,419102.0,419673.0,102,-1.0,
base,active,419111.0,419111.0,419226.0,103 104 105 106,36897.0,False
base,active,419132.0,419132.0,419227.0,107 108,36898.0,False
base,active,,419226.0,419673.0,103 104 105 106,-1.0,
base,active,,419227.0,419673.0,107 108,-1.0,
base,active,419228.0,419228.0,419233.0,109 110 111 112,36899.0,False
base,active,,419233.0,419673.0,109 110 111 112,-1.0,
base,active,419272.0,419272.0,419291.0,113,36900.0,False
base,active,,419291.0,419673.0,113,-1.0,
base,active,419326.0,419326.0,420162.0,114 115 116 117,36901.0,False
base,active,419348.0,419348.0,420165.0,118 119,36902.0,False
base,active,419429.0,419429.0,419464.0,70 71 72 73 74 75 76 77 78 79 80 81 82 83 84 85 86 87 88 89 90 91 92 93 120 121 122 123 124 125 126 127,36903.0,False
base,active,,419464.0,419673.0,70 71 72 73 74 75 76 77 78 79 80 81 82 83,-1.0,
base,active,,419464.0,419827.0,84 85 86 87 88 89 90 91 92 93 120 121 122 123 124 125 126 127,-1.0,
base,active,419528.0,419528.0,419537.0,94,36904.0,False
base,active,,419537.0,419827.0,94,-1.0,
base,active,,419542.0,419827.0,36 37,-1.0,
base,active,,419561.0,419827.0,32 33 34 35,-1.0,
base,active,419587.0,419587.0,419597.0,95,36905.0,False
base,active,,419597.0,419827.0,95,-1.0,
base,active,419651.0,419651.0,419875.0,0 1 2 3 4 5 6 7 8 9 10 11 12 13 14 15 16 17 18 19 20 21 22 23 24 25 26 27 28 29 30 31 38 39 40 41 42 43 44 45 46 47 48 49 50 51 52 53 54 55 56 57 58 59 60 61 62 63 96 97 98 99 100 101,36906.0,False
base,active,419673.0,419673.0,419735.0,64 65 66 67 68 69 70 71 72 73 74 75 76 77 78 79 80 81 82 83 102 103 104 105 106 107 108 109 110 111 112 113,36907.0,False
base,active,,419735.0,419827.0,64 65 66 67 68 69,-1.0,
base,active,,419735.0,419879.0,70,-1.0,
base,active,,419735.0,419985.0,71,-1.0,
base,active,,419735.0,419999.0,72,-1.0,
base,active,,419735.0,420061.0,73 74 75 76 77 78 79 80 81 82 83 102 103 104 105 106 107 108 109 110 111 112 113,-1.0,
base,active,419827.0,419827.0,420085.0,32 33 34 35 36 37 64 65 66 67 68 69 84 85 86 87 88 89 90 91 92 93 94 95 120 121 122 123 124 125 126 127,36908.0,False
base,active,,419875.0,420061.0,0 1 2 3 4 5 6 7 8 9 10 11 12 13 14 15 16 17 18 19 20 21 22 23 24 25 26 27 28 29 30 31 38 39 40 41 42 43 44 45 46,-1.0,
base,active,,419875.0,420235.0,47 48 49 50 51 52 53 54 55 56 57 58 59 60 61 62 63 96 97 98 99 100 101,-1.0,
base,active,419879.0,419879.0,419904.0,70,36909.0,False
base,active,,419904.0,420235.0,70,-1.0,
base,active,419985.0,419985.0,419995.0,71,36910.0,False
base,active,,419995.0,420235.0,71,-1.0,
base,active,419999.0,419999.0,420010.0,72,36911.0,False
base,active,,420010.0,420235.0,72,-1.0,
base,active,420061.0,420061.0,420304.0,0 1 2 3 4 5 6 7 8 9 10 11 12 13 14 15 16 17 18 19 20 21 22 23 24 25 26 27 28 29 30 31 38 39 40 41 42 43 44 45 46 73 74 75 76 77 78 79 80 81 82 83 102 103 104 105 106 107 108 109 110 111 112 113,36912.0,False
base,active,,420085.0,420235.0,32 33 34 35 36 37,-1.0,
base,active,,420085.0,420309.0,64,-1.0,
base,active,,420085.0,420358.0,65 66 67 68 69 84 85 86 87 88 89 90 91 92 93 94 95 120 121 122 123 124 125 126 127,-1.0,
base,active,,420162.0,420358.0,114 115 116 117,-1.0,
base,active,,420165.0,420358.0,118 119,-1.0,
base,active,420235.0,420235.0,422239.0,32 33 34 35 36 37 47 48 49 50 51 52 53 54 55 56 57 58 59 60 61 62 63 70 71 72 96 97 98 99 100 101,36913.0,False
base,active,,420304.0,420358.0,0,-1.0,
base,active,,420304.0,420395.0,1 2 3 4 5 6 7 8,-1.0,
base,active,,420304.0,420572.0,9,-1.0,
base,active,,420304.0,420667.0,10 11 12 13 14 15 16 17 18 19 20 21 22 23 24 25 26 27 28 29 30 31 38 39 40 41 42 43 44 45 46 73 74 75 76 77 78 79 80 81 82 83 102 103 104 105 106 107 108 109 110 111 112 113,-1.0,
base,active,420309.0,420309.0,420330.0,64,36914.0,False
base,active,,420330.0,420667.0,64,-1.0,
base,active,420358.0,420358.0,420551.0,0 65 66 67 68 69 84 85 86 87 88 89 90 91 92 93 94 95 114 115 116 117 118 119 120 121 122 123 124 125 126 127,36915.0,False
base,active,420395.0,420395.0,420553.0,1 2 3 4 5 6 7 8,36916.0,False
base,active,,420551.0,420667.0,0 65 66 67 68 69 84 85 86,-1.0,
base,active,,420551.0,420767.0,87 88 89 90,-1.0,
base,active,,420551.0,420792.0,91 92,-1.0,
base,active,,420551.0,420884.0,93,-1.0,
base,active,,420551.0,420896.0,94 95 114 115 116 117 118 119 120 121 122 123 124 125 126 127,-1.0,
base,active,,420553.0,420896.0,1 2 3 4 5 6 7 8,-1.0,
base,active,420572.0,420572.0,420587.0,9,36917.0,False
base,active,,420587.0,420896.0,9,-1.0,
base,active,420667.0,420667.0,420878.0,0 10 11 12 13 14 15 16 17 18 19 20 21 22 23 24 25 26 27 28 29 30 31 38 39 40 41 42 43 44 45 46 64 65 66 67 68 69 73 74 75 76 77 78 79 80 81 82 83 84 85 86 102 103 104 105 106 107 108 109 110 111 112 113,36918.0,False
base,active,420767.0,420767.0,421604.0,87 88 89 90,36919.0,False
base,active,420792.0,420792.0,421605.0,91 92,36920.0,False
base,active,,420878.0,420896.0,0 10 11 12 13 14 15 16 17 18 19 20 21 22 23 24 25 26 27 28 29 30 31 38 39 40 41 42 43 44 45 46 64 65 66 67 68 69 73,-1.0,
base,active,,420878.0,420952.0,74,-1.0,
base,active,,420878.0,421016.0,75 76 77 78 79 80 81 82 83 84 85 86 102 103 104 105 106 107 108 109 110 111 112 113,-1.0,
base,active,420884.0,420884.0,420914.0,93,36921.0,False
base,active,420896.0,420896.0,421010.0,0 1 2 3 4 5 6 7 8 9 10 11 12 13 14 15 16 17 18 19 20 21 22 23 24 25 26 27 28 29 30 31 38 39 40 41 42 43 44 45 46 64 65 66 67 68 69 73 94 95 114 115 116 117 118 119 120 121 122 123 124 125 126 127,36922.0,False
base,active,,420914.0,421016.0,93,-1.0,
base,active,420952.0,420952.0,420962.0,74,36923.0,False
base,active,,420962.0,421016.0,74,-1.0,
base,active,,421010.0,421016.0,0 1 2 3 4 5 6 7 8 9 10 11 12 13 14 15 16 17 18 19 20 21 22 23 24 25 26 27 28 29 30 31 38 39 40 41 42 43,-1.0,
base,active,,421010.0,421224.0,44,-1.0,
base,active,,421010.0,421225.0,45,-1.0,
base,active,,421010.0,421275.0,46 64 65 66 67 68 69 73 94 95 114 115 116 117 118 119 120 121 122 123 124 125 126 127,-1.0,
base,active,421016.0,421016.0,421222.0,0 1 2 3 4 5 6 7 8 9 10 11 12 13 14 15 16 17 18 19 20 21 22 23 24 25 26 27 28 29 30 31 38 39 40 41 42 43 74 75 76 77 78 79 80 81 82 83 84 85 86 93 102 103 104 105 106 107 108 109 110 111 112 113,36924.0,False
base,active,,421222.0,421275.0,0 1 2 3 4 5 6 7 8 9 10 11 12 13 14 15 16 17 18 19 20 21 22 23 24 25 26 27 28 29 30 31 38 39 40 41 42 43 74 75,-1.0,
base,active,,421222.0,421298.0,76,-1.0,
base,active,,421222.0,421350.0,77 78 79 80 81 82 83 84 85 86 93 102 103 104 105 106 107 108 109 110 111 112 113,-1.0,
base,active,421224.0,421224.0,421235.0,44,36925.0,False
base,active,421225.0,421225.0,421247.0,45,36926.0,False
base,active,,421235.0,421350.0,44,-1.0,
base,active,,421247.0,421350.0,45,-1.0,
base,active,421275.0,421275.0,421319.0,0 1 2 3 4 5 6 7 8 9 10 11 12 13 14 15 16 17 18 19 20 21 22 23 24 25 26 27 28 29 30 31 38 39 40 41 42 43 46 64 65 66 67 68 69 73 74 75 94 95 114 115 116 117 118 119 120 121 122 123 124 125 126 127,36927.0,False
base,active,421298.0,421298.0,421327.0,76,36928.0,False
base,active,,421319.0,421350.0,0 1 2 3 4 5 6 7 8 9 10 11 12 13 14 15 16 17 18 19 20 21 22 23 24 25 26 27 28 29 30 31 38 39 40 41 42 43 46,-1.0,
base,active,,421319.0,421480.0,64 65 66 67 68 69 73 74 75 94 95 114 115 116 117 118 119 120 121 122 123 124 125 126 127,-1.0,
base,active,,421327.0,421480.0,76,-1.0,
base,active,421350.0,421350.0,421453.0,0 1 2 3 4 5 6 7 8 9 10 11 12 13 14 15 16 17 18 19 20 21 22 23 24 25 26 27 28 29 30 31 38 39 40 41 42 43 44 45 46 77 78 79 80 81 82 83 84 85 86 93 102 103 104 105 106 107 108 109 110 111 112 113,36929.0,False
base,active,,421453.0,421480.0,0 1 2 3 4 5 6 7 8 9 10 11 12 13 14 15 16 17 18 19 20 21 22 23 24 25 26 27 28 29 30 31 38 39 40 41 42 43,-1.0,
base,active,,421453.0,421505.0,44,-1.0,
base,active,,421453.0,421621.0,45 46 77 78 79 80 81 82 83 84 85 86 93 102 103 104 105 106 107 108 109 110 111 112 113,-1.0,
base,active,421480.0,421480.0,421588.0,0 1 2 3 4 5 6 7 8 9 10 11 12 13 14 15 16 17 18 19 20 21 22 23 24 25 26 27 28 29 30 31 38 39 40 41 42 43 64 65 66 67 68 69 73 74 75 76 94 95 114 115 116 117 118 119 120 121 122 123 124 125 126 127,36930.0,False
base,active,421505.0,421505.0,421519.0,44,36931.0,False
base,active,,421519.0,421621.0,44,-1.0,
base,active,,421588.0,421621.0,0 1 2 3 4 5,-1.0,
base,active,,421588.0,421776.0,6,-1.0,
base,active,,421588.0,421801.0,7 8 9 10 11 12 13 14 15 16 17 18 19 20 21 22 23 24 25 26 27 28 29 30 31 38 39 40 41 42 43 64 65 66 67 68 69 73 74 75 76 94 95 114 115 116 117 118 119 120 121 122 123 124 125 126 127,-1.0,
base,active,,421604.0,421801.0,87 88 89 90,-1.0,
base,active,,421605.0,421801.0,91 92,-1.0,
base,active,421621.0,421621.0,421773.0,0 1 2 3 4 5 44 45 46 77 78 79 80 81 82 83 84 85 86 93 102 103 104 105 106 107 108 109 110 111 112 113,36932.0,False
base,active,,421773.0,421801.0,0,-1.0,
base,active,,421773.0,421824.0,1,-1.0,
base,active,,421773.0,421876.0,2 3 4 5 44 45 46 77 78 79 80 81 82 83 84 85 86 93 102 103 104 105 106 107 108 109 110 111 112 113,-1.0,
base,active,421776.0,421776.0,422407.0,6,36933.0,False
base,active,421801.0,421801.0,421847.0,0 7 8 9 10 11 12 13 14 15 16 17 18 19 20 21 22 23 24 25 26 27 28 29 30 31 38 39 40 41 42 43 64 65 66 67 68 69 73 74 75 76 87 88 89 90 91 92 94 95 114 115 116 117 118 119 120 121 122 123 124 125 126 127,36934.0,False
base,active,421824.0,421824.0,421853.0,1,36935.0,False
base,active,,421847.0,421876.0,0 7 8 9 10 11 12 13 14 15 16 17 18 19 20 21 22 23 24 25 26 27 28 29 30 31 38 39 40 41 42 43 64 65,-1.0,
base,active,,421847.0,421937.0,66 67 68 69 73 74 75 76 87 88 89 90 91 92 94 95 114 115 116 117 118 119 120 121 122 123 124 125 126 127,-1.0,
base,active,,421853.0,421937.0,1,-1.0,
base,active,421876.0,421876.0,421914.0,0 2 3 4 5 7 8 9 10 11 12 13 14 15 16 17 18 19 20 21 22 23 24 25 26 27 28 29 30 31 38 39 40 41 42 43 44 45 46 64 65 77 78 79 80 81 82 83 84 85 86 93 102 103 104 105 106 107 108 109 110 111 112 113,36936.0,False
base,active,,421914.0,421937.0,0 2 3 4 5 7 8 9 10 11 12 13 14 15 16 17 18 19 20 21 22 23 24 25 26 27 28 29 30 31 38 39 40,-1.0,
base,active,,421914.0,422013.0,41,-1.0,
base,active,,421914.0,422069.0,42 43 44 45 46 64 65 77 78 79 80 81 82 83 84 85 86 93 102 103 104 105 106 107 108 109 110 111 112 113,-1.0,
base,active,421937.0,421937.0,422044.0,0 1 2 3 4 5 7 8 9 10 11 12 13 14 15 16 17 18 19 20 21 22 23 24 25 26 27 28 29 30 31 38 39 40 66 67 68 69 73 74 75 76 87 88 89 90 91 92 94 95 114 115 116 117 118 119 120 121 122 123 124 125 126 127,36937.0,False
base,active,422013.0,422013.0,422032.0,41,36938.0,False
base,active,,422032.0,422069.0,41,-1.0,
base,active,,422044.0,422069.0,0 1 2 3 4 5 7 8 9 10 11 12 13 14 15 16 17 18 19 20 21 22 23 24 25 26 27 28 29 30 31 38 39,-1.0,
base,active,,422044.0,422203.0,40 66 67 68 69 73 74 75 76 87 88 89 90 91 92 94 95 114 115 116 117 118 119 120 121 122 123 124 125 126 127,-1.0,
base,active,422069.0,422069.0,422175.0,0 1 2 3 4 5 7 8 9 10 11 12 13 14 15 16 17 18 19 20 21 22 23 24 25 26 27 28 29 30 31 38 39 41 42 43 44 45 46 64 65 77 78 79 80 81 82 83 84 85 86 93 102 103 104 105 106 107 108 109 110 111 112 113,36939.0,False
base,active,,422175.0,422203.0,0 1 2 3 4 5 7 8 9 10 11 12 13 14 15 16 17 18 19 20 21 22 23 24 25 26 27 28 29 30 31 38 39,-1.0,
base,active,,422175.0,422250.0,41 42 43 44 45 46 64 65 77 78 79 80 81 82 83 84 85 86 93 102 103 104 105 106 107 108 109 110 111 112 113,-1.0,
base,active,422203.0,422203.0,422273.0,0 1 2 3 4 5 7 8 9 10 11 12 13 14 15 16 17 18 19 20 21 22 23 24 25 26 27 28 29 30 31 38 39 40 66 67 68 69 73 74 75 76 87 88 89 90 91 92 94 95 114 115 116 117 118 119 120 121 122 123 124 125 126 127,36940.0,False
base,active,,422239.0,422250.0,32,-1.0,
base,active,,422239.0,422362.0,33 34 35 36 37 47 48 49 50 51 52 53 54 55 56 57 58 59 60 61 62 63 70 71 72 96 97 98 99 100 101,-1.0,
base,active,422250.0,422250.0,422430.0,32 41 42 43 44 45 46 64 65 77 78 79 80 81 82 83 84 85 86 93 102 103 104 105 106 107 108 109 110 111 112 113,36941.0,False
base,active,,422273.0,422362.0,0 1 2 3 4 5 7 8 9 10 11 12 13 14 15 16 17 18 19 20 21 22 23 24 25 26 27 28 29 30 31 38 39,-1.0,
base,active,,422273.0,422444.0,40,-1.0,
base,active,,422273.0,422491.0,66 67 68 69 73 74 75 76 87 88 89 90 91 92 94 95 114 115 116 117 118 119 120 121 122 123 124 125 126 127,-1.0,
base,active,422362.0,422362.0,422489.0,0 1 2 3 4 5 7 8 9 10 11 12 13 14 15 16 17 18 19 20 21 22 23 24 25 26 27 28 29 30 31 33 34 35 36 37 38 39 47 48 49 50 51 52 53 54 55 56 57 58 59 60 61 62 63 70 71 72 96 97 98 99 100 101,36942.0,False
base,active,,422407.0,422491.0,6,-1.0,
base,active,,422430.0,422491.0,32 41 42 43 44 45 46 64 65 77 78 79 80 81 82 83 84 85 86 93 102 103 104 105 106 107 108 109 110 111 112 113,-1.0,
base,active,422444.0,422444.0,422505.0,40,36943.0,False
base,active,,422489.0,422491.0,0,-1.0,
base,active,,422489.0,422525.0,1,-1.0,
base,active,,422489.0,422745.0,2,-1.0,
base,active,,422489.0,422800.0,3 4 5 7 8 9 10 11 12 13 14 15 16 17 18 19 20 21 22 23 24 25 26 27 28 29 30 31 33 34 35 36 37 38 39 47 48 49 50 51 52 53 54 55 56 57 58 59 60 61 62 63 70 71 72 96 97 98 99 100 101,-1.0,
base,active,422491.0,422491.0,422742.0,0 6 32 41 42 43 44 45 46 64 65 66 67 68 69 73 74 75 76 77 78 79 80 81 82 83 84 85 86 87 88 89 90 91 92 93 94 95 102 103 104 105 106 107 108 109 110 111 112 113 114 115 116 117 118 119 120 121 122 123 124 125 126 127,36944.0,False
base,active,,422505.0,422800.0,40,-1.0,
base,active,422525.0,422525.0,422880.0,1,36945.0,False
base,active,,422742.0,422800.0,0 6,-1.0,
base,active,,422742.0,422893.0,32 41 42 43 44 45 46 64 65 66 67 68 69 73 74 75 76 77 78 79 80 81 82 83 84 85 86 87 88 89 90 91 92 93 94 95 102 103 104 105 106 107 108 109 110 111 112 113 114 115 116 117 118 119 120 121 122 123 124 125 126 127,-1.0,
base,active,422745.0,422745.0,422769.0,2,36947.0,False
base,active,,422769.0,422893.0,2,-1.0,
base,active,422800.0,422800.0,423221.0,0 3 4 5 6 7 8 9 10 11 12 13 14 15 16 17 18 19 20 21 22 23 24 25 26 27 28 29 30 31 33 34 35 36 37 38 39 40 47 48 49 50 51 52 53 54 55 56 57 58 59 60 61 62 63 70 71 72 96 97 98 99 100 101,36948.0,False
base,active,,422880.0,422893.0,1,-1.0,
base,active,422893.0,422893.0,422952.0,1 2 32 41 42 43 44 45 46 64 65 66 67 68 69 73 74 75 76 77 78 79 80 81 82 83 84 85 86 87 88 89 90 91 92 93 94 95 102 103 104 105 106 107 108 109 110 111 112 113 114 115 116 117 118 119 120 121 122 123 124 125 126 127,36949.0,False
base,active,,422952.0,422966.0,1 2 32 41 42 43 44 45 46 64 65 66 67 68 69 73 74 75 76 77 78 79 80 81 82 83 84 85 86 87 88 89 90 91 92 93 94 95 102 103 104 105 106 107 108 109 110 111 112 113 114 115 116 117 118 119 120 121 122 123 124 125 126 127,-1.0,
base,active,422966.0,422966.0,423018.0,1 2 32 41 42 43 44 45 46 64 65 66 67 68 69 73 74 75 76 77 78 79 80 81 82 83 84 85 86 87 88 89 90 91 92 93 94 95 102 103 104 105 106 107 108 109 110 111 112 113 114 115 116 117 118 119 120 121 122 123 124 125 126 127,36950.0,False
base,active,,423018.0,423036.0,1 2 32 41 42 43 44 45 46 64 65 66 67 68 69 73 74 75 76 77 78 79 80 81 82 83 84 85 86 87 88 89 90 91 92 93 94 95 102 103 104 105 106 107 108 109 110 111 112 113 114 115 116 117 118 119 120 121 122 123 124 125 126 127,-1.0,
base,active,423036.0,423036.0,423082.0,1 2 32 41 42 43 44 45 46 64 65 66 67 68 69 73 74 75 76 77 78 79 80 81 82 83 84 85 86 87 88 89 90 91 92 93 94 95 102 103 104 105 106 107 108 109 110 111 112 113 114 115 116 117 118 119 120 121 122 123 124 125 126 127,36951.0,False
base,active,,423082.0,423096.0,1 2 32 41 42 43 44 45 46 64 65 66 67 68 69 73 74 75 76 77 78 79 80 81 82 83 84 85 86 87 88 89 90 91 92 93 94 95 102 103 104 105 106 107 108 109 110 111 112 113 114 115 116 117 118 119 120 121 122 123 124 125 126 127,-1.0,
base,active,423096.0,423096.0,423132.0,1 2 32 41 42 43 44 45 46 64 65 66 67 68 69 73 74 75 76 77 78 79 80 81 82 83 84 85 86 87 88 89 90 91 92 93 94 95 102 103 104 105 106 107 108 109 110 111 112 113 114 115 116 117 118 119 120 121 122 123 124 125 126 127,36952.0,False
base,active,,423132.0,423146.0,1 2 32 41 42 43 44 45 46 64 65 66 67 68 69 73 74 75 76 77 78 79 80 81 82 83 84 85 86 87 88 89 90 91 92 93 94 95 102 103 104 105 106 107 108 109 110 111 112 113 114 115 116 117 118 119 120 121 122 123 124 125 126 127,-1.0,
base,active,423146.0,423146.0,423179.0,1 2 32 41 42 43 44 45 46 64 65 66 67 68 69 73 74 75 76 77 78 79 80 81 82 83 84 85 86 87 88 89 90 91 92 93 94 95 102 103 104 105 106 107 108 109 110 111 112 113 114 115 116 117 118 119 120 121 122 123 124 125 126 127,36953.0,False
base,active,,423179.0,423190.0,1 2 32 41 42 43 44 45 46 64 65 66 67 68 69 73 74 75 76 77 78 79 80 81 82 83 84 85 86 87 88 89 90 91 92 93 94 95 102 103 104 105 106 107 108 109 110 111 112 113 114 115 116 117 118 119 120 121 122 123 124 125 126 127,-1.0,
base,active,423190.0,423190.0,423228.0,1 2 32 41 42 43 44 45 46 64 65 66 67 68 69 73 74 75 76 77 78 79 80 81 82 83 84 85 86 87 88 89 90 91 92 93 94 95 102 103 104 105 106 107 108 109 110 111 112 113 114 115 116 117 118 119 120 121 122 123 124 125 126 127,36954.0,False
base,active,,423221.0,423232.0,0,-1.0,
base,active,,423221.0,423244.0,3 4 5 6 7 8 9 10 11 12 13 14 15 16 17 18 19 20 21 22 23 24 25 26 27 28 29 30 31 33 34 35 36 37 38 39 40 47 48 49 50 51 52 53 54 55 56 57 58 59 60 61 62 63 70 71 72 96 97 98 99 100 101,-1.0,
base,active,,423228.0,423244.0,1,-1.0,
base,active,,423228.0,423245.0,2,-1.0,
base,active,,423228.0,423280.0,32 41 42 43,-1.0,
base,active,,423228.0,423295.0,44 45 46 64 65 66 67 68 69 73 74 75 76 77 78 79 80 81 82 83 84 85 86 87 88 89 90 91 92 93 94 95 102 103 104 105 106 107 108 109 110 111 112 113 114 115 116 117 118 119 120 121 122 123 124 125 126 127,-1.0,
base,active,423232.0,423232.0,423243.0,0,36955.0,False
base,active,,423243.0,423295.0,0,-1.0,
base,active,423244.0,423244.0,423278.0,1 3 4 5 6 7 8 9 10 11 12 13 14 15 16 17 18 19 20 21 22 23 24 25 26 27 28 29 30 31 33 34 35 36 37 38 39 40 47 48 49 50 51 52 53 54 55 56 57 58 59 60 61 62 63 70 71 72 96 97 98 99 100 101,36956.0,False
base,active,423245.0,423245.0,423274.0,2,36957.0,False
base,active,,423274.0,423295.0,2,-1.0,
base,active,,423278.0,423295.0,1 3 4 5,-1.0,
base,active,,423278.0,423302.0,6 7,-1.0,
base,active,,423278.0,423350.0,8 9 10 11 12 13 14 15 16 17 18 19 20 21 22 23 24 25 26 27 28 29 30 31 33 34 35 36 37 38 39 40 47 48 49 50 51 52 53 54 55 56 57 58 59 60 61 62 63 70 71 72 96 97 98 99 100 101,-1.0,
base,active,423280.0,423280.0,423704.0,32 41 42 43,36958.0,False
base,active,423295.0,423295.0,423333.0,0 1 2 3 4 5 44 45 46 64 65 66 67 68 69 73 74 75 76 77 78 79 80 81 82 83 84 85 86 87 88 89 90 91 92 93 94 95 102 103 104 105 106 107 108 109 110 111 112 113 114 115 116 117 118 119 120 121 122 123 124 125 126 127,36959.0,False
base,active,423302.0,423302.0,423704.0,6 7,36960.0,False
base,active,,423333.0,423350.0,0 1 2 3 4 5,-1.0,
base,active,,423333.0,423374.0,44,-1.0,
base,active,,423333.0,423409.0,45 46 64 65 66 67 68 69 73 74 75 76 77 78 79 80 81 82 83 84 85 86 87 88 89 90 91 92 93 94 95 102 103 104 105 106 107 108 109 110 111 112 113 114 115 116 117 118 119 120 121 122 123 124 125 126 127,-1.0,
base,active,423350.0,423350.0,423396.0,0 1 2 3 4 5 8 9 10 11 12 13 14 15 16 17 18 19 20 21 22 23 24 25 26 27 28 29 30 31 33 34 35 36 37 38 39 40 47 48 49 50 51 52 53 54 55 56 57 58 59 60 61 62 63 70 71 72 96 97 98 99 100 101,36961.0,False
base,active,423374.0,423374.0,423400.0,44,36962.0,False
base,active,,423396.0,423409.0,0 1 2 3 4 5 8,-1.0,
base,active,,423396.0,423457.0,9 10 11 12 13 14 15 16 17 18 19 20 21 22 23 24 25 26 27 28 29 30 31 33 34 35 36 37 38 39 40 47,-1.0,
base,active,,423396.0,423474.0,48 49 50 51 52 53 54 55 56 57 58 59 60 61 62 63 70 71 72 96 97 98 99 100 101,-1.0,
base,active,,423400.0,423474.0,44,-1.0,
base,active,423409.0,423409.0,423450.0,0 1 2 3 4 5 8 45 46 64 65 66 67 68 69 73 74 75 76 77 78 79 80 81 82 83 84 85 86 87 88 89 90 91 92 93 94 95 102 103 104 105 106 107 108 109 110 111 112 113 114 115 116 117 118 119 120 121 122 123 124 125 126 127,36963.0,False
base,active,,423450.0,423474.0,0 1 2 3 4 5 8 45 46 64 65 66 67 68 69 73 74 75 76 77 78 79 80 81 82 83 84 85 86 87 88 89 90 91 92 93 94 95,-1.0,
base,active,,423450.0,423537.0,102 103 104 105 106 107 108 109 110 111 112 113 114 115 116 117 118 119 120 121 122 123 124 125 126 127,-1.0,
base,active,423457.0,423457.0,423832.0,9 10 11 12 13 14 15 16 17 18 19 20 21 22 23 24 25 26 27 28 29 30 31 33 34 35 36 37 38 39 40 47,36964.0,False
base,active,423474.0,423474.0,423520.0,0 1 2 3 4 5 8 44 45 46 48 49 50 51 52 53 54 55 56 57 58 59 60 61 62 63 64 65 66 67 68 69 70 71 72 73 74 75 76 77 78 79 80 81 82 83 84 85 86 87 88 89 90 91 92 93 94 95 96 97 98 99 100 101,36965.0,False
base,active,,423520.0,423537.0,0 1 2 3 4 5 8 44 45 46 48 49 50 51 52 53 54 55 56 57 58 59 60 61 62 63 64 65 66 67 68 69 70 71 72 73 74 75,-1.0,
base,active,,423520.0,423598.0,76 77 78 79 80 81 82 83 84 85 86 87 88 89 90 91 92 93 94 95 96 97 98 99 100 101,-1.0,
base,active,423537.0,423537.0,423586.0,0 1 2 3 4 5 8 44 45 46 48 49 50 51 52 53 54 55 56 57 58 59 60 61 62 63 64 65 66 67 68 69 70 71 72 73 74 75 102 103 104 105 106 107 108 109 110 111 112 113 114 115 116 117 118 119 120 121 122 123 124 125 126 127,36966.0,False
base,active,,423586.0,423598.0,0 1 2 3 4 5 8 44 45 46 48 49 50 51 52 53 54 55 56 57 58 59 60 61 62 63 64 65 66 67 68 69 70 71 72 73 74 75,-1.0,
base,active,,423586.0,423651.0,102 103 104 105 106 107 108 109 110 111 112 113 114 115 116 117 118 119 120 121 122 123 124 125 126 127,-1.0,
base,active,423598.0,423598.0,423635.0,0 1 2 3 4 5 8 44 45 46 48 49 50 51 52 53 54 55 56 57 58 59 60 61 62 63 64 65 66 67 68 69 70 71 72 73 74 75 76 77 78 79 80 81 82 83 84 85 86 87 88 89 90 91 92 93 94 95 96 97 98 99 100 101,36968.0,False
base,active,,423635.0,423651.0,0 1 2 3 4 5 8 44 45 46 48 49 50 51 52 53 54 55 56 57 58 59 60 61 62 63 64 65 66 67 68 69 70 71 72 73 74 75,-1.0,
base,active,,423635.0,423692.0,76 77 78 79 80 81 82 83 84 85 86 87 88 89 90 91 92 93 94 95 96 97 98 99 100 101,-1.0,
base,active,423651.0,423651.0,423682.0,0 1 2 3 4 5 8 44 45 46 48 49 50 51 52 53 54 55 56 57 58 59 60 61 62 63 64 65 66 67 68 69 70 71 72 73 74 75 102 103 104 105 106 107 108 109 110 111 112 113 114 115 116 117 118 119 120 121 122 123 124 125 126 127,36969.0,False
base,active,,423682.0,423692.0,0 1 2 3 4 5 8 44 45 46 48 49 50 51 52 53 54 55 56 57 58 59 60 61 62 63 64 65 66 67 68 69 70 71 72 73 74 75,-1.0,
base,active,,423682.0,423744.0,102 103 104 105 106 107 108 109 110 111 112 113 114 115 116 117 118 119 120 121 122 123 124 125 126 127,-1.0,
base,active,423692.0,423692.0,423725.0,0 1 2 3 4 5 8 44 45 46 48 49 50 51 52 53 54 55 56 57 58 59 60 61 62 63 64 65 66 67 68 69 70 71 72 73 74 75 76 77 78 79 80 81 82 83 84 85 86 87 88 89 90 91 92 93 94 95 96 97 98 99 100 101,36970.0,False
base,active,,423704.0,423744.0,6 7 32 41 42 43,-1.0,
base,active,,423725.0,423744.0,0 1 2 3 4 5 8 44 45 46 48 49 50 51 52 53 54 55 56 57 58 59 60 61 62 63 64 65 66 67 68 69,-1.0,
base,active,,423725.0,423802.0,70 71 72 73,-1.0,
base,active,,423725.0,423824.0,74 75,-1.0,
base,active,,423725.0,423833.0,76,-1.0,
base,active,,423725.0,423846.0,77 78 79 80 81 82 83 84 85 86 87 88 89 90 91 92 93 94 95 96 97 98 99 100 101,-1.0,
base,active,423744.0,423744.0,423777.0,0 1 2 3 4 5 6 7 8 32 41 42 43 44 45 46 48 49 50 51 52 53 54 55 56 57 58 59 60 61 62 63 64 65 66 67 68 69 102 103 104 105 106 107 108 109 110 111 112 113 114 115 116 117 118 119 120 121 122 123 124 125 126 127,36971.0,False
base,active,,423777.0,423846.0,0 1 2 3 4 5 6 7 8 32 41 42 43 44 45 46 48 49 50 51 52 53 54 55 56 57 58 59 60 61 62 63 64 65 66 67 68 69 102,-1.0,
base,active,,423777.0,423910.0,103,-1.0,
base,active,,423777.0,423982.0,104 105 106 107 108 109 110 111 112 113 114 115 116 117 118 119 120 121 122 123 124 125 126 127,-1.0,
base,active,423802.0,423802.0,426403.0,70 71 72 73,36972.0,False
base,active,423824.0,423824.0,426404.0,74 75,36973.0,False
base,active,,423832.0,423982.0,9 10 11 12 13 14 15 16 17 18 19 20 21 22 23 24 25 26 27 28 29 30 31 33 34 35 36 37 38 39 40 47,-1.0,
base,active,423833.0,423833.0,423853.0,76,36974.0,False
base,active,423846.0,423846.0,423960.0,0 1 2 3 4 5 6 7 8 32 41 42 43 44 45 46 48 49 50 51 52 53 54 55 56 57 58 59 60 61 62 63 64 65 66 67 68 69 77 78 79 80 81 82 83 84 85 86 87 88 89 90 91 92 93 94 95 96 97 98 99 100 101 102,36975.0,False
base,active,,423853.0,423982.0,76,-1.0,
base,active,423910.0,423910.0,423920.0,103,36976.0,False
base,active,,423920.0,423982.0,103,-1.0,
base,active,,423960.0,423982.0,0 1 2 3 4 5,-1.0,
base,active,,423960.0,423992.0,6 7 8 32 41 42 43 44 45 46 48 49 50 51 52 53 54 55 56 57 58 59 60 61 62 63 64 65 66 67 68 69,-1.0,
base,active,,423960.0,424115.0,77 78 79 80 81 82 83 84 85 86 87 88 89 90 91 92 93 94 95 96 97 98 99 100 101 102,-1.0,
base,active,423982.0,423982.0,424099.0,0 1 2 3 4 5 9 10 11 12 13 14 15 16 17 18 19 20 21 22 23 24 25 26 27 28 29 30 31 33 34 35 36 37 38 39 40 47 76 103 104 105 106 107 108 109 110 111 112 113 114 115 116 117 118 119 120 121 122 123 124 125 126 127,36979.0,False
base,active,423992.0,423992.0,424577.0,6 7 8 32 41 42 43 44 45 46 48 49 50 51 52 53 54 55 56 57 58 59 60 61 62 63 64 65 66 67 68 69,36980.0,False
base,active,,424099.0,424115.0,0 1 2 3 4 5 9 10 11 12 13 14 15 16 17 18 19 20 21 22 23 24 25 26 27 28 29 30 31 33 34 35 36 37 38 39 40 47,-1.0,
base,active,,424099.0,424239.0,76 103 104 105 106 107 108 109 110 111 112 113 114 115 116 117 118 119 120 121 122 123 124 125 126 127,-1.0,
base,active,424115.0,424115.0,424226.0,0 1 2 3 4 5 9 10 11 12 13 14 15 16 17 18 19 20 21 22 23 24 25 26 27 28 29 30 31 33 34 35 36 37 38 39 40 47 77 78 79 80 81 82 83 84 85 86 87 88 89 90 91 92 93 94 95 96 97 98 99 100 101 102,36981.0,False
base,active,,424226.0,424239.0,0 1 2 3 4 5 9 10 11 12 13 14 15 16 17 18 19 20 21 22 23 24 25 26 27 28 29 30 31 33 34 35 36 37 38 39 40 47,-1.0,
base,active,,424226.0,424369.0,77 78 79 80 81 82 83 84 85 86 87 88 89 90 91 92 93 94 95 96 97 98 99 100 101 102,-1.0,
base,active,424239.0,424239.0,424350.0,0 1 2 3 4 5 9 10 11 12 13 14 15 16 17 18 19 20 21 22 23 24 25 26 27 28 29 30 31 33 34 35 36 37 38 39 40 47 76 103 104 105 106 107 108 109 110 111 112 113 114 115 116 117 118 119 120 121 122 123 124 125 126 127,36983.0,False
base,active,,424350.0,424369.0,0 1 2 3 4 5 9 10 11 12 13 14 15 16 17 18 19 20 21 22 23 24 25 26 27 28 29 30 31 33 34 35 36 37 38 39 40 47,-1.0,
base,active,,424350.0,424424.0,76,-1.0,
base,active,,424350.0,424493.0,103 104 105 106 107 108 109 110 111 112 113 114 115 116 117 118 119 120 121 122 123 124 125 126 127,-1.0,
base,active,424369.0,424369.0,424475.0,0 1 2 3 4 5 9 10 11 12 13 14 15 16 17 18 19 20 21 22 23 24 25 26 27 28 29 30 31 33 34 35 36 37 38 39 40 47 77 78 79 80 81 82 83 84 85 86 87 88 89 90 91 92 93 94 95 96 97 98 99 100 101 102,36984.0,False
base,active,424424.0,424424.0,424439.0,76,36985.0,False
base,active,,424439.0,424493.0,76,-1.0,
base,active,,424475.0,424493.0,0 1 2 3 4 5 9 10 11 12 13 14 15 16 17 18 19 20 21 22 23 24 25 26 27 28 29 30 31 33 34 35 36 37 38 39 40 47,-1.0,
base,active,,424475.0,424580.0,77,-1.0,
base,active,,424475.0,424581.0,78,-1.0,
base,active,,424475.0,424605.0,79 80 81 82 83 84 85 86 87 88 89 90 91 92 93 94 95 96 97 98 99 100 101 102,-1.0,
base,active,424493.0,424493.0,424626.0,0 1 2 3 4 5 9 10 11 12 13 14 15 16 17 18 19 20 21 22 23 24 25 26 27 28 29 30 31 33 34 35 36 37 38 39 40 47 76 103 104 105 106 107 108 109 110 111 112 113 114 115 116 117 118 119 120 121 122 123 124 125 126 127,36986.0,False
base,active,,424577.0,424605.0,6 7 8 32 41 42 43 44,-1.0,
base,active,,424577.0,424649.0,45 46 48 49 50 51 52 53,-1.0,
base,active,,424577.0,424668.0,54 55 56 57 58 59 60 61 62 63 64 65 66 67 68 69,-1.0,
base,active,424580.0,424580.0,424624.0,77,36987.0,False
base,active,424581.0,424581.0,424596.0,78,36988.0,False
base,active,,424596.0,424668.0,78,-1.0,
base,active,424605.0,424605.0,424762.0,6 7 8 32 41 42 43 44 79 80 81 82 83 84 85 86 87 88 89 90 91 92 93 94 95 96 97 98 99 100 101 102,36989.0,False
base,active,,424624.0,424668.0,77,-1.0,
base,active,,424626.0,424668.0,0 1 2 3 4 5 9 10 11 12 13 14 15 16 17 18 19 20 21 22 23 24 25 26 27 28 29 30 31 33 34 35 36 37 38 39 40 47 76 103 104 105 106 107 108 109,-1.0,
base,active,,424626.0,424700.0,110,-1.0,
base,active,,424626.0,424779.0,111 112 113 114 115 116 117 118 119 120 121 122 123 124 125 126 127,-1.0,
base,active,424649.0,424649.0,424764.0,45 46 48 49 50 51 52 53,36990.0,False
base,active,424668.0,424668.0,424798.0,0 1 2 3 4 5 9 10 11 12 13 14 15 16 17 18 19 20 21 22 23 24 25 26 27 28 29 30 31 33 34 35 36 37 38 39 40 47 54 55 56 57 58 59 60 61 62 63 64 65 66 67 68 69 76 77 78 103 104 105 106 107 108 109,36991.0,False
base,active,424700.0,424700.0,424722.0,110,36993.0,False
base,active,,424722.0,424779.0,110,-1.0,
base,active,,424762.0,424779.0,6 7 8 32 41 42 43 44 79 80 81 82 83 84,-1.0,
base,active,,424762.0,424813.0,85 86 87 88 89 90 91 92 93 94 95 96 97 98 99 100 101 102,-1.0,
base,active,,424764.0,424813.0,45 46 48 49 50 51 52 53,-1.0,
base,active,424779.0,424779.0,425791.0,6 7 8 32 41 42 43 44 79 80 81 82 83 84 110 111 112 113 114 115 116 117 118 119 120 121 122 123 124 125 126 127,36994.0,False
base,active,,424798.0,424813.0,0 1 2 3 4 5 9 10 11 12 13 14 15 16 17 18 19 20 21 22 23 24 25 26 27 28 29 30 31 33 34 35 36 37 38 39 40 47,-1.0,
base,active,,424798.0,424956.0,54 55 56 57 58 59 60 61 62 63 64 65 66 67 68 69 76 77 78 103 104 105 106 107 108 109,-1.0,
base,active,424813.0,424813.0,424936.0,0 1 2 3 4 5 9 10 11 12 13 14 15 16 17 18 19 20 21 22 23 24 25 26 27 28 29 30 31 33 34 35 36 37 38 39 40 45 46 47 48 49 50 51 52 53 85 86 87 88 89 90 91 92 93 94 95 96 97 98 99 100 101 102,36995.0,False
base,active,,424936.0,424956.0,0 1 2 3 4 5 9 10 11 12 13 14 15 16 17 18 19 20 21 22 23 24 25 26 27 28 29 30 31 33 34 35 36 37 38 39 40 45,-1.0,
base,active,,424936.0,425104.0,46 47 48 49 50 51 52 53 85 86 87 88 89 90 91 92 93 94 95 96 97 98 99 100 101 102,-1.0,
base,active,424956.0,424956.0,425071.0,0 1 2 3 4 5 9 10 11 12 13 14 15 16 17 18 19 20 21 22 23 24 25 26 27 28 29 30 31 33 34 35 36 37 38 39 40 45 54 55 56 57 58 59 60 61 62 63 64 65 66 67 68 69 76 77 78 103 104 105 106 107 108 109,36996.0,False
base,active,,425071.0,425104.0,0 1 2 3 4 5 9 10 11 12 13 14 15 16 17 18 19 20 21 22 23 24 25 26 27 28 29 30 31 33 34 35 36 37 38 39 40 45,-1.0,
base,active,,425071.0,425228.0,54 55 56 57 58 59 60 61 62 63 64 65 66 67 68 69 76 77 78 103 104 105 106 107 108 109,-1.0,
base,active,425104.0,425104.0,425215.0,0 1 2 3 4 5 9 10 11 12 13 14 15 16 17 18 19 20 21 22 23 24 25 26 27 28 29 30 31 33 34 35 36 37 38 39 40 45 46 47 48 49 50 51 52 53 85 86 87 88 89 90 91 92 93 94 95 96 97 98 99 100 101 102,36997.0,False
base,active,,425215.0,425228.0,0 1 2 3 4 5 9 10 11 12 13 14 15 16 17 18 19 20 21 22 23 24 25 26 27 28 29 30 31 33 34 35 36 37 38 39 40 45,-1.0,
base,active,,425215.0,425354.0,46 47 48 49 50 51 52 53 85 86 87 88 89 90 91 92 93 94 95 96 97 98 99 100 101 102,-1.0,
base,active,425228.0,425228.0,425333.0,0 1 2 3 4 5 9 10 11 12 13 14 15 16 17 18 19 20 21 22 23 24 25 26 27 28 29 30 31 33 34 35 36 37 38 39 40 45 54 55 56 57 58 59 60 61 62 63 64 65 66 67 68 69 76 77 78 103 104 105 106 107 108 109,36999.0,False
base,active,,425333.0,425354.0,0 1 2 3 4 5 9 10 11 12 13 14 15 16 17 18 19 20 21 22 23 24 25 26 27 28 29 30 31 33 34 35 36 37 38 39 40 45,-1.0,
base,active,,425333.0,425483.0,54 55 56 57 58 59 60 61 62 63 64 65 66 67 68 69 76 77 78 103 104 105 106 107 108 109,-1.0,
base,active,425354.0,425354.0,425461.0,0 1 2 3 4 5 9 10 11 12 13 14 15 16 17 18 19 20 21 22 23 24 25 26 27 28 29 30 31 33 34 35 36 37 38 39 40 45 46 47 48 49 50 51 52 53 85 86 87 88 89 90 91 92 93 94 95 96 97 98 99 100 101 102,37000.0,False
base,active,,425461.0,425483.0,0 1 2 3 4 5 9 10 11 12 13 14 15 16 17 18 19 20 21 22 23 24 25 26 27 28 29 30 31 33 34 35 36 37 38 39 40 45,-1.0,
base,active,,425461.0,425811.0,46,-1.0,
base,active,,425461.0,425824.0,47,-1.0,
base,active,,425461.0,425907.0,48 49 50 51 52 53 85 86 87 88 89 90 91 92 93 94 95 96 97 98 99 100 101 102,-1.0,
base,active,425483.0,425483.0,425589.0,0 1 2 3 4 5 9 10 11 12 13 14 15 16 17 18 19 20 21 22 23 24 25 26 27 28 29 30 31 33 34 35 36 37 38 39 40 45 54 55 56 57 58 59 60 61 62 63 64 65 66 67 68 69 76 77 78 103 104 105 106 107 108 109,37002.0,False
base,active,,425589.0,425907.0,0 1 2 3 4 5 9 10,-1.0,
base,active,,425589.0,425936.0,11 12 13 14 15 16 17 18 19 20 21 22 23 24 25 26 27 28 29 30 31 33 34 35 36 37 38 39 40 45 54 55,-1.0,
base,active,,425589.0,426405.0,56 57 58 59,-1.0,
base,active,,425589.0,426433.0,60 61,-1.0,
base,active,,425589.0,426489.0,62 63 64 65 66 67 68 69 76 77 78 103 104 105 106 107 108 109,-1.0,
base,active,,425791.0,426691.0,6 7 8 32 41 42 43 44 79 80 81 82 83 84 110 111 112 113 114 115 116 117 118 119 120 121 122 123 124 125 126 127,-1.0,
base,active,425811.0,425811.0,425820.0,46,37006.0,False
base,active,,425820.0,426720.0,46,-1.0,
base,active,425824.0,425824.0,425840.0,47,37007.0,False
base,active,,425840.0,426740.0,47,-1.0,
base,active,425907.0,425907.0,426960.0,0 1 2 3 4 5 9 10 48 49 50 51 52 53 85 86 87 88 89 90 91 92 93 94 95 96 97 98 99 100 101 102,37008.0,False
base,active,425936.0,425936.0,426173.0,11 12 13 14 15 16 17 18 19 20 21 22 23 24 25 26 27 28 29 30 31 33 34 35 36 37 38 39 40 45 54 55,37009.0,False
base,active,,426173.0,426962.0,11,-1.0,
base,active,,426173.0,427073.0,12 13 14 15 16 17 18 19 20 21 22 23 24 25 26 27 28 29 30 31 33 34 35 36 37 38 39 40 45 54 55,-1.0,
base,active,,426403.0,427122.0,70,-1.0,
base,active,,426403.0,427176.0,71 72 73,-1.0,
base,active,,426404.0,427176.0,74 75,-1.0,
base,active,426405.0,426405.0,427540.0,56 57 58 59,37011.0,False
base,active,426433.0,426433.0,427541.0,60 61,37012.0,False
base,switching_off,,426489.0,428289.0,62 63 64 65 66 67 68 69 76 77 78 103 104 105 106 107 108 109,-2.0,
base,switching_off,,426691.0,428491.0,6 7 8 32 41 42 43 44 79 80 81 82 83 84 110 111 112 113 114 115 116 117 118 119 120 121 122 123 124 125 126 127,-2.0,
base,switching_off,,426720.0,428520.0,46,-2.0,
base,switching_off,,426740.0,428540.0,47,-2.0,
base,active,,426960.0,427176.0,0 1 2 3 4 5 9 10 48 49 50 51 52 53 85 86 87 88 89 90 91 92 93 94 95 96 97,-1.0,
base,active,,426960.0,427321.0,98 99 100 101,-1.0,
base,active,,426960.0,427540.0,102,-1.0,
base,active,426962.0,426962.0,426979.0,11,37014.0,False
base,active,,426979.0,427467.0,11,-1.0,
base,switching_off,,427073.0,428873.0,12 13 14 15 16 17 18 19 20 21 22 23 24 25 26 27 28 29 30 31 33 34 35 36 37 38 39 40 45 54 55,-2.0,
base,active,427122.0,427122.0,427132.0,70,37016.0,False
base,active,,427132.0,427520.0,70,-1.0,
base,active,427176.0,427176.0,428253.0,0 1 2 3 4 5 9 10 48 49 50 51 52 53 71 72 73 74 75 85 86 87 88 89 90 91 92 93 94 95 96 97,37017.0,False
base,active,427321.0,427321.0,427397.0,98 99 100 101,37019.0,False
base,active,,427397.0,427540.0,98 99 100 101,-1.0,
base,active,427463.0,427467.0,427510.0,11,37023.0,False
base,active,,427510.0,427540.0,11,-1.0,
base,active,427520.0,427520.0,427538.0,70,37026.0,False
base,active,,427538.0,427540.0,70,-1.0,
base,active,,427540.0,427565.0,57 58 59,-1.0,
base,active,427398.0,427540.0,427607.0,11 56 70 98 99 100 101 102,37021.0,False
base,active,,427541.0,427565.0,60,-1.0,
base,active,,427541.0,427634.0,61,-1.0,
base,active,427544.0,427565.0,428547.0,57 58 59 60,37027.0,False
base,active,,427607.0,427634.0,11 56 70 98 99,-1.0,
base,active,,427607.0,427946.0,100 101 102,-1.0,
base,active,427634.0,427634.0,427718.0,56 70 98 99,37029.0,False
base,active,427565.0,427634.0,428598.0,11 61,37028.0,False
base,active,,427718.0,427946.0,56,-1.0,
base,active,,427718.0,428253.0,70 98 99,-1.0,
base,active,427946.0,427946.0,427991.0,56 100 101 102,37033.0,False
base,active,,427991.0,428253.0,56 100 101 102,-1.0,
base,active,,428253.0,428258.0,74,-1.0,
base,active,,428253.0,428260.0,75,-1.0,
base,active,427722.0,428253.0,428320.0,49 50 51 52 53 71 72 73,37030.0,False
base,active,427467.0,428253.0,428335.0,0 1 2 3 4 5 9 10 48 56 70 98 99 100 101 102,37024.0,False
base,active,,428253.0,428335.0,85 86 87 88 89 90 91 92 93 94 95 96 97,-1.0,
base,active,428258.0,428258.0,428289.0,74,37038.0,False
base,active,428260.0,428260.0,428276.0,75,37039.0,False
base,active,,428276.0,428335.0,75,-1.0,
base,active,,428289.0,428335.0,74,-1.0,
base,sleeping,,428289.0,428491.0,108 109,-4.0,
base,switching_on,,428289.0,430989.0,62 63 64 65 66 67 68 69 76 77 78 103 104 105 106 107,-3.0,
base,active,,428320.0,428335.0,49 50 51 52 53 71 72 73,-1.0,
base,active,427991.0,428335.0,428345.0,0 1 2 3 4 5 9 10 48 49 50 51 52 53 71 72 73 74 75 85 86 87 88 89 90 91 92 93 94 95 96 97,37034.0,False
base,active,,428335.0,428345.0,56 70 98 99 100 101 102,-1.0,
base,active,428109.0,428345.0,428403.0,49 50 51 52 53 71 72 73 74 75 85 86 87 88 89 90,37036.0,False
base,active,,428345.0,428403.0,91 92 93 94 95 96 97,-1.0,
base,active,428033.0,428345.0,428414.0,0 1 2 3 4 5 9 10 48 56 70 98 99 100 101 102,37035.0,False
base,active,428215.0,428403.0,428480.0,49 50 51 52 53 71 72 73 74 91 92 93 94 95 96 97,37037.0,False
base,active,,428403.0,428480.0,75 85 86 87 88 89 90,-1.0,
base,active,,428414.0,428480.0,0 1 2 3 4 5 9 10 48 56 70 98 99 100 101 102,-1.0,
base,active,428367.0,428480.0,429208.0,0 1 2 3 4 5 9 10 48 49 50 51 52 53 56 70 71 72 73 74 75 85 86 87 88 89 90 98 99 100 101 102,37041.0,False
base,active,,428480.0,429208.0,97,-1.0,
base,active,,428480.0,431213.0,91 92 93 94 95 96,-1.0,
base,sleeping,,428491.0,428513.0,126 127,-4.0,
base,switching_on,,428491.0,431191.0,6 7 8 32 41 42 43 44 79 80 81 82 83 84 108 109 110 111 112 113 114 115 116 117 118 119 120 121 122 123 124 125,-3.0,
base,switching_on,,428513.0,431213.0,126 127,-3.0,
base,sleeping,,428520.0,428873.0,46,-4.0,
base,sleeping,,428540.0,428873.0,47,-4.0,
base,active,,428547.0,429208.0,57 58 59 60,-1.0,
base,active,,428598.0,429208.0,11 61,-1.0,
base,sleeping,,428873.0,430273.0,55,-4.0,
base,switching_on,,428873.0,431573.0,12 13 14 15 16 17 18 19 20 21 22 23 24 25 26 27 28 29 30 31 33 34 35 36 37 38 39 40 45 46 47 54,-3.0,
base,active,,429208.0,429605.0,89,-1.0,
base,active,,429208.0,429668.0,90,-1.0,
base,active,429125.0,429208.0,429686.0,0 1 2 3 4 5 9 10 11 48 49 50 51 52 53 56 57 58 59 60 61 70 71 72 73 74 75 85 86 87 88 97,37047.0,False
base,active,,429208.0,429808.0,98 99 100 101,-1.0,
base,active,,429208.0,429829.0,102,-1.0,
base,active,429605.0,429605.0,429622.0,89,37053.0,False
base,active,,429622.0,429829.0,89,-1.0,
base,active,429668.0,429668.0,429677.0,90,37054.0,False
base,active,,429677.0,430248.0,90,-1.0,
base,active,,429686.0,430248.0,0 1 2 3 4 5 9 10 11 48 49 50 51 52 53 56 57 58 59 60 61 70 71 72 73 74 75 85 86 87 88,-1.0,
base,active,,429686.0,432973.0,97,-1.0,
base,active,429808.0,429808.0,429836.0,98 99 100 101,37056.0,False
base,active,429829.0,429829.0,429850.0,89 102,37057.0,False
base,active,,429836.0,432973.0,98 99 100 101,-1.0,
base,active,,429850.0,432973.0,89 102,-1.0,
base,active,430248.0,430248.0,430478.0,0 1 2 3 4 5 9 10 11 48 49 50 51 52 53 56 57 58 59 60 61 70 71 72 73 74 75 85 86 87 88 90,37059.0,False
base,switching_on,,430273.0,432973.0,55,-3.0,
base,active,,430478.0,430553.0,57 58 59 60 61 70 71 72 73 74 75 85 86 87 88 90,-1.0,
base,active,430380.0,430478.0,430631.0,0 1 2 3 4 5 9 10 11 48 49 50 51 52 53 56,37061.0,False
base,active,430553.0,430553.0,430799.0,57 58 59 60 61 70 71 72 73 74 75 85 86 87 88 90,37063.0,False
base,active,,430631.0,430799.0,0 1 2 3 4 5 9 10 11 48 49 50 51 52 53 56,-1.0,
base,active,430592.0,430799.0,431565.0,0 1 2 3 4 5 9 10 11 48 49 50 51 52 53 56 57 58 59 60 61 70 71 72 73 74 75 85 86 87 88 90,37064.0,False
base,active,427791.0,430989.0,431057.0,62 63 64 65 66 67 68 69 76 77 78 103 104 105 106 107,37031.0,False
base,active,430796.0,431057.0,431079.0,62 63 64 65 66 67 68 69 76 77 78 103 104 105 106 107,37065.0,False
base,active,430845.0,431079.0,431239.0,62,37066.0,False
base,active,,431079.0,431289.0,69 76 77 78 103 104 105 106 107,-1.0,
base,active,430891.0,431079.0,432053.0,67 68,37068.0,False
base,active,430857.0,431079.0,432085.0,63 64 65 66,37067.0,False
base,active,428479.0,431191.0,431300.0,6 7 8 32 41 42 43 44 79 80 81 82 83 84 108 109 110 111 112 113 114 115 116 117 118 119 120 121 122 123 124 125,37042.0,False
base,active,428513.0,431213.0,431289.0,91 92 93 94 95 96 126 127,37043.0,False
base,active,,431239.0,431289.0,62,-1.0,
base,active,,431289.0,431300.0,126 127,-1.0,
base,active,430965.0,431289.0,431363.0,62 69 76 77 78 91 92 93 94 95 96 103 104 105 106 107,37069.0,False
base,active,,431300.0,431347.0,108 109 110 111 112 113 114 115 116 117 118 119 120 121 122 123,-1.0,
base,active,431212.0,431300.0,431356.0,6 7 8 32 41 42 43 44 79 80 81 82 83 84 126 127,37071.0,False
base,active,,431300.0,431746.0,124,-1.0,
base,active,,431300.0,432163.0,125,-1.0,
base,active,431347.0,431347.0,431415.0,108 109 110 111 112 113 114 115 116 117 118 119 120 121 122 123,37072.0,False
base,active,,431356.0,432256.0,6 7 8 32 41 42 43 44 79 80 81 82 83 84 126 127,-1.0,
base,active,,431363.0,432263.0,62 69 76 77 78 91 92 93 94 95 96 103 104 105 106 107,-1.0,
base,active,,431415.0,432315.0,108 109 110 111 112 113 114 115 116 117 118 119 120 121 122 123,-1.0,
base,active,,431565.0,432399.0,0,-1.0,
base,active,,431565.0,432465.0,1 2 3 4 5 9 10 11 48 49 50 51 52 53 56 57 58 59 60 61 70 71 72 73 74 75 85 86 87 88 90,-1.0,
base,active,428849.0,431573.0,431629.0,28 29 30 31 33 34 35 36 37 38 39 40 45 46 47 54,37046.0,False
base,active,428713.0,431573.0,431636.0,12 13 14 15 16 17 18 19 20 21 22 23 24 25 26 27,37044.0,False
base,active,,431629.0,432508.0,28 29 30 31 33 34 35 36 37 38 39 40 45 46 47 54,-1.0,
base,active,,431636.0,432536.0,12 13 14 15 16 17 18 19 20 21 22 23 24 25 26 27,-1.0,
base,active,431746.0,431746.0,431892.0,124,37078.0,False
base,active,,431892.0,432723.0,124,-1.0,
base,active,,432053.0,432953.0,67 68,-1.0,
base,active,,432085.0,432985.0,63 64 65 66,-1.0,
base,active,432163.0,432163.0,432245.0,125,37080.0,False
base,active,,432245.0,433145.0,125,-1.0,
base,switching_off,,432256.0,434056.0,6 7 8 32 41 42 43 44 79 80 81 82 83 84 126 127,-2.0,
base,switching_off,,432263.0,434063.0,62 69 76 77 78 91 92 93 94 95 96 103 104 105 106 107,-2.0,
base,switching_off,,432315.0,434115.0,108 109 110 111 112 113 114 115 116 117 118 119 120 121 122 123,-2.0,
base,active,432399.0,432399.0,432573.0,0,37081.0,False
base,switching_off,,432465.0,434265.0,1 2 3 4 5 9 10 11 48 49 50 51 52 53 56 57 58 59 60 61 70 71 72 73 74 75 85 86 87 88 90,-2.0,
base,active,432508.0,432508.0,432568.0,28 29 30 31 33 34 35 36 37 38 39 40 45 46 47 54,37083.0,False
base,switching_off,,432536.0,434336.0,12 13 14 15 16 17 18 19 20 21 22 23 24 25 26 27,-2.0,
base,active,,432568.0,433147.0,28 29 30 31 33 34,-1.0,
base,active,,432568.0,433337.0,35 36,-1.0,
base,active,,432568.0,433447.0,37,-1.0,
base,active,,432568.0,433468.0,38 39 40 45 46 47 54,-1.0,
base,active,,432573.0,433473.0,0,-1.0,
base,active,432723.0,432723.0,433983.0,124,37084.0,False
base,switching_off,,432953.0,434753.0,67 68,-2.0,
base,active,430273.0,432973.0,433181.0,55 89 97 98 99 100 101 102,37060.0,False
base,switching_off,,432985.0,434785.0,63 64 65 66,-2.0,
base,switching_off,,433145.0,434945.0,125,-2.0,
base,active,433147.0,433147.0,434101.0,33 34,37092.0,False
base,active,433124.0,433147.0,434122.0,28 29 30 31,37090.0,False
base,active,,433181.0,434081.0,55 89 97 98 99 100 101 102,-1.0,
base,active,433337.0,433337.0,433360.0,36,37094.0,False
base,active,433268.0,433337.0,434053.0,35,37093.0,False
base,active,,433360.0,434072.0,36,-1.0,
base,active,433341.0,433447.0,433461.0,37,37095.0,False
base,active,,433461.0,434324.0,37,-1.0,
base,switching_off,,433468.0,435268.0,38 39 40 45 46 47 54,-2.0,
base,switching_off,,433473.0,435273.0,0,-2.0,
base,active,,433983.0,437036.0,124,-1.0,
base,active,,434053.0,434324.0,35,-1.0,
base,sleeping,,434056.0,434063.0,6 7 8 32 41 42 43 44 79 80 81 82 83 84 126 127,-4.0,
base,switching_on,,434063.0,436763.0,6 7 8 32 41 42 43 44 62 69 76 77 78 79 80 81 82 83 84 91 92 93 94 95 96 103 104 105 106 107 126 127,-3.0,
base,active,434072.0,434072.0,434173.0,36,37099.0,False
base,switching_off,,434081.0,435881.0,55 89 97 98 99 100 101 102,-2.0,
base,active,,434101.0,434324.0,33 34,-1.0,
base,sleeping,,434115.0,434265.0,108,-4.0,
base,sleeping,,434115.0,434336.0,109 110 111 112 113 114 115 116 117 118 119 120 121 122 123,-4.0,
base,active,,434122.0,434324.0,28 29,-1.0,
base,active,,434122.0,434564.0,30,-1.0,
base,active,,434122.0,434569.0,31,-1.0,
base,active,,434173.0,435073.0,36,-1.0,
base,switching_on,,434265.0,436965.0,1 2 3 4 5 9 10 11 48 49 50 51 52 53 56 57 58 59 60 61 70 71 72 73 74 75 85 86 87 88 90 108,-3.0,
base,active,434324.0,434324.0,435263.0,28 29,37102.0,False
base,active,434301.0,434324.0,435284.0,33 34 35 37,37101.0,False
base,switching_on,,434336.0,437036.0,12 13 14 15 16 17 18 19 20 21 22 23 24 25 26 27 109 110 111 112 113 114 115 116 117 118 119 120 121 122 123,-3.0,
base,active,434564.0,434564.0,434599.0,30,37103.0,False
base,active,434569.0,434569.0,434593.0,31,37104.0,False
base,active,,434593.0,435493.0,31,-1.0,
base,active,,434599.0,435499.0,30,-1.0,
base,sleeping,,434753.0,435774.0,67 68,-4.0,
base,sleeping,,434785.0,434964.0,63,-4.0,
base,sleeping,,434785.0,435014.0,64,-4.0,
base,sleeping,,434785.0,435028.0,65,-4.0,
base,sleeping,,434785.0,435774.0,66,-4.0,
base,sleeping,,434945.0,435774.0,125,-4.0,
base,switching_on,,434964.0,437664.0,63,-3.0,
base,switching_on,,435014.0,437714.0,64,-3.0,
base,switching_on,,435028.0,437728.0,65,-3.0,
base,switching_off,,435073.0,436873.0,36,-2.0,
base,active,,435263.0,435796.0,28 29,-1.0,
base,sleeping,,435268.0,435695.0,38,-4.0,
base,sleeping,,435268.0,435718.0,39 40 45 46,-4.0,
base,sleeping,,435268.0,435739.0,47 54,-4.0,
base,sleeping,,435273.0,435631.0,0,-4.0,
base,active,,435284.0,435800.0,33 34 35 37,-1.0,
base,switching_off,,435493.0,437293.0,31,-2.0,
base,switching_off,,435499.0,437299.0,30,-2.0,
base,switching_on,,435631.0,438331.0,0,-3.0,
base,switching_on,,435695.0,438395.0,38,-3.0,
base,switching_on,,435718.0,438418.0,39 40 45 46,-3.0,
base,switching_on,,435739.0,438439.0,47 54,-3.0,
base,switching_on,,435774.0,438474.0,66 67 68 125,-3.0,
base,active,435796.0,435796.0,435799.0,28 29,37122.0,False
base,active,,435799.0,435849.0,28 29,-1.0,
base,active,435800.0,435800.0,435826.0,33 34 35 37,37123.0,False
base,active,,435826.0,435849.0,33 34,-1.0,
base,active,,435826.0,435859.0,35 37,-1.0,
base,active,435849.0,435849.0,435852.0,28 29 33 34,37125.0,False
base,active,,435852.0,435859.0,28 29,-1.0,
base,active,,435852.0,438650.0,33 34,-1.0,
base,active,435859.0,435859.0,435890.0,28 29 35 37,37126.0,False
base,sleeping,,435881.0,435887.0,55 89,-4.0,
base,sleeping,,435881.0,435935.0,97 98 99 100,-4.0,
base,sleeping,,435881.0,435950.0,101 102,-4.0,
base,switching_on,,435887.0,438587.0,55 89,-3.0,
base,active,,435890.0,435995.0,28 29,-1.0,
base,active,,435890.0,436265.0,35,-1.0,
base,active,,435890.0,436790.0,37,-1.0,
base,switching_on,,435935.0,438635.0,97 98 99 100,-3.0,
base,switching_on,,435950.0,438650.0,101 102,-3.0,
base,active,435995.0,435995.0,435998.0,28 29,37135.0,False
base,active,,435998.0,436898.0,28 29,-1.0,
base,active,436265.0,436265.0,436268.0,35,37138.0,False
base,active,,436268.0,437168.0,35,-1.0,
base,active,432866.0,436763.0,437229.0,6 7 8 32 41 42 43 44 62 69 76 77 78 79 80 81 82 83 84 91 92 93 94 95 96 103 104 105 106 107 126 127,37086.0,False
base,switching_off,,436790.0,438590.0,37,-2.0,
base,sleeping,,436873.0,437600.0,36,-4.0,
base,switching_off,,436898.0,438698.0,28 29,-2.0,
base,active,433447.0,436965.0,437458.0,1 2 3 4 5 9 10 11 48 49 50 51 52 53 56 57 58 59 60 61 70 71 72 73 74 75 85 86 87 88 90 108,37096.0,False
base,active,433985.0,437036.0,437597.0,12 13 14 15 16 17 18 19 20 21 22 23 24 25 26 27 109 110 111 112 113 114 115 116 117 118 119 120 121 122 123 124,37098.0,False
base,switching_off,,437168.0,438968.0,35,-2.0,
base,active,434658.0,437229.0,438633.0,6 7 8 32 41 42 43 44 62 69 76 77 78 79 80 81 82 83 84 91 92 93 94 95 96 103 104 105 106 107 126 127,37106.0,False
base,sleeping,,437293.0,437600.0,31,-4.0,
base,sleeping,,437299.0,437600.0,30,-4.0,
base,active,434726.0,437458.0,437721.0,1 2 3 4 5 9 10 11 48 49 50 51 52 53 56 57 58 59 60 61 70 71 72 73 74 75 85 86 87 88 90 108,37108.0,False
base,active,435915.0,437597.0,437600.0,117 118 119 120 121 122 123 124,37128.0,False
base,active,435583.0,437597.0,437723.0,12 13 14 15 16 17 18 19,37116.0,False
base,active,435833.0,437597.0,437832.0,20 21 22 23 24 25 26 27 109 110 111 112 113 114 115 116,37124.0,False
base,active,,437600.0,437721.0,122 123 124,-1.0,
base,active,,437600.0,440300.0,117 118 119 120 121,-1.0,
base,switching_on,,437600.0,440300.0,30 31 36,-3.0,
base,active,434964.0,437664.0,437685.0,63,37111.0,False
base,active,,437685.0,437721.0,63,-1.0,
base,active,435014.0,437714.0,437721.0,64,37113.0,False
base,active,,437721.0,437723.0,86 87 88 90 108,-1.0,
base,active,435928.0,437721.0,437724.0,1 2 3 4 5 9 10 11 48 49 50 51 52 53 56 57 58 59 60 61 63 64 70 71 72 73 74 75 85 122 123 124,37129.0,False
base,active,,437723.0,437724.0,15 16 17 18 19,-1.0,
base,active,435982.0,437723.0,437726.0,12 13 14 86 87 88 90 108,37134.0,False
base,active,436064.0,437724.0,437727.0,1 2 3 4 5 9 10 11 15 16 17 18 19 48 49 50 51 52 53 56 57 58 59 60 61 63 64 70 71 72 73 74,37136.0,False
base,active,,437724.0,437727.0,75 85 122 123 124,-1.0,
base,active,,437726.0,437727.0,12 13 14 86 87 88 90 108,-1.0,
base,active,436070.0,437727.0,437730.0,1 2 3 12 13 14 75 85 86 87 88 90 108 122 123 124,37137.0,False
base,active,,437727.0,438103.0,4 5 9 10,-1.0,
base,active,,437727.0,438132.0,11 15,-1.0,
base,active,,437727.0,438135.0,16 17 18 19,-1.0,
base,active,,437727.0,438443.0,48 49 50 51 52 53 56 57 58 59 60 61 63 64 70 71 72 73 74,-1.0,
base,active,435028.0,437728.0,437852.0,65,37114.0,False
base,active,,437730.0,438241.0,1 2 3,-1.0,
base,active,,437730.0,438443.0,12 13 14 75 85 86 87 88 90 108 122 123 124,-1.0,
base,active,,437832.0,438443.0,20 21 22 23 24 25 26 27 109 110 111 112 113 114 115 116,-1.0,
base,active,,437852.0,438443.0,65,-1.0,
base,active,438103.0,438103.0,438158.0,4 5 9 10,37141.0,False
base,active,438132.0,438132.0,438157.0,11 15,37142.0,False
base,active,438135.0,438135.0,438194.0,16 17 18 19,37143.0,False
base,active,,438157.0,438443.0,11 15,-1.0,
base,active,,438158.0,438241.0,4,-1.0,
base,active,,438158.0,438270.0,5,-1.0,
base,active,,438158.0,438443.0,9 10,-1.0,
base,active,,438194.0,438443.0,16 17 18 19,-1.0,
base,active,438182.0,438241.0,438270.0,1 2 3 4,37145.0,False
base,active,,438270.0,438380.0,4,-1.0,
base,active,438241.0,438270.0,438382.0,1 2 3 5,37146.0,False
base,active,435631.0,438331.0,438380.0,0,37117.0,False
base,active,438299.0,438380.0,438423.0,0 4,37148.0,False
base,active,,438382.0,438390.0,1 2 3 5,-1.0,
base,active,438254.0,438390.0,438446.0,1 2 3 5,37147.0,False
base,active,435695.0,438395.0,438413.0,38,37118.0,False
base,active,,438413.0,438443.0,38,-1.0,
base,active,435718.0,438418.0,438443.0,39 40 45 46,37119.0,False
base,active,,438423.0,438443.0,0 4,-1.0,
base,active,435739.0,438439.0,438443.0,47 54,37120.0,False
base,active,,438443.0,438490.0,47 54,-1.0,
base,active,438162.0,438443.0,440793.0,0 4 9 10 11 12 13 14 15 16 17 18 19 20 21 22 23 24 25 26 27 38 39 40 45 46 48 49 50 51 52 53 56 57 58 59 60 61 63 64 65 70 71 72 73 74 75 85 86 87 88 90 108 109 110 111 112 113 114 115 116 122 123 124,37144.0,False
base,active,,438446.0,438490.0,1 2,-1.0,
base,active,,438446.0,438512.0,3 5,-1.0,
base,active,435774.0,438474.0,438500.0,66 67 68 125,37121.0,False
base,active,438490.0,438490.0,438836.0,1 2 47 54,37151.0,False
base,active,,438500.0,438512.0,66 67,-1.0,
base,active,,438500.0,438540.0,68 125,-1.0,
base,active,438512.0,438512.0,445626.0,3 5 66 67,37152.0,False
base,active,438540.0,438540.0,445626.0,68 125,37153.0,False
base,active,435887.0,438587.0,438590.0,55 89,37127.0,False
base,active,,438590.0,438633.0,55 89,-1.0,
base,sleeping,,438590.0,440516.0,37,-4.0,
base,active,,438633.0,438653.0,126 127,-1.0,
base,active,438390.0,438633.0,438933.0,6 7 8 32 41 42 43 44 55 62 69 76 77 78 79 80 81 82 83 84 89 91 92 93 94 95 96 103 104 105 106 107,37149.0,False
base,active,435935.0,438635.0,438639.0,97 98 99 100,37131.0,False
base,active,,438639.0,438653.0,97 98 99 100,-1.0,
base,active,435950.0,438650.0,438653.0,33 34 101 102,37133.0,False
base,active,438450.0,438653.0,438895.0,33 34 97 98 99 100 126 127,37150.0,False
base,active,,438653.0,439343.0,101,-1.0,
base,active,,438653.0,439444.0,102,-1.0,
base,sleeping,,438698.0,440295.0,28,-4.0,
base,sleeping,,438698.0,440516.0,29,-4.0,
base,active,,438836.0,439486.0,1 2 47 54,-1.0,
base,active,,438895.0,439795.0,33 34 97 98 99 100 126 127,-1.0,
base,active,,438933.0,439829.0,6,-1.0,
base,active,,438933.0,439833.0,7 8 32 41 42 43 44 55 62 69 76 77 78 79 80 81 82 83 84 89 91 92 93 94 95 96 103 104 105 106 107,-1.0,
base,sleeping,,438968.0,440516.0,35,-4.0,
base,active,439343.0,439343.0,439358.0,101,37156.0,False
base,active,,439358.0,440258.0,101,-1.0,
base,active,439444.0,439444.0,439705.0,102,37157.0,False
base,active,439486.0,439486.0,439776.0,1 2 47 54,37158.0,False
base,active,,439705.0,443216.0,102,-1.0,
base,active,,439776.0,443216.0,1 2 47 54,-1.0,
base,switching_off,,439795.0,441595.0,33 34 97 98 99 100 126 127,-2.0,
base,active,439829.0,439829.0,439959.0,6,37160.0,False
base,switching_off,,439833.0,441633.0,7 8 32 41 42 43 44 55 62 69 76 77 78 79 80 81 82 83 84 89 91 92 93 94 95 96 103 104 105 106 107,-2.0,
base,active,,439959.0,440516.0,6,-1.0,
base,switching_off,,440258.0,442058.0,101,-2.0,
base,switching_on,,440295.0,442995.0,28,-3.0,
base,active,435940.0,440300.0,440303.0,30 31 36 117 118 119 120 121,37132.0,False
base,active,,440303.0,440579.0,30 31,-1.0,
base,active,,440303.0,440793.0,36 117 118 119 120 121,-1.0,
base,active,440516.0,440516.0,440729.0,6,37169.0,False
base,switching_on,,440516.0,443216.0,29 35 37,-3.0,
base,active,440517.0,440579.0,440594.0,30,37170.0,False
base,active,440579.0,440579.0,440602.0,31,37171.0,False
base,active,,440594.0,440793.0,30,-1.0,
base,active,,440602.0,440793.0,31,-1.0,
base,active,,440729.0,440793.0,6,-1.0,
base,active,,440793.0,440951.0,40 45 46 48 49,-1.0,
base,active,,440793.0,441187.0,50 51 52 53 56 57 58 59 60,-1.0,
base,active,,440793.0,441684.0,123 124,-1.0,
base,active,,440793.0,444333.0,61 63 64 65 70 71 72 73 74 75 85 86 87 88 90 108 109 110 111 112 113 114 115 116 122,-1.0,
base,active,439893.0,440793.0,446771.0,0 4 6 9 10 11 12 13 14 15 16 17 18 19 20 21 22 23 24 25 26 27 30 31 36 38 39 117 118 119 120 121,37161.0,False
base,active,440884.0,440951.0,441017.0,40 45 46 48,37174.0,False
base,active,440951.0,440951.0,441110.0,49,37175.0,False
base,active,,441017.0,441684.0,40 45 46 48,-1.0,
base,active,,441110.0,441684.0,49,-1.0,
base,active,441187.0,441187.0,441342.0,60,37178.0,False
base,active,440993.0,441187.0,441546.0,50 51 52 53 56 57 58 59,37176.0,False
base,active,,441342.0,441684.0,60,-1.0,
base,active,,441546.0,442199.0,50 51 52 53 56 57 58 59,-1.0,
base,sleeping,,441595.0,441633.0,33 34 97 98 99 100 126 127,-4.0,
base,switching_on,,441633.0,444333.0,7 8 32 33 34 41 42 43 44 55 62 69 76 77 78 79 80 81 82 83 84 89 91 92 93 94 95 96 97 98 99 100 103 104 105 106 107 126 127,-3.0,
base,active,441684.0,441684.0,441969.0,40 45 46 48 49 60 123 124,37182.0,False
base,active,,441969.0,442344.0,40,-1.0,
base,active,,441969.0,442705.0,45,-1.0,
base,active,,441969.0,442711.0,46,-1.0,
base,active,,441969.0,442869.0,48 49 60 123 124,-1.0,
base,sleeping,,442058.0,443654.0,101,-4.0,
base,active,442199.0,442199.0,442393.0,50 51 52 53 56 57 58 59,37185.0,False
base,active,442344.0,442344.0,442461.0,40,37187.0,False
base,active,,442393.0,443002.0,50 51 52 53 56 57 58 59,-1.0,
base,active,,442461.0,443002.0,40,-1.0,
base,active,442705.0,442705.0,442736.0,45,37188.0,False
base,active,442711.0,442711.0,442739.0,46,37189.0,False
base,active,,442736.0,443311.0,45,-1.0,
base,active,,442739.0,443357.0,46,-1.0,
base,switching_off,,442869.0,444669.0,48 49 60 123 124,-2.0,
base,active,440295.0,442995.0,443122.0,28,37168.0,False
base,active,443002.0,443002.0,443170.0,40,37193.0,False
base,active,442914.0,443002.0,443211.0,50 51 52 53 56 57 58 59,37192.0,False
base,active,,443122.0,443357.0,28,-1.0,
base,active,,443170.0,443357.0,40,-1.0,
base,active,,443211.0,443357.0,50,-1.0,
base,active,,443211.0,446354.0,51 52 53 56 57 58 59,-1.0,
base,active,439923.0,443216.0,449165.0,1 2 29 35 37 47 54 102,37162.0,False
base,active,443237.0,443311.0,443382.0,45,37196.0,False
base,active,443357.0,443357.0,443359.0,28 40 46 50,37199.0,False
base,active,,443359.0,443709.0,28,-1.0,
base,active,,443359.0,443710.0,40,-1.0,
base,active,,443359.0,444008.0,46,-1.0,
base,active,,443359.0,444259.0,50,-1.0,
base,active,,443382.0,444282.0,45,-1.0,
base,switching_on,,443654.0,446354.0,101,-3.0,
base,active,443709.0,443709.0,443724.0,28,37203.0,False
base,active,443710.0,443710.0,443732.0,40,37204.0,False
base,active,,443724.0,444297.0,28,-1.0,
base,active,,443732.0,444307.0,40,-1.0,
base,active,444008.0,444008.0,444048.0,46,37208.0,False
base,active,,444048.0,444948.0,46,-1.0,
base,switching_off,,444259.0,446059.0,50,-2.0,
base,switching_off,,444282.0,446082.0,45,-2.0,
base,active,444297.0,444297.0,444313.0,28,37209.0,False
base,active,444307.0,444307.0,444316.0,40,37210.0,False
base,active,,444313.0,445213.0,28,-1.0,
base,active,,444316.0,445216.0,40,-1.0,
base,active,440718.0,444333.0,446322.0,7 8 32 33 34 41 42 43 44 55 61 62 63 64 65 69 70 71 72 73 74 75 76 77 78 79 80 81 82 83 84 85 86 87 88 89 90 91 92 93 94 95 96 97 98 99 100 103 104 105 106 107 108 109 110 111 112 113 114 115 116 122 126 127,37172.0,False
base,sleeping,,444669.0,445706.0,48 49,-4.0,
base,sleeping,,444669.0,446193.0,60,-4.0,
base,sleeping,,444669.0,446196.0,123,-4.0,
base,sleeping,,444669.0,446322.0,124,-4.0,
base,switching_off,,444948.0,446748.0,46,-2.0,
base,switching_off,,445213.0,447013.0,28,-2.0,
base,switching_off,,445216.0,447016.0,40,-2.0,
base,active,444703.0,445626.0,445669.0,66 67 68 125,37214.0,False
base,active,,445626.0,446322.0,3 5,-1.0,
base,active,444890.0,445669.0,445744.0,66 67 68 125,37217.0,False
base,switching_on,,445706.0,448406.0,48 49,-3.0,
base,active,445203.0,445744.0,445790.0,66 67 68 125,37223.0,False
base,active,445683.0,445790.0,446165.0,66 67 68 125,37228.0,False
base,sleeping,,446059.0,446122.0,50,-4.0,
base,sleeping,,446082.0,446122.0,45,-4.0,
base,switching_on,,446122.0,448822.0,45 50,-3.0,
base,active,,446165.0,446224.0,66 67 68 125,-1.0,
base,switching_on,,446193.0,448893.0,60,-3.0,
base,switching_on,,446196.0,448896.0,123,-3.0,
base,active,446224.0,446224.0,446288.0,66 67 68 125,37237.0,False
base,active,,446288.0,446322.0,66 67 68 125,-1.0,
base,active,,446322.0,446369.0,122 126,-1.0,
base,active,,446322.0,446535.0,127,-1.0,
base,active,442814.0,446322.0,446738.0,3 5 7 8 32 33 34 41 42 43 44 55 61 62 63 64 65 66 67 68 69 70 71 72 73 74 75 76 77 78 79 80 81 82 83 84 85 86 87 88 89 90 91 92 93 94 95 96 97 98 99 100 103 104 105 106 107 108 109 110 111 112 113 125,37191.0,False
base,active,,446322.0,449022.0,114 115 116,-1.0,
base,switching_on,,446322.0,449022.0,124,-3.0,
base,active,443654.0,446354.0,446535.0,51 52 53 56 57 58 59 101,37202.0,False
base,active,446369.0,446369.0,446854.0,122 126,37241.0,False
base,active,,446535.0,446738.0,101,-1.0,
base,active,443872.0,446535.0,446800.0,51 52 53 56 57 58 59 127,37206.0,False
base,active,,446738.0,446771.0,125,-1.0,
base,active,443311.0,446738.0,447132.0,3 5 7 8 32 33 34 41 42 43 44 55 61 62 63 64 65 66 67 68 69 70 71 72 73 74 75 76 77 78 79 101,37198.0,False
base,active,443787.0,446738.0,447246.0,80 81 82 83 84 85 86 87 88 89 90 91 92 93 94 95 96 97 98 99 100 103 104 105 106 107 108 109 110 111 112 113,37205.0,False
base,sleeping,,446748.0,446771.0,46,-4.0,
base,active,,446771.0,446800.0,21 22,-1.0,
base,active,445130.0,446771.0,446852.0,38 39 117 118 119 120 121 125,37222.0,False
base,active,444932.0,446771.0,446891.0,13 14 15 16 17 18 19 20,37219.0,False
base,active,445465.0,446771.0,446913.0,23 24 25 26 27 30 31 36,37226.0,False
base,active,,446771.0,449471.0,0 4 6 9 10 11 12,-1.0,
base,switching_on,,446771.0,449471.0,46,-3.0,
base,active,,446800.0,446824.0,59,-1.0,
base,active,,446800.0,446852.0,127,-1.0,
base,active,446086.0,446800.0,447008.0,21 22 51 52,37231.0,False
base,active,446343.0,446800.0,447214.0,53 56 57 58,37239.0,False
base,active,446824.0,446824.0,446885.0,59,37248.0,False
base,active,,446852.0,446885.0,125,-1.0,
base,active,446093.0,446852.0,457874.0,38 39 117 118 119 120 121 127,37232.0,False
base,active,,446854.0,446885.0,122 126,-1.0,
base,active,446760.0,446885.0,446907.0,59 122 125 126,37246.0,False
base,active,,446891.0,447246.0,17 18 19 20,-1.0,
base,active,446863.0,446891.0,447463.0,13 14 15 16,37250.0,False
base,active,,446907.0,446911.0,59 122 125 126,-1.0,
base,active,446911.0,446911.0,446998.0,59 122 125 126,37252.0,False
base,active,,446913.0,447029.0,31 36,-1.0,
base,active,,446913.0,447246.0,23 24 25 26 27 30,-1.0,
base,active,,446998.0,447029.0,59 122 125 126,-1.0,
base,active,,447008.0,447029.0,51 52,-1.0,
base,active,,447008.0,447246.0,21 22,-1.0,
base,sleeping,,447013.0,447214.0,28,-4.0,
base,sleeping,,447016.0,447214.0,40,-4.0,
base,active,447029.0,447029.0,447089.0,31 36 51 52 59 122 125 126,37253.0,False
base,active,,447089.0,447246.0,31 36 51 52 59 122 125 126,-1.0,
base,active,,447132.0,447214.0,3 5,-1.0,
base,active,,447132.0,447246.0,7 8 32 33 34 41 42 43 44 55 61 62 63 64 65 66 67 68 69 70 71 72 73 74 75 76 77 78 79 101,-1.0,
base,active,447147.0,447214.0,447240.0,5,37255.0,False
base,active,,447214.0,447246.0,53 56 57 58,-1.0,
base,active,447145.0,447214.0,447252.0,3,37254.0,False
base,switching_on,,447214.0,449914.0,28 40,-3.0,
base,active,,447240.0,447246.0,5,-1.0,
base,active,,447246.0,447252.0,107 108 109 110 111 112 113,-1.0,
base,active,446307.0,447246.0,447745.0,89 90 91 92 93 94 95 96 97 98 99 100 103 104 105 106,37238.0,False
base,active,444416.0,447246.0,448118.0,5 7 8 17 18 19 20 21 22 23 24 25 26 27 30 31 32 33 34 36 41 42 43 44 51 52 53 55 56 57 58 59 61 62 63 64 65 66 67 68 69 70 71 72 73 74 75 76 77 78 79 80 81 82 83 84 85 86 87 88 101 122 125 126,37211.0,False
base,active,446827.0,447252.0,447779.0,3 107 108 109 110 111 112 113,37249.0,False
base,active,,447463.0,447524.0,13 14 15 16,-1.0,
base,active,447524.0,447524.0,448574.0,13 14 15 16,37260.0,False
base,active,447186.0,447745.0,447857.0,89 90 91 92 93 94 95 96 97 98 99 100 103 104 105 106,37256.0,False
base,active,447717.0,447779.0,447832.0,109,37265.0,False
base,active,,447779.0,447857.0,112 113,-1.0,
base,active,447612.0,447779.0,447891.0,108,37263.0,False
base,active,447751.0,447779.0,447898.0,110 111,37266.0,False
base,active,447548.0,447779.0,448805.0,3 107,37261.0,False
base,active,,447832.0,447857.0,109,-1.0,
base,active,447485.0,447857.0,447874.0,89 90 91 92 93 94 95 96 97 98 99 100 103 109 112 113,37259.0,False
base,active,,447857.0,447874.0,104 105 106,-1.0,
base,active,,447874.0,447893.0,109 112 113,-1.0,
base,active,447553.0,447874.0,447901.0,89 90 91 92 93 94 95 96 97 98 99 100 103 104 105 106,37262.0,False
base,active,,447891.0,447893.0,108,-1.0,
base,active,447893.0,447893.0,447975.0,108 109 112 113,37268.0,False
base,active,,447898.0,447931.0,110,-1.0,
base,active,,447898.0,447991.0,111,-1.0,
base,active,,447901.0,447991.0,89 90 91 92 93 94 95,-1.0,
base,active,,447901.0,448086.0,96 97 98 99 100 103 104 105 106,-1.0,
base,active,447931.0,447931.0,447946.0,110,37269.0,False
base,active,,447946.0,448086.0,110,-1.0,
base,active,,447975.0,448086.0,108 109 112 113,-1.0,
base,active,447991.0,447991.0,448072.0,89 90 91 92 93 94 95 111,37270.0,False
base,active,,448072.0,448086.0,89 90,-1.0,
base,active,,448072.0,448118.0,91 92 93 94 95 111,-1.0,
base,active,448086.0,448086.0,448165.0,89 90 96 97 98 99 100 103 104 105 106 108 109 110 112 113,37271.0,False
base,active,445386.0,448118.0,448914.0,5 7 8 17 18 19 20 21 22 23 24 25 26 27 30 31 32 33 34 36 41 42 43 44 51 52 53 55 56 57 58 59 61 62 63 64 65 66 67 68 69 70 71 72 73 74 75 76 77 78 79 80 81 82 83 84 85 86 91 92 93 94 95 111,37224.0,False
base,active,,448118.0,448914.0,87 88 101 122 125 126,-1.0,
base,active,,448165.0,448914.0,89 90 96 97 98 99 100 103 104 105 106 108 109 110 112 113,-1.0,
base,active,445706.0,448406.0,448757.0,48 49,37229.0,False
base,active,,448574.0,448757.0,13 14,-1.0,
base,active,,448574.0,448805.0,15,-1.0,
base,active,,448574.0,448914.0,16,-1.0,
base,active,448354.0,448757.0,448873.0,13 14,37273.0,False
base,active,,448757.0,448914.0,48 49,-1.0,
base,active,448369.0,448805.0,448826.0,15,37274.0,False
base,active,448502.0,448805.0,448846.0,3,37276.0,False
base,active,,448805.0,448914.0,107,-1.0,
base,active,446122.0,448822.0,448994.0,45 50,37233.0,False
base,active,,448826.0,448830.0,15,-1.0,
base,active,448830.0,448830.0,448854.0,15,37283.0,False
base,active,,448846.0,448854.0,3,-1.0,
base,active,448609.0,448854.0,451372.0,3 15,37279.0,False
base,active,,448873.0,448914.0,13 14,-1.0,
base,active,446193.0,448893.0,448917.0,60,37235.0,False
base,active,446196.0,448896.0,448915.0,123,37236.0,False
base,active,,448914.0,448917.0,18 19 20 21,-1.0,
base,active,,448914.0,449147.0,22,-1.0,
base,active,,448914.0,449165.0,23 24 25 26 27 30 31 32 33 34 36 41 42 43 44 51 52 53 55 56 57 58 59 61 62 63 64 65 66 67 68 69 70 71 72 73 74 75 76 77 78 79 80 81 82 83 84 85 86 91 92 93 94 95 111,-1.0,
base,active,446061.0,448914.0,459966.0,5 7 8 13 14 16 17 48 49 87 88 89 90 96 97 98 99 100 101 103 104 105 106 107 108 109 110 112 113 122 125 126,37230.0,False
base,active,,448915.0,449165.0,123,-1.0,
base,active,,448917.0,449165.0,60,-1.0,
base,active,448586.0,448917.0,451446.0,18 19 20 21,37277.0,False
base,active,,448994.0,449165.0,45 50,-1.0,
base,active,445433.0,449022.0,449802.0,114 115 116 124,37225.0,False
base,active,449147.0,449147.0,449169.0,22,37288.0,False
base,active,,449165.0,449169.0,47 54 102,-1.0,
base,active,446367.0,449165.0,449931.0,1 2 23 24 25 26 27 29 30 31 32 33 34 35 36 37 41 42 43 44 45 50 51 52 53 55 56 57 58 59 60 61 62 63 64 65 66 67 68 69 70 71 72 73 74 75 76 77 78 79 80 81 82 83 84 85 86 91 92 93 94 95 111 123,37240.0,False
base,active,448628.0,449169.0,449202.0,22 47 54 102,37280.0,False
base,active,448716.0,449202.0,449237.0,22 47 54 102,37281.0,False
base,active,449175.0,449237.0,449244.0,22,37289.0,False
base,active,449188.0,449237.0,449245.0,47,37290.0,False
base,active,,449237.0,449623.0,54 102,-1.0,
base,active,,449244.0,449623.0,22,-1.0,
base,active,,449245.0,449623.0,47,-1.0,
base,active,444597.0,449471.0,449623.0,0 4 6 9 10 11 12 46,37213.0,False
base,active,448757.0,449623.0,449747.0,0 4 6 9 22 47 54 102,37282.0,False
base,active,,449623.0,449802.0,10 11 12 46,-1.0,
base,active,,449747.0,449802.0,0 4 6 9 22 47 54 102,-1.0,
base,active,448918.0,449802.0,449974.0,0 4 6 9 10 11 12 22 46 47 54 102 114 115 116 124,37285.0,False
base,active,446889.0,449914.0,450460.0,28 40,37251.0,False
base,active,447307.0,449931.0,450191.0,1 2 23 24 25 26 27 29 30 31 32 33 34 35 36 37 41 42 43 44 45 50 51 52 53 55 56 57 58 59 60 61 62 63 64 65 66 67 68 69 70 71 72 73 74 75 76 77 78 79 80 81 82 83 84 85 86 91 92 93 94 95 111 123,37257.0,False
base,active,449112.0,449974.0,461140.0,0 4 6 9 10 11 12 22 46 47 54 102 114 115 116 124,37287.0,False
base,active,447665.0,450191.0,450700.0,1 2 23 24 25 26 27 29 30 31 32 33 34 35 36 37 41 42 43 44 45 50 51 52 53 55 56 57 58 59 60 61 62 63 64 65 66 67 68 69 70 71 72 73 74 75 76 77 78 79 80 81 82 83 84 85 86 91 92 93 94 95 111 123,37264.0,False
base,active,,450460.0,450700.0,28 40,-1.0,
base,active,448471.0,450700.0,450869.0,60 61 62 63 64 65 66 67 68 69 70 71 72 73 74 75 76 77 78 79 80 81 82 83 84 85 86 91 92 93 94 95,37275.0,False
base,active,,450700.0,450869.0,111 123,-1.0,
base,active,448176.0,450700.0,451107.0,1 2 23 24 25 26 27 28 29 30 31 32 33 34 35 36 37 40 41 42 43 44 45 50 51 52 53 55 56 57 58 59,37272.0,False
base,active,,450869.0,451107.0,94 95,-1.0,
base,active,448588.0,450869.0,451300.0,60 61 62 63 64 65 66 67 68 69 70 71 72 73 74 75 76 77 78 79 80 81 82 83 84 85 86 91 92 93 111 123,37278.0,False
base,active,,451107.0,451300.0,58 59,-1.0,
base,active,448890.0,451107.0,451358.0,1 2 23 24 25 26 27 28 29 30 31 32 33 34 35 36 37 40 41 42 43 44 45 50 51 52 53 55 56 57 94 95,37284.0,False
base,active,,451300.0,451358.0,111 123,-1.0,
base,active,449031.0,451300.0,451655.0,58 59 60 61 62 63 64 65 66 67 68 69 70 71 72 73 74 75 76 77 78 79 80 81 82 83 84 85 86 91 92 93,37286.0,False
base,active,449303.0,451358.0,451523.0,1 2 23 24 25 26 27 28 29 30 31 32 33 34 35 36 37 40 41 42 43 44 45 50 51 52 53 55 56 57 111 123,37291.0,False
base,active,,451358.0,451523.0,94 95,-1.0,
base,active,,451372.0,451523.0,3 15,-1.0,
base,active,,451446.0,451523.0,18 19 20 21,-1.0,
base,active,,451523.0,451655.0,51 52 53 55 56 57 111 123,-1.0,
base,active,449401.0,451523.0,462400.0,1 2 3 15 18 19 20 21 23 24 25 26 27 28 29 30 31 32 33 34 35 36 37 40 41 42 43 44 45 50 94 95,37292.0,False
base,active,450448.0,451655.0,451879.0,51 52 53 55 56 57 58 59 60 61 62 63 64 65 66 67 68 69 70 71 72 73 74 75 76 77 78 79 80 81 111 123,37295.0,False
base,active,,451655.0,451879.0,82 83 84 85 86 91 92 93,-1.0,
base,active,,451879.0,452341.0,76,-1.0,
base,active,,451879.0,452695.0,77,-1.0,
base,active,,451879.0,452696.0,78,-1.0,
base,active,,451879.0,452779.0,79 80 81 111 123,-1.0,
base,active,451282.0,451879.0,453287.0,51 52 53 55 56 57 58 59 60 61 62 63 64 65 66 67 68 69 70 71 72 73 74 75 82 83 84 85 86 91 92 93,37300.0,False
base,active,452341.0,452341.0,452360.0,76,37304.0,False
base,active,,452360.0,453260.0,76,-1.0,
base,active,452695.0,452695.0,452718.0,77,37306.0,False
base,active,452696.0,452696.0,452707.0,78,37307.0,False
base,active,,452707.0,453287.0,78,-1.0,
base,active,,452718.0,453287.0,77,-1.0,
base,switching_off,,452779.0,454579.0,79 80 81 111 123,-2.0,
base,switching_off,,453260.0,455060.0,76,-2.0,
base,active,452835.0,453287.0,453614.0,51 52 53 55 56 57 58 59 60 61 62 63 64 65 66 67 68 69 70 71 72 73 74 75 77 78 82 83 84 85 86 91,37310.0,False
base,active,,453287.0,453614.0,92 93,-1.0,
base,active,,453614.0,454514.0,86 91,-1.0,
base,active,453454.0,453614.0,454935.0,51 52 53 55 56 57 58 59 60 61 62 63 64 65 66 67 68 69 70 71 72 73 74 75 77 78 82 83 84 85 92 93,37314.0,False
base,switching_off,,454514.0,456314.0,86 91,-2.0,
base,sleeping,,454579.0,454776.0,79,-4.0,
base,sleeping,,454579.0,457494.0,80,-4.0,
base,sleeping,,454579.0,457635.0,81,-4.0,
base,sleeping,,454579.0,458012.0,111,-4.0,
base,sleeping,,454579.0,477066.0,123,-4.0,
base,switching_on,,454776.0,457476.0,79,-3.0,
base,active,,454935.0,455835.0,51 52 53 55 56 57 58 59 60 61 62 63 64 65 66 67 68 69 70 71 72 73 74 75 77 78 82 83 84 85 92 93,-1.0,
base,sleeping,,455060.0,457494.0,76,-4.0,
base,switching_off,,455835.0,457635.0,51 52 53 55 56 57 58 59 60 61 62 63 64 65 66 67 68 69 70 71 72 73 74 75 77 78 82 83 84 85 92 93,-2.0,
base,sleeping,,456314.0,457635.0,86 91,-4.0,
base,active,454776.0,457476.0,457494.0,79,37322.0,False
base,active,,457494.0,458394.0,79,-1.0,
base,switching_on,,457494.0,460194.0,76 80,-3.0,
base,sleeping,,457635.0,457751.0,92,-4.0,
base,sleeping,,457635.0,458012.0,93,-4.0,
base,switching_on,,457635.0,460335.0,51 52 53 55 56 57 58 59 60 61 62 63 64 65 66 67 68 69 70 71 72 73 74 75 77 78 81 82 83 84 85 86 91,-3.0,
base,switching_on,,457751.0,460451.0,92,-3.0,
base,active,,457874.0,458774.0,38 39 117 118 119 120 121 127,-1.0,
base,switching_on,,458012.0,460712.0,93 111,-3.0,
base,switching_off,,458394.0,460194.0,79,-2.0,
base,switching_off,,458774.0,460574.0,38 39 117 118 119 120 121 127,-2.0,
base,active,456038.0,459966.0,460108.0,5 7 8 13 14 16 17 48 49 87 88 89 90 96 97 98 99 100 101 103 104 105 106 107 108 109 110 112 113 122 125 126,37329.0,False
base,active,456743.0,460108.0,460294.0,5 7 8 13 14 16 17 48 49 87 88 89 90 96 97 98,37342.0,False
base,active,,460108.0,460294.0,99 100 101 103 104 105 106 107 108 109 110 112 113 122 125 126,-1.0,
base,active,456822.0,460194.0,460214.0,80,37344.0,False
base,active,456643.0,460194.0,460242.0,76,37339.0,False
base,sleeping,,460194.0,477066.0,79,-4.0,
base,active,,460214.0,460294.0,80,-1.0,
base,active,,460242.0,460294.0,76,-1.0,
base,active,458628.0,460294.0,460510.0,5 7 8 13 14 16 17 48 49 76 80 87 88 89 90 96 99 100 101 103 104 105 106 107 108 109 110 112 113 122 125 126,37363.0,False
base,active,,460294.0,461194.0,97 98,-1.0,
base,active,455961.0,460335.0,460383.0,51 52 53 55 56 57 58 59 60 61 62 63 64 65 66 67 68 69 70 71 72 73 74 75 77 78 81 82 83 84 85 86,37326.0,False
base,active,457635.0,460335.0,460427.0,91,37350.0,False
base,active,,460383.0,461283.0,51 52 53 55 56 57 58 59 60 61 62 63 64 65 66 67 68 69 70 71 72 73 74 75 77 78 81 82 83 84 85 86,-1.0,
base,active,,460427.0,461327.0,91,-1.0,
base,active,457751.0,460451.0,460556.0,92,37352.0,False
base,active,,460510.0,461410.0,5 7 8 13 14 16 17 48 49 76 80 87 88 89 90 96 99 100 101 103 104 105 106 107 108 109 110 112 113 122 125 126,-1.0,
base,active,,460556.0,461456.0,92,-1.0,
base,sleeping,,460574.0,467042.0,38 39,-4.0,
base,sleeping,,460574.0,477066.0,117 118 119 120 121 127,-4.0,
base,active,458012.0,460712.0,460803.0,93 111,37357.0,False
base,active,,460803.0,461703.0,93 111,-1.0,
base,active,,461140.0,462040.0,0 4 6 9 10 11 12 22 46 47 54 102 114 115 116 124,-1.0,
base,switching_off,,461194.0,462994.0,97 98,-2.0,
base,switching_off,,461283.0,463083.0,51 52 53 55 56 57 58 59 60 61 62 63 64 65 66 67 68 69 70 71 72 73 74 75 77 78 81 82 83 84 85 86,-2.0,
base,switching_off,,461327.0,463127.0,91,-2.0,
base,switching_off,,461410.0,463210.0,5 7 8 13 14 16 17 48 49 76 80 87 88 89 90 96 99 100 101 103 104 105 106 107 108 109 110 112 113 122 125 126,-2.0,
base,switching_off,,461456.0,463256.0,92,-2.0,
base,switching_off,,461703.0,463503.0,93 111,-2.0,
base,switching_off,,462040.0,463840.0,0 4 6 9 10 11 12 22 46 47 54 102 114 115 116 124,-2.0,
base,active,,462400.0,463300.0,1 2 3 15 18 19 20 21 23 24 25 26 27 28 29 30 31 32 33 34 35 36 37 40 41 42 43 44 45 50 94 95,-1.0,
base,sleeping,,462994.0,477066.0,97 98,-4.0,
base,sleeping,,463083.0,467042.0,51 52 53 55 56 57 58 59 60 61 62 63,-4.0,
base,sleeping,,463083.0,467927.0,64 65 66 67,-4.0,
base,sleeping,,463083.0,467949.0,68 69,-4.0,
base,sleeping,,463083.0,470041.0,70 71 72 73,-4.0,
base,sleeping,,463083.0,470062.0,74 75,-4.0,
base,sleeping,,463083.0,477066.0,77 78 81 82 83 84 85 86,-4.0,
base,sleeping,,463127.0,477066.0,91,-4.0,
base,sleeping,,463210.0,467042.0,5 7 8 13 14 16 17 48 49,-4.0,
base,sleeping,,463210.0,477066.0,76 80 87 88 89 90 96 99 100 101 103 104 105 106 107 108 109 110 112 113 122 125 126,-4.0,
base,sleeping,,463256.0,477066.0,92,-4.0,
base,switching_off,,463300.0,465100.0,1 2 3 15 18 19 20 21 23 24 25 26 27 28 29 30 31 32 33 34 35 36 37 40 41 42 43 44 45 50 94 95,-2.0,
base,sleeping,,463503.0,477066.0,93 111,-4.0,
base,sleeping,,463840.0,467042.0,0 4 6 9 10 11 12 22 46 47 54,-4.0,
base,sleeping,,463840.0,477066.0,102 114 115 116 124,-4.0,
base,sleeping,,465100.0,467042.0,1 2 3 15 18 19 20 21 23 24 25 26 27 28 29 30 31 32 33 34 35 36 37 40 41 42 43 44 45 50,-4.0,
base,sleeping,,465100.0,477066.0,94 95,-4.0,
base,switching_on,,467042.0,469742.0,0 1 2 3 4 5 6 7 8 9 10 11 12 13 14 15 16 17 18 19 20 21 22 23 24 25 26 27 28 29 30 31 32 33 34 35 36 37 38 39 40 41 42 43 44 45 46 47 48 49 50 51 52 53 54 55 56 57 58 59 60 61 62 63,-3.0,
base,switching_on,,467927.0,470627.0,64 65 66 67,-3.0,
base,switching_on,,467949.0,470649.0,68 69,-3.0,
base,active,467042.0,469742.0,474357.0,0 1 2 3 4 5 6 7 8 9 10 11 12 13 14 15 16 17 18 19 20 21 22 23 24 25 26 27 28 29 30 31 32 33 34 35 36 37 38 39 40 41 42 43 44 45 46 47 48 49 50 51 52 53 54 55 56 57 58 59 60 61 62 63,37377.0,False
base,switching_on,,470041.0,472741.0,70 71 72 73,-3.0,
base,switching_on,,470062.0,472762.0,74 75,-3.0,
base,active,467927.0,470627.0,472664.0,64 65 66 67,37378.0,False
base,active,467949.0,470649.0,472666.0,68 69,37379.0,False
base,active,,472664.0,473564.0,64 65 66 67,-1.0,
base,active,,472666.0,473566.0,68 69,-1.0,
base,active,470041.0,472741.0,474366.0,70 71 72 73,37380.0,False
base,active,470062.0,472762.0,474363.0,74 75,37381.0,False
base,switching_off,,473564.0,475364.0,64 65 66 67,-2.0,
base,switching_off,,473566.0,475366.0,68 69,-2.0,
base,active,,474357.0,475257.0,0 1 2 3 4 5 6 7 8 9 10 11 12 13 14 15 16 17 18 19 20 21 22 23 24 25 26 27 28 29 30 31 32 33 34 35 36 37 38 39 40 41 42 43 44 45 46 47 48 49 50 51 52 53 54 55 56 57 58 59 60 61 62 63,-1.0,
base,active,,474363.0,475263.0,74 75,-1.0,
base,active,,474366.0,475266.0,70 71 72 73,-1.0,
base,switching_off,,475257.0,477057.0,0 1 2 3 4 5 6 7 8 9 10 11 12 13 14 15 16 17 18 19 20 21 22 23 24 25 26 27 28 29 30 31 32 33 34 35 36 37 38 39 40 41 42 43 44 45 46 47 48 49 50 51 52 53 54 55 56 57 58 59 60 61 62 63,-2.0,
base,switching_off,,475263.0,477063.0,74 75,-2.0,
base,switching_off,,475266.0,477066.0,70 71 72 73,-2.0,
base,sleeping,,475364.0,477066.0,64 65 66 67,-4.0,
base,sleeping,,475366.0,477066.0,68 69,-4.0,
base,sleeping,,477057.0,477066.0,0 1 2 3 4 5 6 7 8 9 10 11 12 13 14 15 16 17 18 19 20 21 22 23 24 25 26 27 28 29 30 31 32 33 34 35 36 37 38 39 40 41 42 43 44 45 46 47 48 49 50 51 52 53 54 55 56 57 58 59 60 61 62 63,-4.0,
base,sleeping,,477063.0,477066.0,74 75,-4.0,
base,switching_on,,477066.0,479766.0,0 1 2 3 4 5 6 7 8 9 10 11 12 13 14 15 16 17 18 19 20 21 22 23 24 25 26 27 28 29 30 31 32 33 34 35 36 37 38 39 40 41 42 43 44 45 46 47 48 49 50 51 52 53 54 55 56 57 58 59 60 61 62 63 64 65 66 67 68 69 70 71 72 73 74 75 76 77 78 79 80 81 82 83 84 85 86 87 88 89 90 91 92 93 94 95 96 97 98 99 100 101 102 103 104 105 106 107 108 109 110 111 112 113 114 115 116 117 118 119 120 121 122 123 124 125 126 127,-3.0,
base,active,471669.0,479766.0,479852.0,0 1 2 3 4 5 6 7 8 9 10 11 12 13 14 15 16 17 18 19 20 21 22 23 24 25 26 27 28 29 30 31 32 33 34 35 36 37 38 39 40 41 42 43 44 45 46 47 48 49 50 51 52 53 54 55 56 57 58 59 60 61 62 63 64 65 66 67 68 69 70 71 72 73 74 75 76 77 78 79 80 81 82 83 84 85 86 87 88 89 90 91 92 93 94 95 96 97 98 99 100 101 102 103 104 105 106 107 108 109 110 111 112 113 114 115 116 117 118 119 120 121 122 123 124 125 126 127,37382.0,False
base,active,471765.0,479852.0,490787.0,0 1 2 3 4 5 6 7 8 9 10 11 12 13 14 15 16 17 18 19 20 21 22 23 24 25 26 27 28 29 30 31 32 33 34 35 36 37 38 39 40 41 42 43 44 45 46 47 48 49 50 51 52 53 54 55 56 57 58 59 60 61 62 63 64 65 66 67 68 69 70 71 72 73 74 75 76 77 78 79 80 81 82 83 84 85 86 87 88 89 90 91 92 93 94 95 96 97 98 99 100 101 102 103 104 105 106 107 108 109 110 111 112 113 114 115 116 117 118 119 120 121 122 123 124 125 126 127,37383.0,False
base,active,,490787.0,491687.0,64 65 66 67 68 69 70 71 72 73 74 75 76 77 78 79 80 81 82 83 84 85 86 87 88 89 90 91 92 93 94 95 96 97 98 99 100 101 102 103 104 105 106 107 108 109 110 111 112 113 114 115 116 117 118 119 120 121 122 123 124 125 126 127,-1.0,
base,active,482706.0,490787.0,501711.0,0 1 2 3 4 5 6 7 8 9 10 11 12 13 14 15 16 17 18 19 20 21 22 23 24 25 26 27 28 29 30 31 32 33 34 35 36 37 38 39 40 41 42 43 44 45 46 47 48 49 50 51 52 53 54 55 56 57 58 59 60 61 62 63,37384.0,False
base,switching_off,,491687.0,493487.0,64 65 66 67 68 69 70 71 72 73 74 75 76 77 78 79 80 81 82 83 84 85 86 87 88 89 90 91 92 93 94 95 96 97 98 99 100 101 102 103 104 105 106 107 108 109 110 111 112 113 114 115 116 117 118 119 120 121 122 123 124 125 126 127,-2.0,
base,sleeping,,493487.0,499301.0,64 65 66 67 68 69 70 71 72 73 74 75 76 77 78 79 80 81 82 83 84 85 86 87 88 89 90 91 92 93 94 95,-4.0,
base,sleeping,,493487.0,500168.0,96 97 98 99 100 101 102 103 104 105 106 107 108 109 110 111 112 113 114 115 116 117 118 119 120 121 122 123 124 125 126 127,-4.0,
base,switching_on,,499301.0,502001.0,64 65 66 67 68 69 70 71 72 73 74 75 76 77 78 79 80 81 82 83 84 85 86 87 88 89 90 91 92 93 94 95,-3.0,
base,switching_on,,500168.0,502868.0,96 97 98 99 100 101 102 103 104 105 106 107 108 109 110 111 112 113 114 115 116 117 118 119 120 121 122 123 124 125 126 127,-3.0,
base,active,501211.0,501711.0,501755.0,56 57 58 59,37608.0,False
base,active,,501711.0,501755.0,60 61 62 63,-1.0,
base,active,501071.0,501711.0,501773.0,48 49 50 51 52 53 54 55,37605.0,False
base,active,500720.0,501711.0,501783.0,0 1 2 3 4 5 6 7 8 9 10 11 12 13 14 15,37602.0,False
base,active,500947.0,501711.0,501789.0,16 17 18 19 20 21 22 23 24 25 26 27 28 29 30 31 32 33 34 35 36 37 38 39 40 41 42 43 44 45 46 47,37604.0,False
base,active,501295.0,501755.0,501807.0,56 57 58 59 60 61 62 63,37610.0,False
base,active,,501773.0,501789.0,48 49 50 51 52 53 54 55,-1.0,
base,active,,501783.0,501789.0,0 1 2 3 4 5 6 7 8 9 10 11 12 13 14 15,-1.0,
base,active,,501789.0,501807.0,24 25 26 27 28 29 30 31 32 33 34 35 36 37 38 39 40 41 42 43 44 45 46 47,-1.0,
base,active,501400.0,501789.0,501901.0,0 1 2 3 4 5 6 7 8 9 10 11 12 13 14 15 16 17 18 19 20 21 22 23 48 49 50 51 52 53 54 55,37613.0,False
base,active,501565.0,501807.0,501827.0,24 25 26 27 28 29 30 31 32 33 34 35 36 37 38 39 40 41 42 43 44 45 46 47 56 57 58 59 60 61 62 63,37615.0,False
base,active,501708.0,501827.0,501868.0,24 25 26 27 28 29 30 31 32 33 34 35 36 37 38 39 40 41 42 43 44 45 46 47 56 57 58 59 60 61 62 63,37616.0,False
base,active,,501868.0,501965.0,24 25 26 27 28 29 30 31 32 33 34 35 36 37 38 39 40 41 42 43 44 45 46 47 56 57 58 59 60 61 62 63,-1.0,
base,active,,501901.0,502079.0,0 1 2 3 4 5 6 7 8 9 10 11 12 13 14 15 16 17 18 19 20 21 22 23 48 49 50 51 52 53 54 55,-1.0,
base,active,501965.0,501965.0,502056.0,24 25 26 27 28 29 30 31 32 33 34 35 36 37 38 39 40 41 42 43 44 45 46 47 56 57 58 59 60 61 62 63,37622.0,False
base,active,499301.0,502001.0,502089.0,64 65 66 67 68 69 70 71 72 73 74 75 76 77 78 79 80 81 82 83 84 85 86 87 88 89 90 91 92 93 94 95,37587.0,False
base,active,,502056.0,502547.0,24,-1.0,
base,active,,502056.0,502684.0,25 26 27 28 29 30 31 32 33 34 35 36 37 38 39 40 41 42 43 44 45 46 47 56 57 58 59 60 61 62 63,-1.0,
base,active,502079.0,502079.0,502372.0,0 1 2 3 4 5 6 7 8 9 10 11 12 13 14 15 16 17 18 19 20 21 22 23 48 49 50 51 52 53 54 55,37623.0,False
base,active,,502089.0,502684.0,64,-1.0,
base,active,,502089.0,502729.0,65 66 67 68 69 70 71 72 73 74 75 76 77 78 79 80 81 82 83 84 85 86 87 88 89 90 91 92 93 94 95,-1.0,
base,active,,502372.0,502729.0,0,-1.0,
base,active,,502372.0,502773.0,1,-1.0,
base,active,,502372.0,503164.0,2 3 4 5 6 7 8 9 10 11 12 13 14 15 16 17 18 19 20 21 22 23 48 49 50 51 52 53 54 55,-1.0,
base,active,502547.0,502547.0,502587.0,24,37630.0,False
base,active,,502587.0,503164.0,24,-1.0,
base,active,502684.0,502684.0,502690.0,25 26 27 28 29 30 31 32 33 34 35 36 37 38 39 40 41 42 43 44 45 46 47 56 57 58 59 60 61 62 63 64,37631.0,False
base,active,,502690.0,503164.0,25,-1.0,
base,active,,502690.0,503186.0,26 27 28 29 30 31 32 33,-1.0,
base,active,,502690.0,503274.0,34,-1.0,
base,active,,502690.0,503278.0,35,-1.0,
base,active,,502690.0,503337.0,36,-1.0,
base,active,,502690.0,503417.0,37,-1.0,
base,active,,502690.0,503590.0,38 39 40 41 42 43 44 45 46 47 56 57 58 59 60 61 62 63 64,-1.0,
base,active,502729.0,502729.0,502872.0,0 65 66 67 68 69 70 71 72 73 74 75 76 77 78 79 80 81 82 83 84 85 86 87 88 89 90 91 92 93 94 95,37633.0,False
base,active,502773.0,502773.0,502800.0,1,37634.0,False
base,active,,502800.0,503649.0,1,-1.0,
base,active,500168.0,502868.0,502888.0,96 97 98 99 100 101 102 103 104 105 106 107 108 109 110 111 112 113 114 115 116 117 118 119 120 121 122 123 124 125 126 127,37595.0,False
base,active,,502872.0,503649.0,0 65 66 67 68 69 70 71 72 73 74 75 76 77 78 79 80 81 82 83 84 85 86 87 88 89 90 91 92 93 94 95,-1.0,
base,active,,502888.0,503649.0,96 97 98 99 100 101 102 103 104 105 106 107 108 109 110 111 112 113 114 115 116 117 118 119 120 121 122 123 124 125 126,-1.0,
base,active,,502888.0,503788.0,127,-1.0,
base,active,503164.0,503164.0,505645.0,2 3 4 5 6 7 8 9 10 11 12 13 14 15 16 17 18 19 20 21 22 23 24 25 48 49 50 51 52 53 54 55,37640.0,False
base,active,503186.0,503186.0,505645.0,26 27 28 29 30 31 32 33,37641.0,False
base,active,503274.0,503274.0,503278.0,34,37642.0,False
base,active,503278.0,503278.0,503299.0,35,37643.0,False
base,active,,503278.0,503789.0,34,-1.0,
base,active,,503299.0,504199.0,35,-1.0,
base,active,503337.0,503337.0,503357.0,36,37644.0,False
base,active,,503357.0,504257.0,36,-1.0,
base,active,503417.0,503417.0,503441.0,37,37645.0,False
base,active,,503441.0,504341.0,37,-1.0,
base,switching_off,,503590.0,505390.0,38 39 40 41 42 43 44 45 46 47 56 57 58 59 60 61 62 63 64,-2.0,
base,active,503649.0,503649.0,506243.0,0 1 65 66 67 68 69 70 71 72 73 74 75 76 77 78 79 80 81 82 83 84 85 86 87 88 89 90 91 92 93 94 95 96 97 98 99 100 101 102 103 104 105 106 107 108 109 110 111 112 113 114 115 116 117 118 119 120 121 122 123 124 125 126,37648.0,False
base,switching_off,,503788.0,505588.0,127,-2.0,
base,active,503789.0,503789.0,503924.0,34,37650.0,False
base,active,,503924.0,504637.0,34,-1.0,
base,switching_off,,504199.0,505999.0,35,-2.0,
base,switching_off,,504257.0,506057.0,36,-2.0,
base,switching_off,,504341.0,506141.0,37,-2.0,
base,active,504637.0,504637.0,504660.0,34,37661.0,False
base,active,,504660.0,508090.0,34,-1.0,
base,switching_on,,505390.0,508090.0,38 39 40 41 42 43 44 45 46 47 56 57 58 59 60 61 62 63 64,-3.0,
base,sleeping,,505588.0,508716.0,127,-4.0,
base,active,,505645.0,505868.0,10 11 12 13 14 15 16 17 18 19 20 21 22 23 24 25 26 27 28 29 30 31 32 33 48 49 50 51 52 53 54 55,-1.0,
base,active,505499.0,505645.0,506110.0,2 3 4 5 6 7 8 9,37667.0,False
base,active,505868.0,505868.0,506340.0,10 11 12 13 14 15 16 17 18 19 20 21 22 23 24 25 26 27 28 29 30 31 32 33 48 49 50 51 52 53 54 55,37673.0,False
base,sleeping,,505999.0,508716.0,35,-4.0,
base,sleeping,,506057.0,508716.0,36,-4.0,
base,active,505890.0,506110.0,506560.0,2 3 4 5 6 7 8 9,37674.0,False
base,sleeping,,506141.0,508716.0,37,-4.0,
base,active,,506243.0,506248.0,79,-1.0,
base,active,,506243.0,506249.0,80 81 82 83 84 85 86 87 88 89 90 91 92 93 94 95 96 97 98 99 100 101 102 103 104 105 106 107 108 109 110 111,-1.0,
base,active,,506243.0,506262.0,112,-1.0,
base,active,,506243.0,506333.0,113,-1.0,
base,active,,506243.0,506375.0,114,-1.0,
base,active,,506243.0,506573.0,115 116 117 118 119 120 121 122 123 124 125 126,-1.0,
base,active,506112.0,506243.0,506659.0,0 1 65 66 67 68 69 70 71 72 73 74 75 76 77 78,37676.0,False
base,active,506248.0,506248.0,506301.0,79,37678.0,False
base,active,506249.0,506249.0,506494.0,80 81 82 83 84 85 86 87 88 89 90 91 92 93 94 95 96 97 98 99 100 101 102 103 104 105 106 107 108 109 110 111,37679.0,False
base,active,506262.0,506262.0,506291.0,112,37680.0,False
base,active,,506291.0,506573.0,112,-1.0,
base,active,,506301.0,506573.0,79,-1.0,
base,active,506333.0,506333.0,506351.0,113,37681.0,False
base,active,,506340.0,506573.0,10 11 12 13 14 15 16 17 18 19 20 21 22 23 24 25 26 27,-1.0,
base,active,,506340.0,506603.0,28 29 30 31 32 33 48 49,-1.0,
base,active,,506340.0,506614.0,50,-1.0,
base,active,,506340.0,506726.0,51 52 53 54 55,-1.0,
base,active,,506351.0,506726.0,113,-1.0,
base,active,506375.0,506375.0,506393.0,114,37682.0,False
base,active,,506393.0,506726.0,114,-1.0,
base,active,,506494.0,506726.0,80 81 82 83 84 85 86 87 88 89 90 91 92 93 94 95 96 97 98 99 100 101 102 103 104 105 106 107 108 109 110 111,-1.0,
base,active,,506560.0,506726.0,2 3 4 5 6 7 8 9,-1.0,
base,active,506573.0,506573.0,507172.0,10 11 12 13 14 15 16 17 18 19 20 21 22 23 24 25 26 27 79 112 115 116 117 118 119 120 121 122 123 124 125 126,37685.0,False
base,active,506603.0,506603.0,507173.0,28 29 30 31 32 33 48 49,37687.0,False
base,active,506614.0,506614.0,506659.0,50,37688.0,False
base,active,,506659.0,506726.0,0 1 50 65 66 67 68 69 70 71 72 73 74 75 76 77 78,-1.0,
base,active,506726.0,506726.0,508155.0,0 1 2 3 4 5 6 7 8 9 50 51 52 53 54 55 65 66 67 68 69 70 71 72 73 74 75 76 77 78 80 81 82 83 84 85 86 87 88 89 90 91 92 93 94 95 96 97 98 99 100 101 102 103 104 105 106 107 108 109 110 111 113 114,37691.0,False
base,active,,507172.0,507554.0,10 11 12 13 14 15 16 17 18 19 20 21 22 23 24 25,-1.0,
base,active,,507172.0,507709.0,26 27 79 112 115 116 117 118 119 120 121 122 123 124 125 126,-1.0,
base,active,,507173.0,507709.0,28 29 30 31 32 33 48 49,-1.0,
base,active,507554.0,507554.0,507709.0,10 11 12 13 14 15 16 17 18 19 20 21 22 23 24 25,37695.0,False
base,active,507620.0,507709.0,507741.0,10 11 12 13 14 15 16 17 26 27 28 29 30 31 32 33 48 49 79 112 115 116 117 118 119 120 121 122 123 124 125 126,37696.0,False
base,active,,507709.0,507756.0,18 19 20 21 22 23 24 25,-1.0,
base,active,,507741.0,507756.0,10 11 12 13 14 15 16 17 26 27 28 29 30 31 32 33 48 49 79 112 115 116 117 118,-1.0,
base,active,,507741.0,507794.0,119 120 121 122 123 124 125 126,-1.0,
base,active,507756.0,507756.0,508058.0,10 11 12 13 14 15 16 17 18 19 20 21 22 23 24 25 26 27 28 29 30 31 32 33 48 49 79 112 115 116 117 118,37697.0,False
base,active,507794.0,507794.0,508060.0,119 120 121 122 123 124 125 126,37699.0,False
base,active,,508058.0,508159.0,26,-1.0,
base,active,508012.0,508058.0,508197.0,10 11 12 13 14 15 16 17 18 19 20 21 22 23 24 25,37700.0,False
base,active,,508058.0,508284.0,27 28 29 30 31 32 33 48 49 79 112 115 116 117 118,-1.0,
base,active,,508060.0,508284.0,119,-1.0,
base,active,,508060.0,508324.0,120 121 122 123 124 125 126,-1.0,
base,active,504705.0,508090.0,508162.0,38 39 40 41,37662.0,False
base,active,505076.0,508090.0,508496.0,34 42 43 44 45 46 47 56 57 58 59 60 61 62 63 64,37664.0,False
base,active,,508155.0,508324.0,0 1 2 3 4 5 6 7 8 9 50 51 52 53 54 55 65 66 67 68 69 70 71 72 73,-1.0,
base,active,,508155.0,508352.0,74 75 76 77 78 80 81 82,-1.0,
base,active,,508155.0,508522.0,83 84 85 86 87 88 89 90 91 92 93 94 95 96 97 98 99 100 101 102 103 104 105 106 107 108 109 110 111 113 114,-1.0,
base,active,508159.0,508159.0,508173.0,26,37701.0,False
base,active,,508162.0,508522.0,38 39 40 41,-1.0,
base,active,,508173.0,508522.0,26,-1.0,
base,active,,508197.0,508522.0,10 11 12 13 14 15 16 17 18 19 20 21 22 23 24 25,-1.0,
base,active,508284.0,508284.0,508633.0,27 28 29 30 31 32 33 48 49 79 112 115 116 117 118 119,37703.0,False
base,active,508324.0,508324.0,508550.0,0 1 2 3 4 5 6 7 8 9 50 51 52 53 54 55 65 66 67 68 69 70 71 72 73 120 121 122 123 124 125 126,37704.0,False
base,active,508352.0,508352.0,508552.0,74 75 76 77 78 80 81 82,37705.0,False
base,active,,508496.0,508522.0,34 42 43 44 45 46 47 56 57 58 59 60,-1.0,
base,active,,508496.0,508610.0,61,-1.0,
base,active,,508496.0,508620.0,62,-1.0,
base,active,,508496.0,508711.0,63 64,-1.0,
base,active,508522.0,508522.0,508648.0,10 11 12 13 14 15 16 17 18 19 20 21 22 23 24 25 26 34 38 39 40 41 42 43 44 45 46 47 56 57 58 59 60 83 84 85 86 87 88 89 90 91 92 93 94 95 96 97 98 99 100 101 102 103 104 105 106 107 108 109 110 111 113 114,37706.0,False
base,active,,508550.0,508711.0,0 1 2 3 4 5 6 7 8 9 50 51 52 53 54 55 65 66 67 68 69 70 71 72 73 120 121 122 123 124 125 126,-1.0,
base,active,,508552.0,508711.0,74 75 76 77 78 80 81 82,-1.0,
base,active,508610.0,508610.0,508617.0,61,37707.0,False
base,active,,508617.0,508711.0,61,-1.0,
base,active,508620.0,508620.0,508632.0,62,37708.0,False
base,active,,508632.0,508711.0,62,-1.0,
base,active,,508633.0,508711.0,27 28 29 30 31 32 33 48 49 79 112 115 116 117 118 119,-1.0,
base,active,,508648.0,508711.0,10 11 12 13,-1.0,
base,active,,508648.0,511416.0,14 15 16 17 18 19 20 21 22 23 24 25 26 34 38 39 40 41 42 43 44 45 46 47 56 57 58 59 60 83 84 85 86 87 88 89 90 91 92 93 94 95 96 97 98 99 100 101 102 103 104 105 106 107 108 109 110 111 113 114,-1.0,
base,active,508711.0,508711.0,510146.0,0 1 2 3 4 5 6 7 8 9 10 11 12 13 27 28 29 30 31 32 33 48 49 50 51 52 53 54 55 61 62 63 64 65 66 67 68 69 70 71 72 73 74 75 76 77 78 79 80 81 82 112 115 116 117 118 119 120 121 122 123 124 125 126,37709.0,False
base,switching_on,,508716.0,511416.0,35 36 37 127,-3.0,
base,active,508885.0,510146.0,510259.0,0 1 2 3 4 5 6 7 8 9 10 11 12 13 27 28 29 30 31 32 33 48 49 50 51 52 53 54 55 61 62 63 64 65 66 67 68 69 70 71 72 73 74 75 76 77 78 79 80 81 82 112 115 116 117 118 119 120 121 122 123 124 125 126,37711.0,False
base,active,509027.0,510259.0,510366.0,0 1 2 3 4 5 6 7 8 9 10 11 12 13 27 28 29 30 31 32 33 48 49 50 51 52 53 54 55 61 62 63 64 65 66 67 68 69 70 71 72 73 74 75 76 77 78 79 80 81 82 112 115 116 117 118 119 120 121 122 123 124 125 126,37712.0,False
base,active,509154.0,510366.0,510471.0,0 1 2 3 4 5 6 7 8 9 10 11 12 13 27 28 29 30 31 32 33 48 49 50 51 52 53 54 55 61 62 63 64 65 66 67 68 69 70 71 72 73 74 75 76 77 78 79 80 81 82 112 115 116 117 118 119 120 121 122 123 124 125 126,37713.0,False
base,active,509823.0,510471.0,510558.0,117 118 119 120 121 122 123 124,37721.0,False
base,active,,510471.0,510558.0,125 126,-1.0,
base,active,509391.0,510471.0,510563.0,72 73 74 75 76 77 78 79,37717.0,False
base,active,509339.0,510471.0,510613.0,8 9 10 11 12 13 27 28 29 30 31 32 33 48 49 50 51 52 53 54 55 61 62 63 64 65 66 67 68 69 70 71,37716.0,False
base,active,509269.0,510471.0,510872.0,0 1 2 3,37714.0,False
base,active,509332.0,510471.0,511156.0,4 5 6 7,37715.0,False
base,active,509603.0,510471.0,512646.0,115 116,37719.0,False
base,active,509580.0,510471.0,512666.0,80 81 82 112,37718.0,False
base,active,,510558.0,510613.0,119 120 121 122 123 124,-1.0,
base,active,509945.0,510558.0,510947.0,117 118 125 126,37722.0,False
base,active,510216.0,510563.0,510584.0,73,37726.0,False
base,active,510148.0,510563.0,510587.0,72,37724.0,False
base,active,510380.0,510563.0,510609.0,76,37734.0,False
base,active,,510563.0,510613.0,77 78 79,-1.0,
base,active,510317.0,510563.0,510621.0,74,37731.0,False
base,active,510349.0,510563.0,510632.0,75,37732.0,False
base,active,,510584.0,510613.0,73,-1.0,
base,active,,510587.0,510613.0,72,-1.0,
base,active,,510609.0,510613.0,76,-1.0,
base,active,510134.0,510613.0,510634.0,8 9 10 11 12 13 27 28 29 30 31 32 33 48 49 50 51 52 53 54 72 73 76 77 78 79 119 120 121 122 123 124,37723.0,False
base,active,,510613.0,510952.0,55,-1.0,
base,active,,510613.0,511513.0,61 62 63 64 65 66 67 68 69 70 71,-1.0,
base,active,,510621.0,511521.0,74,-1.0,
base,active,,510632.0,511532.0,75,-1.0,
base,active,,510634.0,510756.0,29,-1.0,
base,active,,510634.0,510823.0,30,-1.0,
base,active,,510634.0,510952.0,31 32 33 48 49 50 51 52 53 54,-1.0,
base,active,510434.0,510634.0,511078.0,8 9 10 11 12 13 27 28,37735.0,False
base,active,,510634.0,511534.0,72 73 76 77 78 79 119 120 121 122 123 124,-1.0,
base,active,510756.0,510756.0,510792.0,29,37745.0,False
base,active,,510792.0,510952.0,29,-1.0,
base,active,510823.0,510823.0,510848.0,30,37748.0,False
base,active,,510848.0,510952.0,30,-1.0,
base,active,,510872.0,510952.0,0 1 2,-1.0,
base,active,,510872.0,511561.0,3,-1.0,
base,active,,510947.0,511561.0,117 118 125 126,-1.0,
base,active,510952.0,510952.0,511453.0,0 1 2 29 30 31 32 33 48 49 50 51 52 53 54 55,37752.0,False
base,active,,511078.0,511561.0,8 9 10 11 12 13 27 28,-1.0,
base,active,,511156.0,511561.0,4 5 6 7,-1.0,
base,active,508716.0,511416.0,511561.0,14 15 16 17 18 19 20 21 22 23 24 25 26 34 35 36 37 38 39 40 41 42 43 44 45 46 47 56 57 58 59 60 83 84 85 86 87 88 89 90 91 92 93 94 95 96 97 98 99 100 101 102 103 104 105 106 107 108 109 110 111 113 114 127,37710.0,False
base,active,,511453.0,511561.0,0 1 2 29 30 31 32 33 48 49 50 51 52 53 54 55,-1.0,
base,switching_off,,511513.0,513313.0,61 62 63 64 65 66 67 68 69 70 71,-2.0,
base,switching_off,,511521.0,513321.0,74,-2.0,
base,switching_off,,511532.0,513332.0,75,-2.0,
base,switching_off,,511534.0,513334.0,72 73 76 77 78 79 119 120 121 122 123 124,-2.0,
base,active,510162.0,511561.0,511605.0,0 1 2 3 4 5 6 7 8 9 10 11 12 13 14 15 16 17 18 19 20 21 22 23 24 25 26 27 28 29 30 31 32 33 34 35 36 37 38 39 40 41 42 43 44 45 46 47 48 49 50 51 52 53 54 55 56 57 58 59 117 118 125 126,37725.0,False
base,active,510257.0,511561.0,511721.0,60 83 84 85 86 87 88 89 90 91 92 93 94 95 96 97 98 99 100 101 102 103 104 105 106 107 108 109 110 111 113 114,37728.0,False
base,active,511561.0,511561.0,511881.0,127,37757.0,False
base,active,510218.0,511605.0,511662.0,0 1 2 3 4 5 6 7 8 9 10 11 12 13 14 15 16 17 18 19 20 21 22 23 24 25 26 27 28 29 30 31 32 33 34 35 36 37 38 39 40 41 42 43 44 45 46 47 48 49 50 51 52 53 54 55 56 57 58 59 117 118 125 126,37727.0,False
base,active,510291.0,511662.0,511729.0,0 1 2 3 4 5 6 7 8 9 10 11 12 13 14 15 16 17 18 19 20 21 22 23 24 25 26 27 28 29 30 31 32 33 34 35 36 37 38 39 40 41 42 43 44 45 46 47 48 49 50 51 52 53 54 55 56 57 58 59 117 118 125 126,37730.0,False
base,active,510620.0,511721.0,512119.0,60 83 84 85 86 87 88 89 90 91 92 93 94 95 96 97 98 99 100 101 102 103 104 105 106 107 108 109 110 111 113 114,37740.0,False
base,active,510372.0,511729.0,511796.0,0 1 2 3 4 5 6 7 8 9 10 11 12 13 14 15 16 17 18 19 20 21 22 23 24 25 26 27 28 29 30 31 32 33 34 35 36 37 38 39 40 41 42 43 44 45 46 47 48 49 50 51 52 53 54 55 56 57 58 59 117 118 125 126,37733.0,False
base,active,510459.0,511796.0,511832.0,0 1 2 3 4 5 6 7 8 9 10 11 12 13 14 15 16 17 18 19 20 21 22 23 24 25 26 27 28 29 30 31 32 33 34 35 36 37 38 39 40 41 42 43 44 45 46 47 48 49 50 51 52 53 54 55 56 57 58 59 117 118 125 126,37736.0,False
base,active,510507.0,511832.0,511863.0,0 1 2 3 4 5 6 7 8 9 10 11 12 13 14 15 16 17 18 19 20 21 22 23 24 25 26 27 28 29 30 31 32 33 34 35 36 37 38 39 40 41 42 43 44 45 46 47 48 49 50 51 52 53 54 55 56 57 58 59 117 118 125 126,37737.0,False
base,active,510547.0,511863.0,511893.0,0 1 2 3 4 5 6 7 8 9 10 11 12 13 14 15 16 17 18 19 20 21 22 23 24 25 26 27 28 29 30 31 32 33 34 35 36 37 38 39 40 41 42 43 44 45 46 47 48 49 50 51 52 53 54 55 56 57 58 59 117 118 125 126,37738.0,False
base,active,,511881.0,511893.0,127,-1.0,
base,active,510591.0,511893.0,511932.0,0 1 2 3 4 5 6 7 8 9 10 11 12 13 14 15 16 17 18 19 20 21 22 23 24 25 26 27 28 29 30 31 32 33 34 35 36 37 38 39 40 41 42 43 44 45 46 47 48 49 50 51 52 53 54 55 56 57 58 59 117 118 125 127,37739.0,False
base,active,,511893.0,511932.0,126,-1.0,
base,active,510652.0,511932.0,512002.0,0 1 2 3 4 5 6 7 8 9 10 11 12 13 14 15 16 17 18 19 20 21 22 23 24 25 26 27 28 29 30 31 32 33 34 35 36 37 38 39 40 41 42 43 44 45 46 47 48 49 50 51 52 53 54 55 56 57 58 59 117 118 125 126,37741.0,False
base,active,,511932.0,512002.0,127,-1.0,
base,active,510734.0,512002.0,512046.0,0 1 2 3 4 5 6 7 8 9 10 11 12 13 14 15 16 17 18 19 20 21 22 23 24 25 26 27 28 29 30 31 32 33 34 35 36 37 38 39 40 41 42 43 44 45 46 47 48 49 50 51 52 53 54 55 56 57 58 59 117 118 125 127,37743.0,False
base,active,,512002.0,512046.0,126,-1.0,
base,active,,512046.0,512119.0,127,-1.0,
base,active,510795.0,512046.0,512155.0,0 1 2 3 4 5 6 7 8 9 10 11 12 13 14 15 16 17 18 19 20 21 22 23 24 25 26 27 28 29 30 31 32 33 34 35 36 37 38 39 40 41 42 43 44 45 46 47 48 49 50 51 52 53 54 55 56 57 58 59 117 118 125 126,37747.0,False
base,active,,512119.0,512155.0,114,-1.0,
base,active,511144.0,512119.0,514654.0,60 83 84 85 86 87 88 89 90 91 92 93 94 95 96 97 98 99 100 101 102 103 104 105 106 107 108 109 110 111 113 127,37754.0,False
base,active,510915.0,512155.0,512261.0,0 1 2 3 4 5 6 7 8 9 10 11 12 13 14 15 16 17 18 19 20 21 22 23 24 25 26 27 28 29 30 31 32 33 34 35 36 37 38 39 40 41 42 43 44 45 46 47 48 49 50 51 52 53 54 55 56 57 58 59 114 117 118 125,37750.0,False
base,active,,512155.0,512261.0,126,-1.0,
base,active,511034.0,512261.0,512363.0,0 1 2 3 4 5 6 7 8 9 10 11 12 13 14 15 16 17 18 19 20 21 22 23 24 25 26 27 28 29 30 31 32 33 34 35 36 37 38 39 40 41 42 43 44 45 46 47 48 49 50 51 52 53 54 55 56 57 58 59 114 117 118 126,37753.0,False
base,active,,512261.0,512363.0,125,-1.0,
base,active,511154.0,512363.0,512473.0,0 1 2 3 4 5 6 7 8 9 10 11 12 13 14 15 16 17 18 19 20 21 22 23 24 25 26 27 28 29 30 31 32 33 34 35 36 37 38 39 40 41 42 43 44 45 46 47 48 49 50 51 52 53 54 55 56 57 58 59 114 117 118 125,37755.0,False
base,active,,512363.0,512473.0,126,-1.0,
base,active,511797.0,512473.0,512505.0,0 1 2 3 4 5 6 7 8 9 10 11 12 13 14 15 16 17 18 19 20 21 22 23 24 25 26 27 28 29 30 31 32 33 34 35 36 37 38 39 40 41 42 43 44 45 46 47 48 49 50 51 52 53 54 55 56 57 58 59 114 117 118 126,37758.0,False
base,active,,512473.0,512505.0,125,-1.0,
base,active,511860.0,512505.0,512506.0,0 1 2 3 4 5 6 7 8 9 10 11 12 13 14 15 16 17 18 19 20 21 22 23 24 25 26 27 28 29 30 31 32 33 34 35 36 37 38 39 40 41 42 43 44 45 46 47 48 49 50 51 52 53 54 55 56 57 58 59 114 117 118 125,37759.0,False
base,active,,512505.0,512506.0,126,-1.0,
base,active,511867.0,512506.0,512540.0,0 1 2 3 4 5 6 7 8 9 10 11 12 13 14 15 16 17 18 19 20 21 22 23 24 25 26 27 28 29 30 31 32 33 34 35 36 37 38 39 40 41 42 43 44 45 46 47 48 49 50 51 52 53 54 55 56 57 58 59 114 117 118 126,37760.0,False
base,active,,512506.0,512540.0,125,-1.0,
base,active,511943.0,512540.0,512583.0,0 1 2 3 4 5 6 7 8 9 10 11 12 13 14 15 16 17 18 19 20 21 22 23 24 25 26 27 28 29 30 31 32 33 34 35 36 37 38 39 40 41 42 43 44 45 46 47 48 49 50 51 52 53 54 55 56 57 58 59 114 117 118 125,37762.0,False
base,active,,512540.0,512583.0,126,-1.0,
base,active,512007.0,512583.0,512613.0,0 1 2 3 4 5 6 7 8 9 10 11 12 13 14 15 16 17 18 19 20 21 22 23 24 25 26 27 28 29 30 31 32 33 34 35 36 37 38 39 40 41 42 43 44 45 46 47 48 49 50 51 52 53 54 55 56 57 58 59 114 117 118 126,37764.0,False
base,active,,512583.0,512613.0,125,-1.0,
base,active,512065.0,512613.0,512645.0,0 1 2 3 4 5 6 7 8 9 10 11 12 13 14 15 16 17 18 19 20 21 22 23 24 25 26 27 28 29 30 31 32 33 34 35 36 37 38 39 40 41 42 43 44 45 46 47 48 49 50 51 52 53 54 55 56 57 58 59 114 117 118 125,37765.0,False
base,active,,512613.0,512645.0,126,-1.0,
base,active,,512645.0,512646.0,125,-1.0,
base,active,512113.0,512645.0,512677.0,0 1 2 3 4 5 6 7 8 9 10 11 12 13 14 15 16 17 18 19 20 21 22 23 24 25 26 27 28 29 30 31 32 33 34 35 36 37 38 39 40 41 42 43 44 45 46 47 48 49 50 51 52 53 54 55 56 57 58 59 114 117 118 126,37766.0,False
base,active,,512646.0,512666.0,116,-1.0,
base,active,512173.0,512646.0,512675.0,115 125,37769.0,False
base,active,,512666.0,512677.0,112,-1.0,
base,active,512152.0,512666.0,512703.0,80 81 82 116,37767.0,False
base,active,,512675.0,512677.0,115 125,-1.0,
base,active,512160.0,512677.0,512708.0,0 1 2 3 4 5 6 7 8 9 10 11 12 13 14 15 16 17 18 19 20 21 22 23 24 25 26 27 28 29 30 31 32 33 34 35 36 37 38 39 40 41 42 43 44 45 46 47 48 49 50 51 52 53 54 55 56 57 58 59 112 114 115 125,37768.0,False
base,active,,512677.0,512708.0,117 118 126,-1.0,
base,active,,512703.0,512708.0,80 81 82 116,-1.0,
base,active,512206.0,512708.0,512739.0,0 1 2 3 4 5 6 7 8 9 10 11 12 13 14 15 16 17 18 19 20 21 22 23 24 25 26 27 28 29 30 31 32 33 34 35 36 37 38 39 40 41 42 43 44 45 46 47 48 49 50 51 52 53 54 55 56 80 81 82 116 117 118 126,37770.0,False
base,active,,512708.0,512739.0,57 58 59 112 114 115 125,-1.0,
base,active,,512739.0,512744.0,80,-1.0,
base,active,512252.0,512739.0,512849.0,0 1 2 3 4 5 6 7 8 9 10 11 12 13 14 15 16 17 18 19 20 21 22 23 24 25 26 27 28 29 30 31 32 33 34 35 36 37 38 39 40 41 42 43 44 45 46 47 48 49 50 51 52 53 54 55 56 57 58 59 112 114 115 125,37771.0,False
base,active,,512739.0,512849.0,81 82 116 117 118 126,-1.0,
base,active,512744.0,512744.0,512759.0,80,37781.0,False
base,active,,512759.0,512849.0,80,-1.0,
base,active,512372.0,512849.0,512954.0,0 1 2 3 4 5 6 7 8 9 10 11 12 13 14 15 16 17 18 19 20 21 22 23 24 25 26 27 28 29 30 31 32 33 34 35 36 37 38 39 40 41 42 43 44 45 46 47 48 49 50 51 52 53 54 55 56 80 81 82 116 117 118 126,37774.0,False
base,active,,512849.0,512954.0,57 58 59 112 114 115 125,-1.0,
base,active,512491.0,512954.0,513059.0,0 1 2 3 4 5 6 7 8 9 10 11 12 13 14 15 16 17 18 19 20 21 22 23 24 25 26 27 28 29 30 31 32 33 34 35 36 37 38 39 40 41 42 43 44 45 46 47 48 49 50 51 52 53 54 55 56 57 58 59 112 114 115 125,37777.0,False
base,active,,512954.0,513059.0,80 81 82 116 117 118 126,-1.0,
base,active,512611.0,513059.0,513159.0,0 1 2 3 4 5 6 7 8 9 10 11 12 13 14 15 16 17 18 19 20 21 22 23 24 25 26 27 28 29 30 31 32 33 34 35 36 37 38 39 40 41 42 43 44 45 46 47 48 49 50 51 52 53 54 55 56 80 81 82 116 117 118 126,37779.0,False
base,active,,513059.0,513159.0,57 58 59 112 114 115 125,-1.0,
base,active,512725.0,513159.0,513259.0,0 1 2 3 4 5 6 7 8 9 10 11 12 13 14 15 16 17 18 19 20 21 22 23 24 25 26 27 28 29 30 31 32 33 34 35 36 37 38 39 40 41 42 43 44 45 46 47 48 49 50 51 52 53 54 55 56 57 58 59 112 114 115 125,37780.0,False
base,active,,513159.0,513259.0,80 81 82 116 117 118 126,-1.0,
base,active,512837.0,513259.0,513360.0,0 1 2 3 4 5 6 7 8 9 10 11 12 13 14 15 16 17 18 19 20 21 22 23 24 25 26 27 28 29 30 31 32 33 34 35 36 37 38 39 40 41 42 43 44 45 46 47 48 49 50 51 52 53 54 55 56 80 81 82 116 117 118 126,37782.0,False
base,active,,513259.0,513360.0,57 58 59 112 114 115 125,-1.0,
base,sleeping,,513313.0,514741.0,61 62 63 64 65 66 67 68 69 70 71,-4.0,
base,sleeping,,513321.0,514741.0,74,-4.0,
base,sleeping,,513332.0,514741.0,75,-4.0,
base,sleeping,,513334.0,514741.0,72 73 76 77 78 79 119 120 121 122 123 124,-4.0,
base,active,512948.0,513360.0,513402.0,0 1 2 3 4 5 6 7 8 9 10 11 12 13 14 15 16 17 18 19 20 21 22 23 24 25 26 27 28 29 30 31 32 33 34 35 36 37 38 39 40 41 42 43 44 45 46 47 48 49 50 51 52 53 54 55 56 57 58 59 112 114 115 125,37783.0,False
base,active,,513360.0,513402.0,80 81 82 116 117 118 126,-1.0,
base,active,512995.0,513402.0,513503.0,0 1 2 3 4 5 6 7 8 9 10 11 12 13 14 15 16 17 18 19 20 21 22 23 24 25 26 27 28 29 30 31 32 33 34 35 36 37 38 39 40 41 42 43 44 45 46 47 48 49 50 51 52 53 54 55 56 80 81 82 116 117 118 126,37784.0,False
base,active,,513402.0,513503.0,57 58 59 112 114 115 125,-1.0,
base,active,513112.0,513503.0,513604.0,0 1 2 3 4 5 6 7 8 9 10 11 12 13 14 15 16 17 18 19 20 21 22 23 24 25 26 27 28 29 30 31 32 33 34 35 36 37 38 39 40 41 42 43 44 45 46 47 48 49 50 51 52 53 54 55 56 57 58 59 112 114 115 125,37786.0,False
base,active,,513503.0,513660.0,80,-1.0,
base,active,,513503.0,513728.0,81 82 116 117 118 126,-1.0,
base,active,,513604.0,513728.0,0 1 2 3 4 5 6 7 8 9 10 11 12 13 14 15 16 17 18 19 20 21 22 23 24 25,-1.0,
base,active,,513604.0,513804.0,26 27 28 29,-1.0,
base,active,,513604.0,513831.0,30 31,-1.0,
base,active,,513604.0,514051.0,32 33 34 35 36 37 38 39 40 41 42 43 44 45 46 47 48 49 50 51 52 53 54 55 56 57 58 59 112 114 115 125,-1.0,
base,active,513660.0,513660.0,513668.0,80,37788.0,False
base,active,,513668.0,514138.0,80,-1.0,
base,active,513728.0,513728.0,516260.0,0 1 2 3 4 5 6 7 8 9 10 11 12 13 14 15 16 17 18 19 20 21 22 23 24 25 81 82 116 117 118 126,37789.0,False
base,active,513804.0,513804.0,515877.0,26 27 28 29,37790.0,False
base,active,513831.0,513831.0,515879.0,30 31,37791.0,False
base,active,514051.0,514051.0,514075.0,32 33 34 35 36 37 38 39 40 41 42 43 44 45 46 47 48 49 50 51 52 53 54 55 56 57 58 59 112 114 115 125,37793.0,False
base,active,,514075.0,514138.0,32 33 34 35 36 37 38 39 40 41 42 43 44 45 46 47 48 49 50 51 52 53 54 55 56 57 58 59 112 114 115,-1.0,
base,active,,514075.0,514381.0,125,-1.0,
base,active,514138.0,514138.0,514164.0,32 33 34 35 36 37 38 39 40 41 42 43 44 45 46 47 48 49 50 51 52 53 54 55 56 57 58 59 80 112 114 115,37794.0,False
base,active,,514164.0,514381.0,32 33 34 35 36 37 38 39 40 41 42 43 44 45 46 47 48 49 50 51 52 53 54 55 56 57 58 59 80 112 114,-1.0,
base,active,,514164.0,514725.0,115,-1.0,
base,active,514381.0,514381.0,514699.0,32 33 34 35 36 37 38 39 40 41 42 43 44 45 46 47 48 49 50 51 52 53 54 55 56 57 58 59 80 112 114 125,37798.0,False
base,active,,514654.0,514725.0,60 83 84 85 86 87 88,-1.0,
base,active,,514654.0,517441.0,89 90 91 92 93 94 95 96 97 98 99 100 101 102 103 104 105 106 107 108 109 110 111 113 127,-1.0,
base,active,,514699.0,515599.0,46 47 48 49 50 51 52 53 54 55 56 57 58 59 80 112 114 125,-1.0,
base,active,,514699.0,517441.0,32 33 34 35 36 37 38 39 40 41 42 43 44 45,-1.0,
base,active,514725.0,514725.0,514798.0,60 83 84 85 86 87 88 115,37800.0,False
base,switching_on,,514741.0,517441.0,61 62 63 64 65 66 67 68 69 70 71 72 73 74 75 76 77 78 79 119 120 121 122 123 124,-3.0,
base,active,,514798.0,515599.0,60,-1.0,
base,active,,514798.0,515616.0,83 84 85 86 87 88 115,-1.0,
base,active,515110.0,515599.0,515616.0,60,37804.0,False
base,switching_off,,515599.0,517399.0,46 47 48 49 50 51 52 53 54 55 56 57 58 59 80 112 114 125,-2.0,
base,active,515113.0,515616.0,515665.0,60 83 84 85 86 87 88 115,37805.0,False
base,active,515211.0,515665.0,516128.0,60 83 84 85 86 87 88 115,37806.0,False
base,active,,515877.0,516777.0,26 27 28 29,-1.0,
base,active,,515879.0,516779.0,30 31,-1.0,
base,active,515869.0,516128.0,516237.0,60 83 84 85 86 87 88 115,37811.0,False
base,active,,516237.0,517137.0,60 83 84 85 86 87 88 115,-1.0,
base,active,,516260.0,516262.0,8,-1.0,
base,active,,516260.0,516545.0,9 10 11 12,-1.0,
base,active,515725.0,516260.0,516737.0,0 1 2 3 4 5 6 7,37809.0,False
base,active,,516260.0,516785.0,13 14,-1.0,
base,active,,516260.0,517160.0,15 16 17 18 19 20 21 22 23 24 25 81 82 116 117 118 126,-1.0,
base,active,516262.0,516262.0,516271.0,8,37816.0,False
base,active,,516271.0,516785.0,8,-1.0,
base,active,516545.0,516545.0,516582.0,9 10 11 12,37818.0,False
base,active,,516582.0,516785.0,9 10 11 12,-1.0,
base,active,,516737.0,516785.0,0,-1.0,
base,active,,516737.0,517483.0,1 2 3 4 5 6 7,-1.0,
base,switching_off,,516777.0,518577.0,26 27 28 29,-2.0,
base,switching_off,,516779.0,518579.0,30 31,-2.0,
base,active,516785.0,516785.0,517271.0,0 8 9 10 11 12 13 14,37821.0,False
base,switching_off,,517137.0,518937.0,60 83 84 85 86 87 88 115,-2.0,
base,switching_off,,517160.0,518960.0,15 16 17 18 19 20 21 22 23 24 25 81 82 116 117 118 126,-2.0,
base,active,,517271.0,517483.0,0 8 9 10 11 12 13 14,-1.0,
base,sleeping,,517399.0,517428.0,46 47 48 49 50 51 52 53,-4.0,
base,sleeping,,517399.0,517820.0,54,-4.0,
base,sleeping,,517399.0,518736.0,55 56,-4.0,
base,sleeping,,517399.0,518960.0,57 58 59 80 112 114 125,-4.0,
base,switching_on,,517428.0,520128.0,46 47 48 49 50 51 52 53,-3.0,
base,active,514741.0,517441.0,517483.0,32 33 34 35 36 37 38 39 40 41 42 43 44 45 61 62 63 64 65 66 67 68 69 70 71 72 73 74 75 76 77 78 79 89 90 91 92 93 94 95 96 97 98 99 100 101 102 103 104 105 106 107 108 109 110 111 113 119 120 121 122 123 124 127,37801.0,False
base,active,515090.0,517483.0,517585.0,0 1 2 3 4 5 6 7 8 9 10 11 12 13 14 32 33 34 35 36 37 38 39 40 41 42 43 44 45 61 62 63 64 65 66 67 68 69 70 71 72 73 74 75 76 77 78 79 89 90 91 92 93 94 95 96 97 98 99 100 101 102 103 104,37803.0,False
base,active,,517483.0,517585.0,105 106 107 108 109 110 111 113 119 120 121 122 123 124 127,-1.0,
base,active,515281.0,517585.0,517671.0,0 1 2 3 4 5 6 7 8 9 10 11 12 13 14 32 33 34 35 36 37 38 39 40 41 42 43 44 45 61 62 63 64 65 66 67 68 69 70 71 72 73 74 75 76 77 78 79 89 105 106 107 108 109 110 111 113 119 120 121 122 123 124 127,37807.0,False
base,active,,517585.0,517671.0,90 91 92 93 94 95 96 97 98 99 100 101 102 103 104,-1.0,
base,active,516595.0,517671.0,517698.0,34 35 36 37 38 39 40 41 42 43 44 45 61 62 63 64 65 66 67 68 69 70 71 72 73 74 75 76 77 78 79 89,37819.0,False
base,active,516314.0,517671.0,518086.0,0 1 2 3 4 5 6 7 8 9 10 11 12 13 14 32 33 90 91 92 93 94 95 96 97 98 99 100 101 102 103 104,37817.0,False
base,active,,517671.0,518086.0,105 106 107 108 109 110 111 113 119 120 121 122 123 124 127,-1.0,
base,active,,517698.0,518086.0,34 35 36 37 38 39 40 41 42 43 44 45 61 62 63 64 65 66 67 68 69 70 71 72 73 74 75 76 77 78 79 89,-1.0,
base,switching_on,,517820.0,520520.0,54,-3.0,
base,active,,518086.0,518579.0,97 98 99 100 101 102 103 104,-1.0,
base,active,,518086.0,518986.0,90 91 92 93 94 95 96,-1.0,
base,active,516786.0,518086.0,521412.0,0 1 2 3 4 5 6 7 8 9 10 11 12 13 14 32 33 34 35 36 37 38 39 40 41 42 43 44 45 61 62 63 64 65 66 67 68 69 70 71 72 73 74 75 76 77 78 79 89 105 106 107 108 109 110 111 113 119 120 121 122 123 124 127,37822.0,False
base,sleeping,,518577.0,518736.0,26 27 28 29,-4.0,
base,active,518579.0,518579.0,518623.0,97 98 99 100 101 102 103 104,37834.0,False
base,sleeping,,518579.0,518736.0,30 31,-4.0,
base,active,,518623.0,519519.0,104,-1.0,
base,active,,518623.0,519523.0,97 98 99 100 101 102 103,-1.0,
base,switching_on,,518736.0,521436.0,26 27 28 29 30 31 55 56,-3.0,
base,sleeping,,518937.0,518960.0,60 83 84 85 86 87 88 115,-4.0,
base,switching_on,,518960.0,521660.0,15 16 17 18 19 20 21 22 23 24 25 57 58 59 60 80 81 82 83 84 85 86 87 88 112 114 115 116 117 118 125 126,-3.0,
base,switching_off,,518986.0,520786.0,90 91 92 93 94 95 96,-2.0,
base,active,519519.0,519519.0,519608.0,104,37843.0,False
base,switching_off,,519523.0,521323.0,97 98 99 100 101 102 103,-2.0,
base,active,,519608.0,520041.0,104,-1.0,
base,active,520041.0,520041.0,520069.0,104,37845.0,False
base,active,,520069.0,520652.0,104,-1.0,
base,active,517428.0,520128.0,520163.0,46 47 48 49 50 51 52 53,37824.0,False
base,active,,520163.0,523486.0,46 47 48 49 50 51 52 53,-1.0,
base,active,517820.0,520520.0,522080.0,54,37831.0,False
base,active,520652.0,520652.0,520674.0,104,37849.0,False
base,active,,520674.0,523486.0,104,-1.0,
base,switching_on,,520786.0,523486.0,90 91 92 93 94 95 96,-3.0,
base,sleeping,,521323.0,521985.0,97 98 99 100,-4.0,
base,sleeping,,521323.0,522007.0,101 102,-4.0,
base,sleeping,,521323.0,523293.0,103,-4.0,
base,active,521066.0,521412.0,521557.0,89 105 106 107 108 109 110 111 113 119 120 121 122 123 124 127,37856.0,False
base,active,519449.0,521412.0,521569.0,0 1 2 3 4 5 6 7 8 9 10 11 12 13 14 32 33 34 35 36 37 38 39 40 41 42 43 44 45 61 62 63,37842.0,False
base,active,520072.0,521412.0,521757.0,64 65 66 67 68 69 70 71 72 73 74 75 76 77 78 79,37846.0,False
base,active,518736.0,521436.0,521477.0,26 27 28 29 30 31 55 56,37835.0,False
base,active,,521477.0,521757.0,26 27 28 29 30 31 55 56,-1.0,
base,active,,521557.0,521757.0,89 105 106 107 108 109 110 111 113 119 120 121 122 123 124 127,-1.0,
base,active,,521569.0,521757.0,0 1 2 3 4 5 6 7 8 9 10 11 12 13 14 32 33 34 35 36 37 38 39 40 41 42 43 44 45 61 62 63,-1.0,
base,active,517747.0,521660.0,523293.0,15 16 17 18 19 20 21 22 23 24 25 57 58 59 60 80 81 82 83 84 85 86 87 88 112 114 115 116 117 118 125 126,37829.0,False
base,active,520292.0,521757.0,522116.0,0 1 2 3 4 5 6 7 8 9 10 11 12 13 14 26 27 28 29 30 31 32 33 34 35 36 37 38 39 40 41 42 43 44 45 55 56 61 62 63 64 65 66 67 68 69 70 71 89 105 106 107 108 109 110 111 113 119 120 121 122 123 124 127,37847.0,False
base,active,,521757.0,522116.0,72 73 74 75 76 77 78 79,-1.0,
base,switching_on,,521985.0,524685.0,97 98 99 100,-3.0,
base,switching_on,,522007.0,524707.0,101 102,-3.0,
base,active,,522080.0,522116.0,54,-1.0,
base,active,,522116.0,523016.0,111 113 119 120 121 122 123 124 127,-1.0,
base,active,520813.0,522116.0,523553.0,0 1 2 3 4 5 6 7 8 9 10 11 12 13 14 26 27 28 29 30 31 32 33 34 35 36 37 38 39 40 41 42 43 44 45 54 55 56 61 62 63 64 65 66 67 68 69 70 71 72 73 74 75 76 77 78 79 89 105 106 107 108 109 110,37852.0,False
base,switching_off,,523016.0,524816.0,111 113 119 120 121 122 123 124 127,-2.0,
base,active,522935.0,523293.0,523311.0,112,37873.0,False
base,active,522254.0,523293.0,523319.0,88,37865.0,False
base,active,,523293.0,523330.0,114 115 116 117 118 125 126,-1.0,
base,active,521548.0,523293.0,523798.0,15 16 17 18 19 20 21 22 23 24 25 57 58 59 60 80,37858.0,False
base,active,,523293.0,525993.0,81 82 83 84 85 86 87,-1.0,
base,switching_on,,523293.0,525993.0,103,-3.0,
base,active,,523311.0,523330.0,112,-1.0,
base,active,,523319.0,523553.0,88,-1.0,
base,active,523330.0,523330.0,523426.0,112 114 115 116 117 118 125 126,37877.0,False
base,active,,523426.0,523553.0,112 114 115 116 117 118 125 126,-1.0,
base,active,518532.0,523486.0,523842.0,46 47 48 49 50 51 52 53 90 91 92 93 94 95 96 104,37833.0,False
base,active,521743.0,523553.0,523632.0,0 1 2 3 4 5 6 7 8 9 10 11 12 13 14 26 27 28 29 30 31 32 33 88 112 114 115 116 117 118 125 126,37859.0,False
base,active,522131.0,523553.0,523685.0,34 35 36 37 38 39 40 41 42 43 44 45 54 55 56 61 62 63 64 65 66 67 68 69 70 71 72 73 74 75 76 77,37863.0,False
base,active,,523553.0,523798.0,78 79 89 105 106 107 108 109 110,-1.0,
base,active,,523632.0,523740.0,27,-1.0,
base,active,,523632.0,523798.0,28 29 30 31 32 33 88 112 114 115 116 117 118 125 126,-1.0,
base,active,522881.0,523632.0,523812.0,0 1 2 3 4 5 6 7 8 9 10 11 12 13 14 26,37872.0,False
base,active,,523685.0,523798.0,34 35 36 37 38 39 40 41 42 43 44 45 54 55 56 61 62 63 64 65 66 67 68 69 70 71 72 73 74 75 76 77,-1.0,
base,active,523740.0,523740.0,523754.0,27,37879.0,False
base,active,,523754.0,523798.0,27,-1.0,
base,active,,523798.0,523812.0,22 23 24 25 57 58 59 60 80,-1.0,
base,active,522306.0,523798.0,525228.0,15 16 17 18 19 20 21 27 28 29 30 31 32 33 34 35 36 37 38 39 40 41 42 43 44 45 54 55 56 61 62 63 64 65 66 67 68 69 70 71 72 73 74 75 76 77 78 79 88 89 105 106 107 108 109 110 112 114 115 116 117 118 125 126,37866.0,False
base,active,523083.0,523812.0,524113.0,0 1 2 3 4 5 6 22 23 24 25 57 58 59 60 80,37874.0,False
base,active,,523812.0,524113.0,7 8 9 10 11 12 13 14 26,-1.0,
base,active,,523842.0,524113.0,46 47 48 49 50 51 52 53 90 91 92 93 94 95 96 104,-1.0,
base,active,,524113.0,524207.0,22 23 24 25 57 58 59 60,-1.0,
base,active,523309.0,524113.0,524228.0,0 1 2 3 4 5 6 7 8 9 10 11 12 13 14 26 46 47 48 49 50 51 52 53 90 91 92 93 94 95 96 104,37876.0,False
base,active,,524113.0,524228.0,80,-1.0,
base,active,523850.0,524207.0,524299.0,22 23 24 25 57 58 59 60,37881.0,False
base,active,,524228.0,524299.0,104,-1.0,
base,active,523824.0,524228.0,524344.0,0 1 2 3 4 5 6 7 8 9 10 11 12 13 14 26 46 47 48 49 50 51 52 53 80 90 91 92 93 94 95 96,37880.0,False
base,active,524207.0,524299.0,524327.0,22 23 24 25 57 58 59 104,37886.0,False
base,active,,524299.0,524327.0,60,-1.0,
base,active,524326.0,524327.0,524336.0,104,37889.0,False
base,active,524244.0,524327.0,524409.0,22 23 24 25 57 58 59 60,37888.0,False
base,active,,524336.0,524711.0,104,-1.0,
base,active,,524344.0,524711.0,0 1 2 3 4 5 6 7 8 9 10 11 12 13 14 26 46 47 48 49 50 51 52,-1.0,
base,active,,524344.0,525228.0,53 80 90 91 92 93 94 95 96,-1.0,
base,active,,524409.0,525228.0,22 23 24 25 57 58 59 60,-1.0,
base,active,521985.0,524685.0,526781.0,97 98 99 100,37860.0,False
base,active,522007.0,524707.0,526783.0,101 102,37861.0,False
base,active,524582.0,524711.0,524832.0,0 1 2 3 4 5 6 104,37891.0,False
base,active,524711.0,524711.0,525368.0,7 8 9 10 11 12 13 14 26 46 47 48 49 50 51 52,37892.0,False
base,sleeping,,524816.0,524837.0,111 113 119 120 121 122 123 124,-4.0,
base,sleeping,,524816.0,527821.0,127,-4.0,
base,active,,524832.0,525228.0,0 1 2 3 4 5 6 104,-1.0,
base,switching_on,,524837.0,527537.0,111 113 119 120 121 122 123 124,-3.0,
base,active,,525228.0,525245.0,75,-1.0,
base,active,524993.0,525228.0,525291.0,71 72 73 74,37896.0,False
base,active,,525228.0,525299.0,76,-1.0,
base,active,,525228.0,525321.0,77 78 79 88,-1.0,
base,active,,525228.0,525344.0,89 105,-1.0,
base,active,,525228.0,525414.0,106 107 108 109 110 112 114 115 116 117 118 125 126,-1.0,
base,active,524521.0,525228.0,526847.0,0 1 2 3 4 5 6 15 16 17 18 19 20 21 22 23 24 25 27 28 29 30 31 32 33 34 35 36 37 38 39 40 41 42 43 44 45 53 54 55 56 57 58 59 60 61 62 63 64 65 66 67 68 69 70 80 90 91 92 93 94 95 96 104,37890.0,False
base,active,525245.0,525245.0,525287.0,75,37897.0,False
base,active,,525287.0,525414.0,75,-1.0,
base,active,,525291.0,525414.0,71 72,-1.0,
base,active,,525291.0,525649.0,73 74,-1.0,
base,active,525299.0,525299.0,525317.0,76,37898.0,False
base,active,,525317.0,525649.0,76,-1.0,
base,active,525321.0,525321.0,528449.0,77 78 79 88,37899.0,False
base,active,525344.0,525344.0,528452.0,89 105,37901.0,False
base,active,,525368.0,525649.0,7,-1.0,
base,active,,525368.0,525745.0,8 9 10 11 12 13 14 26 46 47 48 49 50 51 52,-1.0,
base,active,525414.0,525414.0,525600.0,71 72 75 106 107 108 109 110 112 114 115 116 117 118 125 126,37902.0,False
base,active,,525600.0,525745.0,71,-1.0,
base,active,,525600.0,526118.0,72 75 106 107 108 109 110 112 114 115 116 117 118 125 126,-1.0,
base,active,525649.0,525649.0,525749.0,7 73 74 76,37903.0,False
base,active,525745.0,525745.0,526111.0,8 9 10 11 12 13 14 26 46 47 48 49 50 51 52 71,37905.0,False
base,active,,525749.0,526118.0,7,-1.0,
base,active,,525749.0,526147.0,73,-1.0,
base,active,,525749.0,526166.0,74,-1.0,
base,active,,525749.0,526649.0,76,-1.0,
base,active,522152.0,525993.0,526106.0,81 82 83 84 85 86 87 103,37864.0,False
base,active,,526106.0,526847.0,81 82 83 84 85 86 87 103,-1.0,
base,active,,526111.0,526847.0,8 9 10 11 12 13 14 26 46 47 48 49 50 51 52 71,-1.0,
base,active,526118.0,526118.0,526517.0,7 72 75 106 107 108 109 110 112 114 115 116 117 118 125 126,37910.0,False
base,active,526147.0,526147.0,526163.0,73,37911.0,False
base,active,,526163.0,526847.0,73,-1.0,
base,active,526166.0,526166.0,526177.0,74,37912.0,False
base,active,,526177.0,526847.0,74,-1.0,
base,active,,526517.0,526847.0,7 72 75 106 107 108 109 110 112 114 115 116 117 118 125 126,-1.0,
base,switching_off,,526649.0,528449.0,76,-2.0,
base,active,,526781.0,526847.0,97 98 99 100,-1.0,
base,active,,526783.0,526847.0,101 102,-1.0,
base,active,526827.0,526847.0,526954.0,24 25 27 28 29 30 31 32 33 34 35 36 37 38 39 40,37915.0,False
base,active,,526847.0,527078.0,41 42 43 44 45 53 54 55 56 57 58 59 60 61 62 63,-1.0,
base,active,,526847.0,527477.0,64 65 66 67 68 69 70 80 90 91 92 93 94 95 96 104,-1.0,
base,active,526209.0,526847.0,528267.0,0 1 2 3 4 5 6 7 8 9 10 11 12 13 14 15 16 17 18 19 20 21 22 23 26 46 47 48 49 50 51 52 71 72 73 74 75 81 82 83 84 85 86 87 97 98 99 100 101 102 103 106 107 108 109 110 112 114 115 116 117 118 125 126,37913.0,False
base,active,,526954.0,527633.0,24,-1.0,
base,active,,526954.0,527665.0,25,-1.0,
base,active,,526954.0,527821.0,27 28 29 30 31 32 33 34 35 36 37 38 39 40,-1.0,
base,active,527078.0,527078.0,527214.0,41 42 43 44 45 53 54 55 56 57 58 59 60 61 62 63,37917.0,False
base,active,,527214.0,527821.0,41 42,-1.0,
base,active,,527214.0,528114.0,43 44 45 53 54 55 56 57 58 59 60 61 62 63,-1.0,
base,active,527477.0,527477.0,527570.0,64 65 66 67 68 69 70 80 90 91 92 93 94 95 96 104,37921.0,False
base,active,524797.0,527537.0,527569.0,111 113 119 120,37893.0,False
base,active,524837.0,527537.0,527608.0,121 122 123 124,37894.0,False
base,active,,527569.0,528267.0,111 113 119 120,-1.0,
base,active,,527570.0,528267.0,64 65 66 67 68 69 70 80 90 91 92 93 94 95 96 104,-1.0,
base,active,,527608.0,528267.0,121 122 123 124,-1.0,
base,active,527633.0,527633.0,527648.0,24,37924.0,False
base,active,,527648.0,528267.0,24,-1.0,
base,active,527665.0,527665.0,527671.0,25,37925.0,False
base,active,,527671.0,528267.0,25,-1.0,
base,active,527821.0,527821.0,527879.0,27 28 29 30 31 32 33 34 35 36 37 38 39 40 41 42,37928.0,False
base,switching_on,,527821.0,530521.0,127,-3.0,
base,active,,527879.0,528267.0,27 28 29 30 31 32 33 34 35 36 37 38 39 40 41 42,-1.0,
base,switching_off,,528114.0,529914.0,43 44 45 53 54 55 56 57 58 59 60 61 62 63,-2.0,
base,active,,528267.0,528300.0,82 83 84 85 86 87 97 98 99 100 101 102 103 106 107 108,-1.0,
base,active,527884.0,528267.0,528403.0,22 23 26 46 47 48 49 50 51 52 71 72 73 74 75 81,37929.0,False
base,active,,528267.0,528853.0,109 110 112 114 115 116 117 118 125 126,-1.0,
base,active,527674.0,528267.0,529704.0,0 1 2 3 4 5 6 7 8 9 10 11 12 13 14 15 16 17 18 19 20 21 24 25 27 28 29 30 31 32 33 34 35 36 37 38 39 40 41 42 64 65 66 67 68 69 70 80 90 91 92 93 94 95 96 104 111 113 119 120 121 122 123 124,37926.0,False
base,active,528300.0,528300.0,528377.0,82 83 84 85 86 87 97 98 99 100 101 102 103 106 107 108,37931.0,False
base,active,,528377.0,528853.0,82 83 84 85 86 87 97 98 99 100 101 102 103 106 107 108,-1.0,
base,active,,528403.0,528853.0,22 23 26 46 47 48,-1.0,
base,active,,528403.0,528959.0,49,-1.0,
base,active,,528403.0,529018.0,50,-1.0,
base,active,,528403.0,529043.0,51 52 71 72,-1.0,
base,active,,528403.0,529066.0,73 74,-1.0,
base,active,,528403.0,529129.0,75,-1.0,
base,active,,528403.0,529132.0,81,-1.0,
base,active,,528449.0,529349.0,77 78 79 88,-1.0,
base,sleeping,,528449.0,529475.0,76,-4.0,
base,active,,528452.0,529352.0,89 105,-1.0,
base,active,528853.0,528853.0,529027.0,22 23 26 46 47 48 82 83 84 85 86 87 97 98 99 100 101 102 103 106 107 108 109 110 112 114 115 116 117 118 125 126,37933.0,False
base,active,528959.0,528959.0,529005.0,49,37935.0,False
base,active,,529005.0,529475.0,49,-1.0,
base,active,529018.0,529018.0,529037.0,50,37937.0,False
base,active,,529027.0,529475.0,22 23 26 46 47 48 82 83 84 85 86 87 97 98 99 100 101 102 103 106 107 108 109 110 112 114 115 116 117 118 125,-1.0,
base,active,,529027.0,529704.0,126,-1.0,
base,active,,529037.0,529704.0,50,-1.0,
base,active,529043.0,529043.0,532156.0,51 52 71 72,37938.0,False
base,active,529066.0,529066.0,532158.0,73 74,37940.0,False
base,active,529129.0,529129.0,529165.0,75,37941.0,False
base,active,529132.0,529132.0,529158.0,81,37942.0,False
base,active,,529158.0,529704.0,81,-1.0,
base,active,,529165.0,529704.0,75,-1.0,
base,switching_off,,529349.0,531149.0,77 78 79 88,-2.0,
base,switching_off,,529352.0,531152.0,89 105,-2.0,
base,active,529475.0,529475.0,529630.0,22 23 26 46 47 48 49 82 83 84 85 86 87 97 98 99 100 101 102 103 106 107 108 109 110 112 114 115 116 117 118 125,37946.0,False
base,switching_on,,529475.0,532175.0,76,-3.0,
base,active,,529630.0,529704.0,22 23 26 46 47 48 49 82 83 84 85 86 87 97 98 99 100 101 102 103 106 107 108 109 110 112 114 115 116 117 118 125,-1.0,
base,active,529479.0,529704.0,529787.0,31 32 33 34 35 36 37 38 39 40 41 42 64 65 66 67,37947.0,False
base,active,,529704.0,530126.0,123 124,-1.0,
base,active,529209.0,529704.0,530421.0,0 1 2 3 4 5 6 7 8 9 10 11 12 13 14 15 16 17 18 19 20 21 22 23 24 25 26 27 28 29 30 46 47 48 49 50 75 81 82 83 84 85 86 87 97 98 99 100 101 102 103 106 107 108 109 110 112 114 115 116 117 118 125 126,37944.0,False
base,active,,529704.0,532826.0,68 69 70 80 90 91 92 93 94 95 96 104 111 113 119 120 121 122,-1.0,
base,active,,529787.0,530126.0,31 32 33 34 35 36,-1.0,
base,active,,529787.0,530421.0,37 38 39 40 41 42 64 65 66 67,-1.0,
base,sleeping,,529914.0,530126.0,43 44 45 53 54 55 56 57 58 59 60 61 62 63,-4.0,
base,active,530126.0,530126.0,530225.0,31 32 33 34 35 36 123 124,37951.0,False
base,switching_on,,530126.0,532826.0,43 44 45 53 54 55 56 57 58 59 60 61 62 63,-3.0,
base,active,,530225.0,530421.0,31 32 33 34 35 36 123 124,-1.0,
base,active,530158.0,530421.0,530895.0,99 100 101 102 103 106 107 108 109 110 112 114 115 116 117 118,37952.0,False
base,active,,530421.0,530895.0,125 126,-1.0,
base,active,529947.0,530421.0,531831.0,0 1 2 3 4 5 6 7 8 9 10 11 12 13 14 15 16 17 18 19 20 21 22 23 24 25 26 27 28 29 30 31 32 33 34 35 36 37 38 39 40 41 42 46 47 48 49 50 64 65 66 67 75 81 82 83 84 85 86 87 97 98 123 124,37949.0,False
base,active,527683.0,530521.0,530535.0,127,37927.0,False
base,active,,530535.0,530895.0,127,-1.0,
base,active,530493.0,530895.0,530946.0,99 125 126 127,37954.0,False
base,active,,530895.0,531795.0,100 101 102 103 106 107 108 109 110 112 114 115 116 117 118,-1.0,
base,active,,530946.0,531831.0,99 125 126 127,-1.0,
base,sleeping,,531149.0,531795.0,77 78,-4.0,
base,sleeping,,531149.0,532887.0,79,-4.0,
base,sleeping,,531149.0,532919.0,88,-4.0,
base,sleeping,,531152.0,532928.0,89,-4.0,
base,sleeping,,531152.0,533001.0,105,-4.0,
base,switching_off,,531795.0,533595.0,100 101 102 103 106 107 108 109 110 112 114 115 116 117 118,-2.0,
base,switching_on,,531795.0,534495.0,77 78,-3.0,
base,active,531175.0,531831.0,531925.0,28 29 30 31 32 33 34 35,37961.0,False
base,active,531149.0,531831.0,531949.0,0 1 2 3 4 5 6 7 8 9 10 11 12 13 14 15 16 17 18 19 20 21 22 23 24 25 26 27 99 125 126 127,37960.0,False
base,active,,531831.0,531949.0,36 37 38 39 40 41 42 46 47 48 49 50 64 65 66 67 75 81 82 83 84 85 86 87 97 98 123 124,-1.0,
base,active,,531925.0,531949.0,28 29 30 31 32 33 34 35,-1.0,
base,active,,531949.0,532849.0,99 125 126 127,-1.0,
base,active,531443.0,531949.0,533390.0,0 1 2 3 4 5 6 7 8 9 10 11 12 13 14 15 16 17 18 19 20 21 22 23 24 25 26 27 28 29 30 31 32 33 34 35 36 37 38 39 40 41 42 46 47 48 49 50 64 65 66 67 75 81 82 83 84 85 86 87 97 98 123 124,37965.0,False
base,active,,532156.0,532948.0,51 52 71 72,-1.0,
base,active,,532158.0,532948.0,73 74,-1.0,
base,active,529358.0,532175.0,532199.0,76,37945.0,False
base,active,,532199.0,532948.0,76,-1.0,
base,active,530101.0,532826.0,532948.0,43 44 45 53 54 55 56 57 58 59 60 61 62 63 68 69 70 80 90 91 92 93 94 95 96 104 111 113 119 120 121 122,37950.0,False
base,switching_off,,532849.0,534649.0,99 125 126 127,-2.0,
base,switching_on,,532887.0,535587.0,79,-3.0,
base,switching_on,,532919.0,535619.0,88,-3.0,
base,switching_on,,532928.0,535628.0,89,-3.0,
base,active,531879.0,532948.0,533001.0,43 44 45 51 52 53 54 55 56 57 58 71 72 73 74 76,37967.0,False
base,active,,532948.0,533001.0,59 60 61 62 63 68 69 70 80 90 91 92 93 94 95 96 104 111 113 119 120 121 122,-1.0,
base,active,532017.0,533001.0,533114.0,43 44 45 51 52 53 54 55 56 59 60 61 62 63 68 69 70 80 90 91 92 93 94 95 96 104 111 113 119 120 121 122,37968.0,False
base,active,,533001.0,535701.0,57 58 71 72 73 74 76,-1.0,
base,switching_on,,533001.0,535701.0,105,-3.0,
base,active,,533114.0,533390.0,43 44 45 51 52 53 54 55 56 59 60 61 62 63 68 69 70 80 90 91 92 93 94 95 96 104 111 113 119 120 121 122,-1.0,
base,active,533130.0,533390.0,533436.0,32 33 34 35,37979.0,False
base,active,,533390.0,533552.0,36 37 38 39 40 41 42 46 47 48 49 50 64 65 66 67 75 81 82 83 84 85 86 87 97 98 123 124,-1.0,
base,active,532974.0,533390.0,534799.0,0 1 2 3 4 5 6 7 8 9 10 11 12 13 14 15 16 17 18 19 20 21 22 23 24 25 26 27 28 29 30 31 43 44 45 51 52 53 54 55 56 59 60 61 62 63 68 69 70 80 90 91 92 93 94 95 96 104 111 113 119 120 121 122,37978.0,False
base,active,,533436.0,533552.0,32 33 34 35,-1.0,
base,active,533552.0,533552.0,533668.0,32 33 34 35 36 37 38 39 40 41 42 46 47 48 49 50 64 65 66 67 75 81 82 83 84 85 86 87 97 98 123 124,37980.0,False
base,sleeping,,533595.0,534124.0,110 112,-4.0,
base,sleeping,,533595.0,534427.0,114 115,-4.0,
base,sleeping,,533595.0,534591.0,116,-4.0,
base,sleeping,,533595.0,535600.0,117 118,-4.0,
base,switching_on,,533595.0,536295.0,100 101 102 103 106 107 108 109,-3.0,
base,active,,533668.0,533781.0,32,-1.0,
base,active,,533668.0,534568.0,33 34 35 36 37 38 39 40 41 42 46 47 48 49 50 64 65 66 67 75 81 82 83 84 85 86 87 97 98 123 124,-1.0,
base,active,533781.0,533781.0,533795.0,32,37982.0,False
base,active,,533795.0,534695.0,32,-1.0,
base,switching_on,,534124.0,536824.0,110 112,-3.0,
base,switching_on,,534427.0,537127.0,114 115,-3.0,
base,active,531388.0,534495.0,534504.0,78,37964.0,False
base,active,531361.0,534495.0,534508.0,77,37963.0,False
base,active,,534504.0,534799.0,78,-1.0,
base,active,,534508.0,534799.0,77,-1.0,
base,switching_off,,534568.0,536368.0,33 34 35 36 37 38 39 40 41 42 46 47 48 49 50 64 65 66 67 75 81 82 83 84 85 86 87 97 98 123 124,-2.0,
base,switching_on,,534591.0,537291.0,116,-3.0,
base,sleeping,,534649.0,534741.0,99,-4.0,
base,sleeping,,534649.0,535646.0,125 126 127,-4.0,
base,switching_off,,534695.0,536495.0,32,-2.0,
base,switching_on,,534741.0,537441.0,99,-3.0,
base,active,533917.0,534799.0,534964.0,0 1 2 3 4 5 6 7 8 9 10 11 12 13 14 15 16 17 18 19 20 21 22 23 24 25 26 27 28 29 30 31 43 44 45 51 52 53 54 55 56 59 60 61 62 63 68 69 70 77 78 80 90 91 92 93 94 95 96 104 111 113 119 120,37983.0,False
base,active,,534799.0,534964.0,121 122,-1.0,
base,active,,534964.0,535646.0,120,-1.0,
base,active,534480.0,534964.0,536375.0,0 1 2 3 4 5 6 7 8 9 10 11 12 13 14 15 16 17 18 19 20 21 22 23 24 25 26 27 28 29 30 31 43 44 45 51 52 53 54 55 56 59 60 61 62 63 68 69 70 77 78 80 90 91 92 93 94 95 96 104 111 113 121 122,37988.0,False
base,active,,534964.0,538346.0,119,-1.0,
base,active,532887.0,535587.0,535601.0,79,37975.0,False
base,switching_on,,535600.0,538300.0,117 118,-3.0,
base,active,,535601.0,535646.0,79,-1.0,
base,active,532919.0,535619.0,535626.0,88,37976.0,False
base,active,,535626.0,535895.0,88,-1.0,
base,active,532928.0,535628.0,535639.0,89,37977.0,False
base,active,,535639.0,535895.0,89,-1.0,
base,active,535646.0,535646.0,536439.0,79 120,37995.0,False
base,switching_on,,535646.0,538346.0,125 126 127,-3.0,
base,active,532042.0,535701.0,535791.0,57 58 71 72 73 74 76 105,37969.0,False
base,active,,535791.0,536007.0,57 58 71 72 73 74 76 105,-1.0,
base,active,535894.0,535895.0,535908.0,88,37996.0,False
base,active,535895.0,535895.0,535917.0,89,37997.0,False
base,active,,535908.0,539068.0,88,-1.0,
base,active,,535917.0,536375.0,89,-1.0,
base,active,536007.0,536007.0,536536.0,57 58 71 72 73 74 76 105,37999.0,False
base,active,533580.0,536295.0,536385.0,100 101 102 103 106 107 108 109,37981.0,False
base,switching_on,,536368.0,539068.0,33 34 35 36 37 38 39 40 41 42 46 47 48 49 50 64 65 66 67 75 81 82 83 84 85 86 87 97 98 123 124,-3.0,
base,active,,536375.0,536434.0,122,-1.0,
base,active,535951.0,536375.0,537854.0,0 1 2 3 4 5 6 7 8 9 10 11 12 13 14 15 16 17 18 19 20 21 22 23 24 25 26 27 28 29 30 31 43 44 45 51 52 53 54 55 56 59 60 61 62 63 68 69 70 77 78 80 89 90 91 92 93 94 95 96 104 111 113 121,37998.0,False
base,active,,536385.0,536952.0,109,-1.0,
base,active,,536385.0,539652.0,100 101 102 103 106 107 108,-1.0,
base,active,536434.0,536434.0,536440.0,122,38000.0,False
base,active,,536439.0,537339.0,79 120,-1.0,
base,active,,536440.0,537340.0,122,-1.0,
base,sleeping,,536495.0,536952.0,32,-4.0,
base,active,,536536.0,537436.0,57 58 71 72 73 74 76 105,-1.0,
base,active,534124.0,536824.0,536840.0,112,37985.0,False
base,active,534088.0,536824.0,536842.0,110,37984.0,False
base,active,,536840.0,537624.0,112,-1.0,
base,active,,536842.0,537742.0,110,-1.0,
base,active,536952.0,536952.0,536983.0,109,38003.0,False
base,switching_on,,536952.0,539652.0,32,-3.0,
base,active,,536983.0,537854.0,109,-1.0,
base,active,534427.0,537127.0,537136.0,115,37987.0,False
base,active,534386.0,537127.0,537142.0,114,37986.0,False
base,active,,537136.0,537854.0,115,-1.0,
base,active,,537142.0,537854.0,114,-1.0,
base,active,534591.0,537291.0,537311.0,116,37989.0,False
base,active,,537311.0,537854.0,116,-1.0,
base,switching_off,,537339.0,539139.0,79 120,-2.0,
base,switching_off,,537340.0,539140.0,122,-2.0,
base,switching_off,,537436.0,539236.0,57 58 71 72 73 74 76 105,-2.0,
base,active,534741.0,537441.0,537533.0,99,37991.0,False
base,active,,537533.0,537854.0,99,-1.0,
base,active,537434.0,537624.0,537637.0,112,38004.0,False
base,active,,537637.0,537854.0,112,-1.0,
base,switching_off,,537742.0,539542.0,110,-2.0,
base,active,536833.0,537854.0,538065.0,0 1 2 3 4 5 6 7 8 9 10 11 12 13 14 15 16 17 18 19 20 21 22 23 24 25 99 109 112 114 115 116,38001.0,False
base,active,,537854.0,538065.0,26 27 28 29 30 31 43 44 45 51 52 53 54 55 56 59 60 61 62 63 68 69 70 77 78 80 89 90 91 92 93 94 95 96 104 111 113 121,-1.0,
base,active,,538065.0,538253.0,99,-1.0,
base,active,537624.0,538065.0,538487.0,0 1 2 3 4 5 6 7 8 9 10 11 12 13 14 15 16 17 18 19 20 21 22 23 24 25 26 27 28 29 30 31 43 44 45 51 52 53 54 55 56 59 60 61 62 63 68 69 70 77 78 80 89 90 91 92 93 94 95 96 104 111 113 121,38005.0,False
base,active,,538065.0,538487.0,109 112 114 115 116,-1.0,
base,active,538094.0,538253.0,538274.0,99,38007.0,False
base,active,,538274.0,538487.0,99,-1.0,
base,active,535600.0,538300.0,538320.0,118,37993.0,False
base,active,535547.0,538300.0,538340.0,117,37992.0,False
base,active,,538320.0,538487.0,118,-1.0,
base,active,,538340.0,538487.0,117,-1.0,
base,active,535625.0,538346.0,539157.0,119 125 126 127,37994.0,False
base,active,,538487.0,538936.0,93,-1.0,
base,active,,538487.0,538945.0,94,-1.0,
base,active,,538487.0,538993.0,95,-1.0,
base,active,,538487.0,539019.0,96 104 111 113,-1.0,
base,active,,538487.0,539224.0,121,-1.0,
base,active,538070.0,538487.0,539458.0,0 1 2 3 4 5 6 7 8 9 10 11 12 13 14 15 16 17 18 19 20 21 22 23 24 25 26 27 28 29 30 31 43 44 45 51 52 53 54 55 56 59 60 61 62 63 68 69 70 77 78 80 89 90 91 92 99 109 112 114 115 116 117 118,38006.0,False
base,active,538936.0,538936.0,538981.0,93,38010.0,False
base,active,538945.0,538945.0,538967.0,94,38011.0,False
base,active,,538967.0,539224.0,94,-1.0,
base,active,,538981.0,539224.0,93,-1.0,
base,active,538993.0,538993.0,539014.0,95,38012.0,False
base,active,,539014.0,539224.0,95,-1.0,
base,active,539019.0,539019.0,539041.0,96 104 111 113,38013.0,False
base,active,,539041.0,539224.0,96 104 111 113,-1.0,
base,active,534675.0,539068.0,539224.0,33 34 35 36 37 38 39 40 41 42 46 47 48 49 50 64 65 66 67 75 81 82 83 84 85 86 87 88 97 98 123 124,37990.0,False
base,sleeping,,539139.0,540719.0,79,-4.0,
base,sleeping,,539139.0,540914.0,120,-4.0,
base,sleeping,,539140.0,540914.0,122,-4.0,
base,active,,539157.0,539224.0,119 125 126 127,-1.0,
base,active,538253.0,539224.0,539441.0,33 34 35 36 37 38 39 40 41 42 46 47 48 49 50 64 65 66 67 75 93 94 95 96 104 111 113 119 121 125 126 127,38008.0,False
base,active,,539224.0,539441.0,81 82 83 84 85 86 87 88 97 98 123 124,-1.0,
base,sleeping,,539236.0,540719.0,57 58 71 72 73 74 76,-4.0,
base,sleeping,,539236.0,540914.0,105,-4.0,
base,active,538884.0,539441.0,539573.0,33 34 35 36 37 38 39 40 41 42 46 47 48 49 50 64 65 66 67 75 81 82 83 84 85 86 87 88 97 98 123 124,38009.0,False
base,active,,539441.0,540256.0,93,-1.0,
base,active,,539441.0,540324.0,94 95 96 104 111 113 119 121 125 126 127,-1.0,
base,active,,539458.0,540324.0,0 1 2 3 4 5 6 7 8 9 10 11 12 13 14 15 16 17 18 19 20 21 22 23 24 25 26 27 28 29 30 31 43 44 45 51 52 53 54 55 56 59 60 61 62 63 68 69 70 77 78 80 89,-1.0,
base,active,,539458.0,540358.0,90 91 92 99 109 112 114 115 116 117 118,-1.0,
base,sleeping,,539542.0,540914.0,110,-4.0,
base,active,,539573.0,540414.0,33,-1.0,
base,active,,539573.0,540473.0,34 35 36 37 38 39 40 41 42 46 47 48 49 50 64 65 66 67 75 81 82 83 84 85 86 87 88 97 98 123 124,-1.0,
base,active,536899.0,539652.0,539799.0,32 100 101 102 103 106 107 108,38002.0,False
base,active,,539799.0,540699.0,32 100 101 102 103 106 107 108,-1.0,
base,active,540256.0,540256.0,540262.0,93,38015.0,False
base,active,,540262.0,540930.0,93,-1.0,
base,active,540324.0,540324.0,542101.0,0 1 2 3 4 5 6 7 8 9 10 11 12 13 14 15 16 17 18 19 20 21 22 23 24 25 26 27 28 29 30 31 43 44 45 51 52 53 54 55 56 59 60 61 62 63 68 69 70 77 78 80 89 94 95 96 104 111 113 119 121 125 126 127,38016.0,False
base,switching_off,,540358.0,542158.0,90 91 92 99 109 112 114 115 116 117 118,-2.0,
base,active,540414.0,540414.0,540434.0,33,38017.0,False
base,active,,540434.0,540930.0,33,-1.0,
base,switching_off,,540473.0,542273.0,34 35 36 37 38 39 40 41 42 46 47 48 49 50 64 65 66 67 75 81 82 83 84 85 86 87 88 97 98 123 124,-2.0,
base,switching_off,,540699.0,542499.0,32 100 101 102 103 106 107 108,-2.0,
base,switching_on,,540719.0,543419.0,57 58 71 72 73 74 76 79,-3.0,
base,switching_on,,540914.0,543614.0,105 110 120 122,-3.0,
base,active,540922.0,540930.0,541012.0,33 93,38022.0,False
base,active,540930.0,541012.0,541089.0,33 93,38023.0,False
base,active,,541089.0,541153.0,33,-1.0,
base,active,,541089.0,541989.0,93,-1.0,
base,active,540940.0,541153.0,541316.0,33,38024.0,False
base,active,,541316.0,542101.0,33,-1.0,
base,switching_off,,541989.0,543789.0,93,-2.0,
base,active,540769.0,542101.0,542143.0,0 1 2 3 4 5 6 33,38019.0,False
base,active,,542101.0,542143.0,7 8 9 10 11 12 13 14 15 16 17 18 19 20 21 22 23 24 25 26 27 28 29 30 31 43 44 45 51 52 53 54 55 56 59 60 61 62 63 68 69 70 77 78 80 89 94 95 96 104 111 113 119 121 125 126 127,-1.0,
base,active,541153.0,542143.0,542973.0,0 1 2 3 4 5 6 7 8 9 10 11 12 13 14 15 16 17 18 19 20 21 22 23 24 25 26 27 28 29 30 31 43 44 45 51 52 53 54 55 56 59 60 61 62 63 68 69 70 77 78 80 89 94 95 96 104 111 113 119 121 125 126 127,38025.0,False
base,active,,542143.0,542973.0,33,-1.0,
base,sleeping,,542158.0,542973.0,90 91 92,-4.0,
base,sleeping,,542158.0,543271.0,99,-4.0,
base,sleeping,,542158.0,543296.0,109 112 114 115 116 117 118,-4.0,
base,sleeping,,542273.0,542973.0,34 35 36 37 38 39 40 41 42 46 47 48 49 50 64 65 66 67 75 81 82 83 84 85 86 87 88 97,-4.0,
base,sleeping,,542273.0,543271.0,98,-4.0,
base,sleeping,,542273.0,544411.0,123,-4.0,
base,sleeping,,542273.0,545886.0,124,-4.0,
base,sleeping,,542499.0,542973.0,32,-4.0,
base,sleeping,,542499.0,543271.0,100 101 102 103 106 107,-4.0,
base,sleeping,,542499.0,543296.0,108,-4.0,
base,active,,542973.0,543222.0,127,-1.0,
base,active,542189.0,542973.0,544732.0,0 1 2 3 4 5 6 7 8 9 10 11 12 13 14 15 16 17 18 19 20 21 22 23 24 25 26 27 28 29 30 31 33 43 44 45 51 52 53 54 55 56 59 60 61 62 63 68 69 70 77 78 80 89 94 95 96 104 111 113 119 121 125 126,38026.0,False
base,switching_on,,542973.0,545673.0,32 34 35 36 37 38 39 40 41 42 46 47 48 49 50 64 65 66 67 75 81 82 83 84 85 86 87 88 90 91 92 97,-3.0,
base,active,543222.0,543222.0,543246.0,127,38029.0,False
base,active,,543246.0,543371.0,127,-1.0,
base,switching_on,,543271.0,545971.0,98 99 100 101 102 103 106 107,-3.0,
base,switching_on,,543296.0,545996.0,108 109 112 114 115 116 117 118,-3.0,
base,active,543371.0,543371.0,543377.0,127,38032.0,False
base,active,,543377.0,543380.0,127,-1.0,
base,active,543380.0,543380.0,543492.0,127,38033.0,False
base,active,540719.0,543419.0,543460.0,57 58 71 72 73 74 76 79,38018.0,False
base,active,543392.0,543460.0,543536.0,57 58 71 72,38034.0,False
base,active,,543460.0,543950.0,73,-1.0,
base,active,,543460.0,543975.0,74 76 79,-1.0,
base,active,,543492.0,543975.0,127,-1.0,
base,active,,543536.0,544011.0,57,-1.0,
base,active,,543536.0,544436.0,58 71 72,-1.0,
base,active,540914.0,543614.0,543701.0,120 122,38021.0,False
base,active,540906.0,543614.0,543706.0,105 110,38020.0,False
base,active,,543701.0,544601.0,120 122,-1.0,
base,active,,543706.0,544606.0,105 110,-1.0,
base,sleeping,,543789.0,544411.0,93,-4.0,
base,active,543950.0,543950.0,543966.0,73,38035.0,False
base,active,,543966.0,544732.0,73,-1.0,
base,active,543975.0,543975.0,544309.0,74 76 79 127,38036.0,False
base,active,544011.0,544011.0,544148.0,57,38037.0,False
base,active,,544148.0,544732.0,57,-1.0,
base,active,,544309.0,544732.0,74 76 79 127,-1.0,
base,switching_on,,544411.0,547111.0,93 123,-3.0,
base,switching_off,,544436.0,546236.0,58 71 72,-2.0,
base,switching_off,,544601.0,546401.0,120 122,-2.0,
base,switching_off,,544606.0,546406.0,105 110,-2.0,
base,active,,544732.0,545632.0,111 113 119 121 125 126,-1.0,
base,active,544053.0,544732.0,547317.0,0 1 2 3 4 5 6 7 8 9 10 11 12 13 14 15 16 17 18 19 20 21 22 23 24 25 26 27 28 29 30 31 33 43 44 45 51 52 53 54 55 56 57 59 60 61 62 63 68 69 70 73 74 76 77 78 79 80 89 94 95 96 104 127,38038.0,False
base,switching_off,,545632.0,547432.0,111 113 119 121 125 126,-2.0,
base,active,542793.0,545673.0,545731.0,65 66 67 75 81 82 83 84 85 86 87 88 90 91 92 97,38028.0,False
base,active,542535.0,545673.0,545736.0,32 34 35 36 37 38 39 40 41 42 46 47 48 49 50 64,38027.0,False
base,active,,545731.0,545865.0,65,-1.0,
base,active,,545731.0,548586.0,66 67 75 81 82 83 84 85 86 87 88 90 91 92 97,-1.0,
base,active,,545736.0,548586.0,32 34 35 36 37 38 39 40 41 42 46 47 48 49 50 64,-1.0,
base,active,545865.0,545865.0,545973.0,65,38041.0,False
base,switching_on,,545886.0,548586.0,124,-3.0,
base,active,543271.0,545971.0,546077.0,98 99 100 101 102 103 106 107,38030.0,False
base,active,,545973.0,546077.0,65,-1.0,
base,active,543296.0,545996.0,546068.0,108 109 112 114 115 116 117 118,38031.0,False
base,active,,546068.0,546077.0,108 109 112 114 115 116 117 118,-1.0,
base,active,545941.0,546077.0,546113.0,65 98 99 100 101 102 103 106 108 109 112 114 115 116 117 118,38043.0,False
base,active,546025.0,546077.0,546203.0,107,38044.0,False
base,active,,546113.0,546257.0,65,-1.0,
base,active,,546113.0,547013.0,98 99 100 101 102 103 106 108 109 112 114 115 116 117 118,-1.0,
base,active,,546203.0,547103.0,107,-1.0,
base,sleeping,,546236.0,547317.0,58,-4.0,
base,sleeping,,546236.0,552733.0,71 72,-4.0,
base,active,546257.0,546257.0,546323.0,65,38045.0,False
base,active,,546323.0,547223.0,65,-1.0,
base,sleeping,,546401.0,552733.0,120 122,-4.0,
base,sleeping,,546406.0,552733.0,105 110,-4.0,
base,switching_off,,547013.0,548813.0,98 99 100 101 102 103 106 108 109 112 114 115 116 117 118,-2.0,
base,switching_off,,547103.0,548903.0,107,-2.0,
base,active,544234.0,547111.0,547185.0,93,38039.0,False
base,active,544411.0,547111.0,548549.0,123,38040.0,False
base,active,,547185.0,547317.0,93,-1.0,
base,switching_off,,547223.0,549023.0,65,-2.0,
base,active,546474.0,547317.0,547352.0,68 69 70 73 74 76 77 78 79 80 89 94 95 96 104 127,38049.0,False
base,active,546319.0,547317.0,547353.0,0 1 2 3 4 5 6 7 8 9 10 11 12 13 14 15 16 17 18 19 20 21 22 23 24 25 26 27 28 29 30 93,38046.0,False
base,active,546428.0,547317.0,547358.0,33 43 44 45 51 52 53 54 55 56 57 59 60 61 62 63,38048.0,False
base,active,546338.0,547317.0,547618.0,31,38047.0,False
base,switching_on,,547317.0,550017.0,58,-3.0,
base,active,,547352.0,547426.0,68 69 70 73 74 76 77 78 79 80 89 94 95 96 104 127,-1.0,
base,active,,547353.0,547426.0,93,-1.0,
base,active,,547353.0,548253.0,0 1 2 3 4 5 6 7 8 9 10 11 12 13 14 15 16 17 18 19 20 21 22 23 24 25 26 27 28 29 30,-1.0,
base,active,,547358.0,547426.0,61 62 63,-1.0,
base,active,,547358.0,548258.0,33 43 44 45 51 52 53 54 55 56 57 59 60,-1.0,
base,active,547426.0,547426.0,547458.0,61 62 63 68,38053.0,False
base,active,547387.0,547426.0,547462.0,69 70 73 74 76 77 78 79 80 89 93 94 95 96 104 127,38052.0,False
base,sleeping,,547432.0,552733.0,111 113 119 121 125 126,-4.0,
base,active,,547458.0,547743.0,61 62 63 68,-1.0,
base,active,,547462.0,547575.0,76 77 78 79 80 89 93 94 95 96 104 127,-1.0,
base,active,,547462.0,547743.0,69 70 73 74,-1.0,
base,active,547461.0,547575.0,547651.0,95 96 104 127,38054.0,False
base,active,547575.0,547575.0,548533.0,76 77 78 79 80 89 93 94,38055.0,False
base,active,,547618.0,548518.0,31,-1.0,
base,active,,547651.0,547743.0,95 96 104 127,-1.0,
base,active,547691.0,547743.0,547778.0,69 70 73 74 95 96 104 127,38056.0,False
base,active,547743.0,547743.0,547801.0,61 62 63 68,38057.0,False
base,active,,547778.0,548090.0,74 95 96 104 127,-1.0,
base,active,,547778.0,548446.0,69 70 73,-1.0,
base,active,,547801.0,548446.0,61 62 63 68,-1.0,
base,active,548090.0,548090.0,548104.0,74,38059.0,False
base,active,547806.0,548090.0,548833.0,95 96 104 127,38058.0,False
base,active,,548104.0,548446.0,74,-1.0,
base,switching_off,,548253.0,550053.0,0 1 2 3 4 5 6 7 8 9 10 11 12 13 14 15 16 17 18 19 20 21 22 23 24 25 26 27 28 29 30,-2.0,
base,switching_off,,548258.0,550058.0,33 43 44 45 51 52 53 54 55 56 57 59 60,-2.0,
base,active,548258.0,548446.0,548765.0,61 62 63 68 69 70 73 74,38060.0,False
base,switching_off,,548518.0,550318.0,31,-2.0,
base,active,,548533.0,548603.0,77 78 79 80 89 93 94,-1.0,
base,active,,548533.0,549433.0,76,-1.0,
base,active,,548549.0,548603.0,123,-1.0,
base,active,545886.0,548586.0,548624.0,32 34 35 36 37 38 39 40 41 42 46 47 48 49 50 64 66 67 75 81 82 83 84 85 86 87 88 90 91 92 97 124,38042.0,False
base,active,548446.0,548603.0,548650.0,89 93 94 123,38061.0,False
base,active,548603.0,548603.0,548910.0,77 78 79 80,38062.0,False
base,active,,548624.0,548744.0,97 124,-1.0,
base,active,,548624.0,549524.0,32 34 35 36 37 38 39 40 41 42 46 47 48 49 50 64 66 67 75 81 82 83 84 85 86 87 88 90 91 92,-1.0,
base,active,,548650.0,548744.0,94 123,-1.0,
base,active,,548650.0,549550.0,89 93,-1.0,
base,active,548744.0,548744.0,548777.0,94 97 123 124,38064.0,False
base,active,,548765.0,549665.0,61 62 63 68 69 70 73 74,-1.0,
base,active,,548777.0,548783.0,94 97 123 124,-1.0,
base,active,548783.0,548783.0,548815.0,94 97 123 124,38065.0,False
base,sleeping,,548813.0,552733.0,98 99 100 101 102 103 106 108 109 112 114 115 116 117 118,-4.0,
base,active,,548815.0,548819.0,94 97 123 124,-1.0,
base,active,548819.0,548819.0,548854.0,94 97 123 124,38066.0,False
base,active,,548833.0,548856.0,95 96 104 127,-1.0,
base,active,,548854.0,548856.0,94 97 123 124,-1.0,
base,active,548856.0,548856.0,548888.0,94 95 96 97 104 123 124 127,38067.0,False
base,active,,548888.0,549788.0,94 95 96 97 104 123 124 127,-1.0,
base,sleeping,,548903.0,552733.0,107,-4.0,
base,active,,548910.0,549810.0,77 78 79 80,-1.0,
base,sleeping,,549023.0,552733.0,65,-4.0,
base,switching_off,,549433.0,551233.0,76,-2.0,
base,switching_off,,549524.0,551324.0,32 34 35 36 37 38 39 40 41 42 46 47 48 49 50 64 66 67 75 81 82 83 84 85 86 87 88 90 91 92,-2.0,
base,switching_off,,549550.0,551350.0,89 93,-2.0,
base,switching_off,,549665.0,551465.0,61 62 63 68 69 70 73 74,-2.0,
base,switching_off,,549788.0,551588.0,94 95 96 97 104 123 124 127,-2.0,
base,switching_off,,549810.0,551610.0,77 78 79 80,-2.0,
base,active,546650.0,550017.0,550033.0,58,38050.0,False
base,active,,550033.0,550933.0,58,-1.0,
base,sleeping,,550053.0,552733.0,0 1 2 3 4 5 6 7 8 9 10 11 12 13 14 15 16 17 18 19 20 21 22 23 24 25 26 27 28 29 30,-4.0,
base,sleeping,,550058.0,552733.0,33 43 44 45 51 52 53 54 55 56 57 59 60,-4.0,
base,sleeping,,550318.0,552733.0,31,-4.0,
base,switching_off,,550933.0,552733.0,58,-2.0,
base,sleeping,,551233.0,552733.0,76,-4.0,
base,sleeping,,551324.0,552733.0,32 34 35 36 37 38 39 40 41 42 46 47 48 49 50 64 66 67 75 81 82 83 84 85 86 87 88 90 91 92,-4.0,
base,sleeping,,551350.0,552733.0,89 93,-4.0,
base,sleeping,,551465.0,552733.0,61 62 63 68 69 70 73 74,-4.0,
base,sleeping,,551588.0,552733.0,94 95 96 97 104 123 124 127,-4.0,
base,sleeping,,551610.0,552733.0,77 78 79 80,-4.0,
base,switching_on,,552733.0,555433.0,0 1 2 3 4 5 6 7 8 9 10 11 12 13 14 15 16 17 18 19 20 21 22 23 24 25 26 27 28 29 30 31 32 33 34 35 36 37 38 39 40 41 42 43 44 45 46 47 48 49 50 51 52 53 54 55 56 57 58 59 60 61 62 63 64 65 66 67 68 69 70 71 72 73 74 75 76 77 78 79 80 81 82 83 84 85 86 87 88 89 90 91 92 93 94 95 96 97 98 99 100 101 102 103 104 105 106 107 108 109 110 111 112 113 114 115 116 117 118 119 120 121 122 123 124 125 126 127,-3.0,
base,active,547254.0,555433.0,555555.0,0 1 2 3 4 5 6 7 8 9 10 11 12 13 14 15 16 17 18 19 20 21 22 23 24 25 26 27 28 29 30 31 32 33 34 35 36 37 38 39 40 41 42 43 44 45 46 47 48 49 50 51 52 53 54 55 56 57 58 59 60 61 62 63 64 65 66 67 68 69 70 71 72 73 74 75 76 77 78 79 80 81 82 83 84 85 86 87 88 89 90 91 92 93 94 95 96 97 98 99 100 101 102 103 104 105 106 107 108 109 110 111 112 113 114 115 116 117 118 119 120 121 122 123 124 125 126 127,38051.0,False
base,active,551668.0,555555.0,555586.0,64,38069.0,False
base,active,548704.0,555555.0,555591.0,0 1 2 3 4 5 6 7 8 9 10 11 12 13 14 15 16 17 18 19 20 21 22 23 24 25 26 27 28 29 30 31 32 33 34 35 36 37 38 39 40 41 42 43 44 45 46 47 48 49 50 51 52 53 54 55 56 57 58 59 60 61 62 63,38063.0,False
base,active,551710.0,555555.0,555609.0,65,38070.0,False
base,active,,555555.0,555609.0,66 67 68 69 70 71 72 73 74 75 76 77 78 79 80 81 82 83 84 85 86 87 88 89 90 91 92 93 94 95 96 97 98 99 100 101 102 103 104 105 106 107 108 109 110 111 112 113 114 115 116 117 118 119 120 121 122 123 124 125 126 127,-1.0,
base,active,,555586.0,555609.0,64,-1.0,
base,active,,555591.0,555609.0,0 1 2 3 4 5 6 7 8 9 10 11 12 13 14 15 16 17 18 19 20 21 22 23 24 25 26 27 28 29 30 31 32 33 34 35 36 37 38 39 40 41 42 43 44 45 46 47 48 49 50 51 52 53 54 55 56 57 58 59 60 61 62 63,-1.0,
base,active,554797.0,555609.0,555780.0,0 1 2 3 4 5 6 7 8 9 10 11 12 13 14 15 16 17 18 19 20 21 22 23 24 25 26 27 28 29 30 31 32 33 34 35 36 37 38 39 40 41 42 43 44 45 46 47 48 49 50 51 52 53 54 55 56 57 58 59 60 61 62 63 64 65 66 67 68 69 70 71 72 73 74 75 76 77 78 79 80 81 82 83 84 85 86 87 88 89 90 91 92 93 94 95 96 97 98 99 100 101 102 103 104 105 106 107 108 109 110 111 112 113 114 115 116 117 118 119 120 121 122 123 124 125 126 127,38074.0,False
base,active,554978.0,555780.0,566712.0,0 1 2 3 4 5 6 7 8 9 10 11 12 13 14 15 16 17 18 19 20 21 22 23 24 25 26 27 28 29 30 31 32 33 34 35 36 37 38 39 40 41 42 43 44 45 46 47 48 49 50 51 52 53 54 55 56 57 58 59 60 61 62 63 64 65 66 67 68 69 70 71 72 73 74 75 76 77 78 79 80 81 82 83 84 85 86 87 88 89 90 91 92 93 94 95 96 97 98 99 100 101 102 103 104 105 106 107 108 109 110 111 112 113 114 115 116 117 118 119 120 121 122 123 124 125 126 127,38075.0,False
base,active,565931.0,566712.0,566795.0,0 1 2 3 4 5 6 7 8 9 10 11 12 13 14 15 16 17 18 19 20 21 22 23 24 25 26 27 28 29 30 31 32 33 34 35 36 37 38 39 40 41 42 43 44 45 46 47 48 49 50 51 52 53 54 55 56 57 58 59 60 61 62 63 64 65 66 67 68 69 70 71 72 73 74 75 76 77 78 79 80 81 82 83 84 85 86 87 88 89 90 91 92 93 94 95 96 97 98 99 100 101 102 103 104 105 106 107 108 109 110 111 112 113 114 115 116 117 118 119 120 121 122 123 124 125 126 127,38076.0,False
base,active,,566795.0,567695.0,64 65 66 67 68 69 70 71 72 73 74 75 76 77 78 79 80 81 82 83 84 85 86 87 88 89 90 91 92 93 94 95 96 97 98 99 100 101 102 103 104 105 106 107 108 109 110 111 112 113 114 115 116 117 118 119 120 121 122 123 124 125 126 127,-1.0,
base,active,566017.0,566795.0,577722.0,0 1 2 3 4 5 6 7 8 9 10 11 12 13 14 15 16 17 18 19 20 21 22 23 24 25 26 27 28 29 30 31 32 33 34 35 36 37 38 39 40 41 42 43 44 45 46 47 48 49 50 51 52 53 54 55 56 57 58 59 60 61 62 63,38077.0,False
base,switching_off,,567695.0,569495.0,64 65 66 67 68 69 70 71 72 73 74 75 76 77 78 79 80 81 82 83 84 85 86 87 88 89 90 91 92 93 94 95 96 97 98 99 100 101 102 103 104 105 106 107 108 109 110 111 112 113 114 115 116 117 118 119 120 121 122 123 124 125 126 127,-2.0,
base,sleeping,,569495.0,589262.0,64 65 66 67 68 69 70 71 72 73 74 75 76 77 78 79 80 81 82 83 84 85 86,-4.0,
base,sleeping,,569495.0,589283.0,87 88 89 90 91 92 93 94 95 96 97 98 99 100 101 102 103 104 105 106 107 108 109 110 111 112 113 114 115 116 117 118,-4.0,
base,sleeping,,569495.0,591032.0,119 120,-4.0,
base,sleeping,,569495.0,591129.0,121 122 123 124,-4.0,
base,sleeping,,569495.0,591182.0,125,-4.0,
base,sleeping,,569495.0,591965.0,126 127,-4.0,
base,active,,577722.0,578622.0,0 1 2 3 4 5 6 7 8 9 10 11 12 13 14 15 16 17 18 19 20 21 22 23 24 25 26 27 28 29 30 31 32 33 34 35 36 37 38 39 40 41 42 43 44 45 46 47 48 49 50 51 52 53 54 55 56 57 58 59 60 61 62 63,-1.0,
base,switching_off,,578622.0,580422.0,0 1 2 3 4 5 6 7 8 9 10 11 12 13 14 15 16 17 18 19 20 21 22 23 24 25 26 27 28 29 30 31 32 33 34 35 36 37 38 39 40 41 42 43 44 45 46 47 48 49 50 51 52 53 54 55 56 57 58 59 60 61 62 63,-2.0,
base,sleeping,,580422.0,584697.0,0 1 2 3 4 5 6 7,-4.0,
base,sleeping,,580422.0,584734.0,8,-4.0,
base,sleeping,,580422.0,584795.0,9,-4.0,
base,sleeping,,580422.0,585173.0,10,-4.0,
base,sleeping,,580422.0,586790.0,11 12 13 14,-4.0,
base,sleeping,,580422.0,587107.0,15 16 17 18,-4.0,
base,sleeping,,580422.0,587122.0,19 20 21 22,-4.0,
base,sleeping,,580422.0,589220.0,23 24 25 26 27 28 29 30 31 32 33 34 35 36 37 38 39 40 41 42 43 44 45 46 47 48 49 50 51 52 53 54,-4.0,
base,sleeping,,580422.0,589262.0,55 56 57 58 59 60 61 62 63,-4.0,
base,switching_on,,584697.0,587397.0,0 1 2 3 4 5 6 7,-3.0,
base,switching_on,,584734.0,587434.0,8,-3.0,
base,switching_on,,584795.0,587495.0,9,-3.0,
base,switching_on,,585173.0,587873.0,10,-3.0,
base,switching_on,,586790.0,589490.0,11 12 13 14,-3.0,
base,switching_on,,587107.0,589807.0,15 16 17 18,-3.0,
base,switching_on,,587122.0,589822.0,19 20 21 22,-3.0,
base,active,584697.0,587397.0,587509.0,0 1 2 3 4 5 6 7,38118.0,False
base,active,584734.0,587434.0,587483.0,8,38119.0,False
base,active,,587483.0,587964.0,8,-1.0,
base,active,584795.0,587495.0,587538.0,9,38120.0,False
base,active,,587509.0,587964.0,0 1 2,-1.0,
base,active,,587509.0,588409.0,3 4 5 6 7,-1.0,
base,active,,587538.0,588438.0,9,-1.0,
base,active,585173.0,587873.0,587923.0,10,38122.0,False
base,active,,587923.0,588823.0,10,-1.0,
base,active,587964.0,587964.0,587967.0,0 1 2 8,38128.0,False
base,active,,587967.0,588867.0,0 1 2 8,-1.0,
base,switching_off,,588409.0,590209.0,3 4 5 6 7,-2.0,
base,switching_off,,588438.0,590238.0,9,-2.0,
base,switching_off,,588823.0,590623.0,10,-2.0,
base,switching_off,,588867.0,590667.0,0 1 2 8,-2.0,
base,switching_on,,589220.0,591920.0,23 24 25 26 27 28 29 30 31 32 33 34 35 36 37 38 39 40 41 42 43 44 45 46 47 48 49 50 51 52 53 54,-3.0,
base,switching_on,,589262.0,591962.0,55 56 57 58 59 60 61 62 63 64 65 66 67 68 69 70 71 72 73 74 75 76 77 78 79 80 81 82 83 84 85 86,-3.0,
base,switching_on,,589283.0,591983.0,87 88 89 90 91 92 93 94 95 96 97 98 99 100 101 102 103 104 105 106 107 108 109 110 111 112 113 114 115 116 117 118,-3.0,
base,active,586790.0,589490.0,589493.0,11 12 13 14,38125.0,False
base,active,,589493.0,590393.0,11 12 13 14,-1.0,
base,active,587107.0,589807.0,589810.0,15 16 17 18,38126.0,False
base,active,,589810.0,590710.0,15 16 17 18,-1.0,
base,active,587122.0,589822.0,589825.0,19 20 21 22,38127.0,False
base,active,,589825.0,590725.0,19 20 21 22,-1.0,
base,sleeping,,590209.0,590822.0,3,-4.0,
base,sleeping,,590209.0,590953.0,4,-4.0,
base,sleeping,,590209.0,591032.0,5 6 7,-4.0,
base,sleeping,,590238.0,591032.0,9,-4.0,
base,switching_off,,590393.0,592193.0,11 12 13 14,-2.0,
base,sleeping,,590623.0,591032.0,10,-4.0,
base,sleeping,,590667.0,590822.0,0 1 2,-4.0,
base,sleeping,,590667.0,591032.0,8,-4.0,
base,switching_off,,590710.0,592510.0,15 16 17 18,-2.0,
base,switching_off,,590725.0,592525.0,19 20 21 22,-2.0,
base,switching_on,,590822.0,593522.0,0 1 2 3,-3.0,
base,switching_on,,590953.0,593653.0,4,-3.0,
base,switching_on,,591032.0,593732.0,5 6 7 8 9 10 119 120,-3.0,
base,switching_on,,591129.0,593829.0,121 122 123 124,-3.0,
base,switching_on,,591182.0,593882.0,125,-3.0,
base,active,589220.0,591920.0,591923.0,23 24 25 26 27 28 29 30 31 32 33 34 35 36 37 38 39 40 41 42 43 44 45 46 47 48 49 50 51 52 53 54,38129.0,False
base,active,591634.0,591923.0,592002.0,23 24 25 26 27 28 29 30 31 32 33 34 35 36 37 38 39 40 41 42 43 44 45 46 47 48 49 50 51 52 53 54,38143.0,False
base,active,589262.0,591962.0,591965.0,55 56 57 58 59 60 61 62 63 64 65 66 67 68 69 70 71 72 73 74 75 76 77 78 79 80 81 82 83 84 85 86,38130.0,False
base,active,,591965.0,591986.0,85 86,-1.0,
base,active,591656.0,591965.0,592023.0,55 56 57 58 59 60 61 62,38144.0,False
base,active,591883.0,591965.0,592133.0,69 70 71 72 73 74 75 76 77 78 79 80 81 82 83 84,38147.0,False
base,active,,591965.0,594665.0,63 64 65 66 67 68,-1.0,
base,switching_on,,591965.0,594665.0,126 127,-3.0,
base,active,589283.0,591983.0,591986.0,87 88 89 90 91 92 93 94 95 96 97 98 99 100 101 102 103 104 105 106 107 108 109 110 111 112 113 114 115 116 117 118,38131.0,False
base,active,,591986.0,592034.0,117 118,-1.0,
base,active,591775.0,591986.0,592111.0,85 86 87 88 89 90 91 92 93 94 95 96 97 98 99 100 101 102 103 104 105 106 107 108 109 110 111 112 113 114 115 116,38145.0,False
base,active,,592002.0,592034.0,23 24 25 26 27 28 29 30 31 32 33 34 35 36 37 38 39 40 41 42 43 44 45 46 47 48 49 50 51 52,-1.0,
base,active,,592002.0,592057.0,53 54,-1.0,
base,active,,592023.0,592057.0,55 56 57 58 59 60,-1.0,
base,active,,592023.0,592111.0,61 62,-1.0,
base,active,592034.0,592034.0,592397.0,23 24 25 26 27 28 29 30 31 32 33 34 35 36 37 38 39 40 41 42 43 44 45 46 47 48 49 50 51 52 117 118,38148.0,False
base,active,592057.0,592057.0,592398.0,53 54 55 56 57 58 59 60,38149.0,False
base,active,592109.0,592111.0,592247.0,61 62 85 86 87 88 89 90 91 92 93 94 95 96 97 98,38150.0,False
base,active,,592111.0,592612.0,99 100 101 102 103 104 105 106 107 108 109 110 111 112 113 114,-1.0,
base,active,,592111.0,592614.0,115 116,-1.0,
base,active,,592133.0,592614.0,69 70 71 72 73 74 75 76 77 78 79 80 81 82 83 84,-1.0,
base,sleeping,,592193.0,598654.0,11 12 13 14,-4.0,
base,active,,592247.0,592614.0,61 62 85 86 87 88 89 90 91 92 93 94 95 96,-1.0,
base,active,,592247.0,592659.0,97 98,-1.0,
base,active,,592397.0,592659.0,23 24 25 26 27 28,-1.0,
base,active,,592397.0,593111.0,117 118,-1.0,
base,active,,592397.0,593297.0,29 30 31 32 33 34 35 36 37 38 39 40 41 42 43 44 45 46 47 48 49 50 51 52,-1.0,
base,active,,592398.0,593196.0,57 58 59 60,-1.0,
base,active,,592398.0,593298.0,53 54 55 56,-1.0,
base,sleeping,,592510.0,598654.0,15 16 17 18,-4.0,
base,sleeping,,592525.0,598654.0,19 20 21 22,-4.0,
base,active,592612.0,592612.0,592789.0,99 100 101 102 103 104 105 106 107 108 109 110 111 112 113 114,38151.0,False
base,active,592614.0,592614.0,592700.0,61 62 69 70 71 72 73 74 75 76 77 78 79 80 81 82 83 84 85 86 87 88 89 90 91 92 93 94 95 96 115 116,38152.0,False
base,active,592659.0,592659.0,592700.0,23 24 25 26 27 28 97 98,38153.0,False
base,active,,592700.0,593111.0,86 87 88 89 90 91 92 93 94 95 96 97 98 115 116,-1.0,
base,active,,592700.0,593196.0,61 62 69 70 71 72 73 74 75 76 77 78 79 80 81 82 83 84 85,-1.0,
base,active,,592700.0,593600.0,23 24 25 26 27 28,-1.0,
base,active,,592789.0,593111.0,99 100 101 102 103 104 105 106 107 108 109 110 111 112 113 114,-1.0,
base,active,592963.0,593111.0,593128.0,118,38155.0,False
base,active,593111.0,593111.0,593316.0,86 87 88 89 90 91 92 93 94 95 96 97 98 99 100 101 102 103 104 105 106 107 108 109 110 111 112 113 114 115 116 117,38157.0,False
base,active,,593128.0,593196.0,118,-1.0,
base,active,593184.0,593196.0,593330.0,79 80 81 82 83 84 85 118,38158.0,False
base,active,593196.0,593196.0,593384.0,57 58 59 60 61 62 69 70 71 72 73 74 75 76 77 78,38159.0,False
base,switching_off,,593297.0,595097.0,29 30 31 32 33 34 35 36 37 38 39 40 41 42 43 44 45 46 47 48 49 50 51 52,-2.0,
base,switching_off,,593298.0,595098.0,53 54 55 56,-2.0,
base,active,,593316.0,593440.0,102 103 104 105 106 107 108 109 110 111 112 113 114 115 116 117,-1.0,
base,active,,593316.0,594216.0,86 87 88 89 90 91 92 93 94 95 96 97 98 99 100 101,-1.0,
base,active,,593330.0,593440.0,118,-1.0,
base,active,,593330.0,594230.0,79 80 81 82 83 84 85,-1.0,
base,active,,593384.0,594284.0,57 58 59 60 61 62 69 70 71 72 73 74 75 76 77 78,-1.0,
base,active,593292.0,593440.0,593460.0,118,38160.0,False
base,active,593440.0,593440.0,593580.0,102 103 104 105 106 107 108 109 110 111 112 113 114 115 116 117,38161.0,False
base,active,,593460.0,593514.0,118,-1.0,
base,active,593488.0,593514.0,593539.0,118,38163.0,False
base,active,590822.0,593522.0,593704.0,0 1 2 3,38138.0,False
base,active,,593539.0,594004.0,118,-1.0,
base,active,,593580.0,594004.0,110 111 112 113 114 115 116 117,-1.0,
base,active,,593580.0,594480.0,102 103 104 105 106 107 108 109,-1.0,
base,switching_off,,593600.0,595400.0,23 24 25 26 27 28,-2.0,
base,active,590953.0,593653.0,593657.0,4,38139.0,False
base,active,,593657.0,594557.0,4,-1.0,
base,active,,593704.0,594604.0,0 1 2 3,-1.0,
base,active,591032.0,593732.0,593796.0,5 6 7 8 9 10 119 120,38140.0,False
base,active,,593796.0,594004.0,119 120,-1.0,
base,active,,593796.0,594696.0,5 6 7 8 9 10,-1.0,
base,active,591129.0,593829.0,593870.0,121 122 123 124,38141.0,False
base,active,,593870.0,594004.0,121 122 123 124,-1.0,
base,active,591182.0,593882.0,593887.0,125,38142.0,False
base,active,,593887.0,594004.0,125,-1.0,
base,active,594004.0,594004.0,594177.0,110 111 112 113 114 115 116 117 118 119 120 121 122 123 124 125,38166.0,False
base,active,,594177.0,594226.0,122 123 124 125,-1.0,
base,active,,594177.0,594308.0,121,-1.0,
base,active,,594177.0,594796.0,110 111 112 113 114 115 116 117 118 119 120,-1.0,
base,switching_off,,594216.0,596016.0,86 87 88 89 90 91 92 93 94 95 96 97 98 99 100 101,-2.0,
base,active,594226.0,594226.0,594815.0,122 123 124 125,38167.0,False
base,switching_off,,594230.0,596030.0,79 80 81 82 83 84 85,-2.0,
base,switching_off,,594284.0,596084.0,57 58 59 60 61 62 69 70 71 72 73 74 75 76 77 78,-2.0,
base,active,594308.0,594308.0,594314.0,121,38169.0,False
base,active,,594314.0,594796.0,121,-1.0,
base,switching_off,,594480.0,596280.0,102 103 104 105 106 107 108 109,-2.0,
base,switching_off,,594557.0,596357.0,4,-2.0,
base,switching_off,,594604.0,596404.0,0 1 2 3,-2.0,
base,active,591795.0,594665.0,594770.0,63 64 65 66 67 68 126 127,38146.0,False
base,switching_off,,594696.0,596496.0,5 6 7 8 9 10,-2.0,
base,active,,594770.0,594796.0,67 68 126 127,-1.0,
base,active,,594770.0,595670.0,63 64 65 66,-1.0,
base,active,594796.0,594796.0,595171.0,67 68 110 111 112 113 114 115 116 117 118 119 120 121 126 127,38174.0,False
base,active,,594815.0,595225.0,124 125,-1.0,
base,active,,594815.0,595343.0,123,-1.0,
base,active,,594815.0,595715.0,122,-1.0,
base,sleeping,,595097.0,598654.0,29 30 31 32 33 34 35 36 37 38 39 40 41 42 43 44 45 46 47 48 49 50 51 52,-4.0,
base,sleeping,,595098.0,598654.0,53 54 55 56,-4.0,
base,active,,595171.0,595225.0,126 127,-1.0,
base,active,,595171.0,596071.0,67 68 110 111 112 113 114 115 116 117 118 119 120 121,-1.0,
base,active,595225.0,595225.0,598654.0,124 125 126 127,38176.0,False
base,active,595343.0,595343.0,595345.0,123,38177.0,False
base,active,,595345.0,596245.0,123,-1.0,
base,sleeping,,595400.0,598654.0,23 24 25 26 27 28,-4.0,
base,switching_off,,595670.0,597470.0,63 64 65 66,-2.0,
base,switching_off,,595715.0,597515.0,122,-2.0,
base,sleeping,,596016.0,598654.0,86 87 88 89 90 91 92 93 94 95 96 97 98 99 100 101,-4.0,
base,sleeping,,596030.0,598654.0,79 80 81 82 83 84 85,-4.0,
base,switching_off,,596071.0,597871.0,67 68 110 111 112 113 114 115 116 117 118 119 120 121,-2.0,
base,sleeping,,596084.0,598654.0,57 58 59 60 61 62 69 70 71 72 73 74 75 76 77 78,-4.0,
base,switching_off,,596245.0,598045.0,123,-2.0,
base,sleeping,,596280.0,598654.0,102 103 104 105 106 107 108 109,-4.0,
base,sleeping,,596357.0,598654.0,4,-4.0,
base,sleeping,,596404.0,598654.0,0 1 2 3,-4.0,
base,sleeping,,596496.0,598654.0,5 6 7 8 9 10,-4.0,
base,sleeping,,597470.0,598654.0,63 64 65 66,-4.0,
base,sleeping,,597515.0,598654.0,122,-4.0,
base,sleeping,,597871.0,598654.0,67 68 110 111 112 113 114 115 116 117 118 119 120 121,-4.0,
base,sleeping,,598045.0,598654.0,123,-4.0,
base,active,,598654.0,601354.0,124 125 126 127,-1.0,
base,switching_on,,598654.0,601354.0,0 1 2 3 4 5 6 7 8 9 10 11 12 13 14 15 16 17 18 19 20 21 22 23 24 25 26 27 28 29 30 31 32 33 34 35 36 37 38 39 40 41 42 43 44 45 46 47 48 49 50 51 52 53 54 55 56 57 58 59 60 61 62 63 64 65 66 67 68 69 70 71 72 73 74 75 76 77 78 79 80 81 82 83 84 85 86 87 88 89 90 91 92 93 94 95 96 97 98 99 100 101 102 103 104 105 106 107 108 109 110 111 112 113 114 115 116 117 118 119 120 121 122 123,-3.0,
base,active,592838.0,601354.0,601454.0,0 1 2 3 4 5 6 7 8 9 10 11 12 13 14 15 16 17 18 19 20 21 22 23 24 25 26 27 28 29 30 31 32 33 34 35 36 37 38 39 40 41 42 43 44 45 46 47 48 49 50 51 52 53 54 55 56 57 58 59 60 61 62 63 64 65 66 67 68 69 70 71 72 73 74 75 76 77 78 79 80 81 82 83 84 85 86 87 88 89 90 91 92 93 94 95 96 97 98 99 100 101 102 103 104 105 106 107 108 109 110 111 112 113 114 115 116 117 118 119 120 121 122 123 124 125 126 127,38154.0,False
base,active,596169.0,601454.0,601467.0,96 97 98 99 100 101 102 103 104 105 106 107 108 109 110 111,38185.0,False
base,active,596209.0,601454.0,601467.0,112 113 114 115 116 117 118 119 120 121 122 123 124 125 126 127,38186.0,False
base,active,595364.0,601454.0,605841.0,64 65 66 67 68 69 70 71 72 73 74 75 76 77 78 79 80 81 82 83 84 85 86 87 88 89 90 91 92 93 94 95,38178.0,False
base,active,593514.0,601454.0,606800.0,0 1 2 3 4 5 6 7 8 9 10 11 12 13 14 15 16 17 18 19 20 21 22 23 24 25 26 27 28 29 30 31 32 33 34 35 36 37 38 39 40 41 42 43 44 45 46 47 48 49 50 51 52 53 54 55 56 57 58 59 60 61 62 63,38164.0,False
base,active,596455.0,601467.0,601468.0,96 97 98 99 100 101 102 103 104 105 106 107 108 109 110 111,38187.0,False
base,active,596461.0,601467.0,601476.0,112 113 114 115 116 117 118 119,38188.0,False
base,active,596509.0,601467.0,601477.0,120 121 122 123 124 125 126 127,38190.0,False
base,active,596630.0,601468.0,601481.0,96 97 98 99 100 101 102 103 104 105 106 107 108 109 110 111,38191.0,False
base,active,,601476.0,601477.0,112 113 114 115 116 117 118 119,-1.0,
base,active,596713.0,601477.0,601488.0,112 113 114 115 116 117 118 119 120 121 122 123 124 125 126 127,38192.0,False
base,active,597149.0,601481.0,601497.0,96 97 98 99 100 101 102 103 104 105 106 107 108 109 110 111,38195.0,False
base,active,597176.0,601488.0,601490.0,112 113 114 115 116 117 118 119 120 121 122 123 124 125 126 127,38196.0,False
base,active,597184.0,601490.0,601505.0,112 113 114 115 116 117 118 119 120 121 122 123 124 125 126 127,38197.0,False
base,active,599713.0,601497.0,601510.0,108 109 110 111,38221.0,False
base,active,598863.0,601497.0,601514.0,105,38208.0,False
base,active,597234.0,601497.0,601516.0,96,38198.0,False
base,active,598003.0,601497.0,601516.0,101 102 103 104,38205.0,False
base,active,,601497.0,601516.0,106 107,-1.0,
base,active,597582.0,601497.0,601546.0,97 98 99 100,38203.0,False
base,active,598940.0,601505.0,601526.0,112 113 114 115 116 117 118 119 120 121 122 123 124 125 126 127,38210.0,False
base,active,600373.0,601510.0,601522.0,108 109 110 111,38224.0,False
base,active,,601514.0,601516.0,105,-1.0,
base,active,600433.0,601516.0,601531.0,104 105 106 107,38225.0,False
base,active,,601516.0,601546.0,96 101 102 103,-1.0,
base,active,,601522.0,601546.0,108 109 110 111,-1.0,
base,active,598985.0,601526.0,601533.0,112 113 114 115 116 117 118 119 120 121 122 123 124 125 126 127,38211.0,False
base,active,,601531.0,601546.0,104 105 106 107,-1.0,
base,active,,601533.0,601546.0,112 113 114 115 116 117 118 119 120 121 122 123 124 125 126 127,-1.0,
base,active,598870.0,601546.0,602041.0,96 97 98 99 100 101 102 103 104 105 106 107 108 109 110 111 112 113 114 115 116 117 118 119 120 121 122 123 124 125 126 127,38209.0,False
base,active,,602041.0,602047.0,115,-1.0,
base,active,598997.0,602041.0,602056.0,96 97 98 99 100 101 102 103 104 105 106 107 108 109 110 111,38213.0,False
base,active,,602041.0,602056.0,113 114,-1.0,
base,active,601524.0,602041.0,602072.0,124 125 126 127,38233.0,False
base,active,601983.0,602041.0,602076.0,116 117 118 119,38238.0,False
base,active,601847.0,602041.0,602097.0,120 121 122 123,38236.0,False
base,active,599437.0,602041.0,602193.0,112,38218.0,False
base,active,602047.0,602047.0,602109.0,115,38240.0,False
base,active,,602056.0,602070.0,106 107 108 109,-1.0,
base,active,602011.0,602056.0,602090.0,110 111 113 114,38239.0,False
base,active,,602056.0,602956.0,96 97 98 99 100 101 102 103 104 105,-1.0,
base,active,602070.0,602070.0,602116.0,106 107 108 109,38242.0,False
base,active,,602072.0,602120.0,127,-1.0,
base,active,,602072.0,602135.0,124 125 126,-1.0,
base,active,,602076.0,602170.0,118 119,-1.0,
base,active,,602076.0,602260.0,117,-1.0,
base,active,,602076.0,602976.0,116,-1.0,
base,active,,602090.0,602988.0,110,-1.0,
base,active,,602090.0,602990.0,111 113 114,-1.0,
base,active,,602097.0,602135.0,123,-1.0,
base,active,,602097.0,602147.0,120 121 122,-1.0,
base,active,,602109.0,603009.0,115,-1.0,
base,active,,602116.0,603016.0,106 107 108 109,-1.0,
base,active,602120.0,602120.0,602142.0,127,38243.0,False
base,active,602135.0,602135.0,602181.0,123 124 125 126,38244.0,False
base,active,,602142.0,602147.0,127,-1.0,
base,active,602147.0,602147.0,603772.0,120 121 122 127,38245.0,False
base,active,602170.0,602170.0,603775.0,118 119,38247.0,False
base,active,,602181.0,602236.0,123 124 125 126,-1.0,
base,active,,602193.0,603093.0,112,-1.0,
base,active,602236.0,602236.0,602317.0,123 124 125 126,38248.0,False
base,active,602260.0,602260.0,602304.0,117,38250.0,False
base,active,,602304.0,603168.0,117,-1.0,
base,active,,602317.0,602598.0,123 124 125 126,-1.0,
base,active,602598.0,602598.0,602612.0,123 124 125 126,38255.0,False
base,active,,602612.0,602688.0,123 124 125 126,-1.0,
base,active,602688.0,602688.0,602734.0,123 124 125 126,38256.0,False
base,active,,602734.0,602826.0,123 124 125 126,-1.0,
base,active,602826.0,602826.0,603101.0,123 124 125 126,38257.0,False
base,switching_off,,602956.0,604756.0,96 97 98 99 100 101 102 103 104 105,-2.0,
base,switching_off,,602976.0,604776.0,116,-2.0,
base,active,602988.0,602988.0,603022.0,110,38259.0,False
base,switching_off,,602990.0,604790.0,111 113 114,-2.0,
base,switching_off,,603009.0,604809.0,115,-2.0,
base,switching_off,,603016.0,604816.0,106 107 108 109,-2.0,
base,active,,603022.0,603168.0,110,-1.0,
base,switching_off,,603093.0,604893.0,112,-2.0,
base,active,,603101.0,603168.0,123 124,-1.0,
base,active,,603101.0,603386.0,125,-1.0,
base,active,,603101.0,603477.0,126,-1.0,
base,active,603168.0,603168.0,603477.0,110 117 123 124,38261.0,False
base,active,603386.0,603386.0,603406.0,125,38266.0,False
base,active,,603406.0,603477.0,125,-1.0,
base,active,603235.0,603477.0,603536.0,110 117 125 126,38262.0,False
base,active,,603477.0,603536.0,123 124,-1.0,
base,active,603349.0,603536.0,603580.0,110 117 123 124,38264.0,False
base,active,,603536.0,603617.0,125,-1.0,
base,active,,603536.0,603696.0,126,-1.0,
base,active,,603580.0,603696.0,110 117 123,-1.0,
base,active,,603580.0,603838.0,124,-1.0,
base,active,603617.0,603617.0,603657.0,125,38268.0,False
base,active,,603657.0,604142.0,125,-1.0,
base,active,603696.0,603696.0,603744.0,110 117 123 126,38269.0,False
base,active,,603744.0,604367.0,110,-1.0,
base,active,,603744.0,604441.0,117 123 126,-1.0,
base,active,,603772.0,604441.0,120 121,-1.0,
base,active,,603772.0,604643.0,122 127,-1.0,
base,active,,603775.0,604643.0,118 119,-1.0,
base,active,603838.0,603838.0,603864.0,124,38272.0,False
base,active,,603864.0,604643.0,124,-1.0,
base,active,604142.0,604142.0,604241.0,125,38276.0,False
base,active,,604241.0,604643.0,125,-1.0,
base,active,604367.0,604367.0,604408.0,110,38278.0,False
base,active,,604408.0,604643.0,110,-1.0,
base,active,604441.0,604441.0,604467.0,120 121 123 126,38280.0,False
base,active,604441.0,604441.0,604609.0,117,38279.0,False
base,active,,604467.0,604643.0,120,-1.0,
base,active,,604467.0,604692.0,121,-1.0,
base,active,,604467.0,605367.0,123 126,-1.0,
base,active,,604609.0,605509.0,117,-1.0,
base,active,604643.0,604643.0,605252.0,110 118 119 120 122 124 125 127,38282.0,False
base,active,604692.0,604692.0,604717.0,121,38283.0,False
base,active,,604717.0,605617.0,121,-1.0,
base,sleeping,,604756.0,605302.0,96 97 98 99 100 101 102 103,-4.0,
base,sleeping,,604756.0,605841.0,104 105,-4.0,
base,sleeping,,604776.0,605841.0,116,-4.0,
base,sleeping,,604790.0,605841.0,111 113 114,-4.0,
base,sleeping,,604809.0,605841.0,115,-4.0,
base,sleeping,,604816.0,605841.0,106 107 108 109,-4.0,
base,sleeping,,604893.0,605841.0,112,-4.0,
base,active,,605252.0,608541.0,110 118 119 120 122 124 125 127,-1.0,
base,switching_on,,605302.0,608002.0,96 97 98 99 100 101 102 103,-3.0,
base,switching_off,,605367.0,607167.0,123 126,-2.0,
base,switching_off,,605509.0,607309.0,117,-2.0,
base,switching_off,,605617.0,607417.0,121,-2.0,
base,active,,605841.0,605886.0,76 77 78 79,-1.0,
base,active,,605841.0,605938.0,80 81 82 83,-1.0,
base,active,,605841.0,605987.0,84 85 86 87,-1.0,
base,active,,605841.0,606074.0,88 89 90 91,-1.0,
base,active,,605841.0,606110.0,92 93 94 95,-1.0,
base,active,,605841.0,608541.0,64 65 66 67 68 69 70 71 72 73 74 75,-1.0,
base,switching_on,,605841.0,608541.0,104 105 106 107 108 109 111 112 113 114 115 116,-3.0,
base,active,605886.0,605886.0,605904.0,76 77 78 79,38293.0,False
base,active,,605904.0,606110.0,76 77 78 79,-1.0,
base,active,605938.0,605938.0,605964.0,80 81 82 83,38294.0,False
base,active,,605964.0,606167.0,80 81 82 83,-1.0,
base,active,605987.0,605987.0,606011.0,84 85 86 87,38295.0,False
base,active,,606011.0,606245.0,84 85 86 87,-1.0,
base,active,606074.0,606074.0,606126.0,88 89 90 91,38296.0,False
base,active,606110.0,606110.0,606377.0,76 77 78 79 92 93 94 95,38298.0,False
base,active,,606126.0,606425.0,88 89 90 91,-1.0,
base,active,606167.0,606167.0,606209.0,80 81 82 83,38299.0,False
base,active,,606209.0,606425.0,80 81 82 83,-1.0,
base,active,606245.0,606245.0,606257.0,84 85 86 87,38300.0,False
base,active,,606257.0,606540.0,84 85 86 87,-1.0,
base,active,,606377.0,606800.0,76 77 78 79 92 93 94 95,-1.0,
base,active,606425.0,606425.0,607028.0,80 81 82 83 88 89 90 91,38301.0,False
base,active,606540.0,606540.0,606556.0,84 85 86 87,38303.0,False
base,active,,606556.0,606800.0,84 85 86 87,-1.0,
base,active,,606800.0,607111.0,52 53 54 55 56 57 58 59,-1.0,
base,active,,606800.0,607700.0,60 61 62 63,-1.0,
base,active,599459.0,606800.0,609591.0,0 1 2 3 4 5 6 7 8 9 10 11 12 13 14 15 16 17 18 19 20 21 22 23 24 25 26 27 28 29 30 31 32 33 34 35 36 37 38 39 40 41 42 43 44 45 46 47 48 49 50 51 76 77 78 79 84 85 86 87 92 93 94 95,38219.0,False
base,active,,607028.0,607928.0,80 81 82 83 88 89 90 91,-1.0,
base,active,607111.0,607111.0,607727.0,52 53 54 55 56 57 58 59,38310.0,False
base,sleeping,,607167.0,608674.0,123 126,-4.0,
base,sleeping,,607309.0,608674.0,117,-4.0,
base,sleeping,,607417.0,608674.0,121,-4.0,
base,switching_off,,607700.0,609500.0,60 61 62 63,-2.0,
base,active,,607727.0,608609.0,52 53 54 55 56 57 58 59,-1.0,
base,switching_off,,607928.0,609728.0,80 81 82 83 88 89 90 91,-2.0,
base,active,605302.0,608002.0,608674.0,96 97 98 99 100 101 102 103,38286.0,False
base,active,599762.0,608541.0,608609.0,64 65 66 67 68 69 70 71 72 73 74 75 104 105 106 107 108 109 110 111 112 113 114 115 116 118 119 120 122 124 125 127,38222.0,False
base,active,601210.0,608609.0,608733.0,52 53 54 55 56 57 58 59 64 65 66 67 68 69 70 71 72 73 74 75 104 105 106 107 108 109 110 111 112 113 114 115,38232.0,False
base,active,,608609.0,611374.0,116 118 119 120 122 124 125 127,-1.0,
base,active,,608674.0,608733.0,100 101 102 103,-1.0,
base,active,,608674.0,611374.0,96 97 98 99,-1.0,
base,switching_on,,608674.0,611374.0,117 121 123 126,-3.0,
base,active,601559.0,608733.0,608878.0,52 53 54 55 56 57 58 59 64 65 66 67 68 69 70 71 72 73 74 75 100 101 102 103 104 105 106 107 108 109 110 111,38234.0,False
base,active,,608733.0,608878.0,112 113 114 115,-1.0,
base,active,,608878.0,609215.0,108 109 110 111,-1.0,
base,active,601937.0,608878.0,609336.0,52 53 54 55 56 57 58 59 64 65 66 67 68 69 70 71 72 73 74 75 100 101 102 103 104 105 106 107 112 113 114 115,38237.0,False
base,active,609215.0,609215.0,609512.0,108 109 110 111,38326.0,False
base,active,602264.0,609336.0,609556.0,52 53 54 55 56 57 58 59 64 65 66 67 68 69 70 71 72 73 74 75 100 101 102 103 104 105 106 107 112 113 114 115,38251.0,False
base,sleeping,,609500.0,609512.0,60,-4.0,
base,sleeping,,609500.0,609533.0,61 62 63,-4.0,
base,active,,609512.0,609556.0,109 110 111,-1.0,
base,switching_on,,609512.0,612212.0,60,-3.0,
base,active,,609512.0,612233.0,108,-1.0,
base,switching_on,,609533.0,612233.0,61 62 63,-3.0,
base,active,,609556.0,609591.0,113 114 115,-1.0,
base,active,602397.0,609556.0,611797.0,52 53 54 55 56 57 58 59 64 65 66 67 68 69 70 71 72 73 74 75 100 101 102 103 104 105 106 107 109 110 111 112,38252.0,False
base,active,603143.0,609591.0,609602.0,29 30 31 32 33 34 35 36 37 38 39 40 41 42 43 44 45 46 47 48 49 50 51 76 77 78 79 84 85 86 87 92,38260.0,False
base,active,,609591.0,609602.0,93 94 95,-1.0,
base,active,602549.0,609591.0,609623.0,0 1 2 3 4 5 6 7 8 9 10 11 12 13 14 15 16 17 18 19 20 21 22 23 24 25 26 27 28 113 114 115,38254.0,False
base,active,603298.0,609602.0,609617.0,29 30 31 32 33 34 35 36 37 38 39 40 41 42 43 44 45 46 47 48 49 50 51 76 77 78 79 84 85 93 94 95,38263.0,False
base,active,,609602.0,609617.0,86 87 92,-1.0,
base,active,,609617.0,609623.0,93 94 95,-1.0,
base,active,603467.0,609617.0,618498.0,29 30 31 32 33 34 35 36 37 38 39 40 41 42 43 44 45 46 47 48 49 50 51 76 77 78 79 84 85 86 87 92,38267.0,False
base,active,604180.0,609623.0,609795.0,0 1 2 3 4 5 6 7 8 9 10 11 12 13 14 15 16 17 18 19 20 21 22 23 24 25 26 27 28 93 94 95,38277.0,False
base,active,,609623.0,609795.0,113 114 115,-1.0,
base,sleeping,,609728.0,611434.0,80 81 82 83 88 89 90 91,-4.0,
base,active,,609795.0,610695.0,93 94 95,-1.0,
base,active,605244.0,609795.0,612820.0,0 1 2 3 4 5 6 7 8 9 10 11 12 13 14 15 16 17 18 19 20 21 22 23 24 25 26 27 28 113 114 115,38285.0,False
base,switching_off,,610695.0,612495.0,93 94 95,-2.0,
base,active,606833.0,611374.0,611434.0,96 97 98 99 116 117 118 119 120 121 122 123 124 125 126 127,38304.0,False
base,active,610286.0,611434.0,611704.0,124 125 126 127,38336.0,False
base,active,609904.0,611434.0,611740.0,120 121 122 123,38331.0,False
base,active,,611434.0,614134.0,96 97 98 99 116 117 118 119,-1.0,
base,switching_on,,611434.0,614134.0,80 81 82 83 88 89 90 91,-3.0,
base,active,610767.0,611704.0,611801.0,124 125,38338.0,False
base,active,611322.0,611704.0,613345.0,126 127,38348.0,False
base,active,610888.0,611740.0,611838.0,120 121 122 123,38339.0,False
base,active,605783.0,611797.0,611986.0,52 53 54 55 56 57 58 59 64 65 66 67 68 69 70 71 72 73 74 75 100 101 102 103 104 105 106 107 109 110 111 112,38292.0,False
base,active,,611801.0,611838.0,124 125,-1.0,
base,active,610982.0,611838.0,611898.0,120 121 124 125,38343.0,False
base,active,,611838.0,611898.0,122 123,-1.0,
base,active,611118.0,611898.0,611941.0,120 121 122 123,38346.0,False
base,active,,611898.0,611941.0,124 125,-1.0,
base,active,,611941.0,611986.0,122 123,-1.0,
base,active,611295.0,611941.0,613606.0,120 121 124 125,38347.0,False
base,active,607807.0,611986.0,612131.0,52 53 54 55 56 57 58 59 64 65 66 67 68 69 70 71 72 73 74 75 100 101 102 103 104 105 106 107 109 110 122 123,38313.0,False
base,active,,611986.0,612131.0,111 112,-1.0,
base,active,608011.0,612131.0,612267.0,52 53 54 55 56 57 58 59 64 65 66 67 68 69 70 71 72 73 74 75 100 101 102 103 104 105 106 107 109 110 111 112,38314.0,False
base,active,,612131.0,612267.0,122 123,-1.0,
base,active,609334.0,612212.0,612228.0,60,38328.0,False
base,active,,612228.0,612267.0,60,-1.0,
base,active,609533.0,612233.0,612530.0,61 62 63 108,38329.0,False
base,active,608285.0,612267.0,612406.0,52 53 54 55 56 57 58 59 60 64 65 66 67 68 69 70 71 72 73 74 75 100 101 102 103 104 105 106 107 109 122 123,38316.0,False
base,active,,612267.0,612406.0,110 111 112,-1.0,
base,active,,612406.0,612530.0,122 123,-1.0,
base,active,608440.0,612406.0,612548.0,52 53 54 55 56 57 58 59 60 64 65 66 67 68 69 70 71 72 73 74 75 100 101 102 103 104 105 106 107 110 111 112,38317.0,False
base,active,,612406.0,615230.0,109,-1.0,
base,sleeping,,612495.0,612530.0,93 94 95,-4.0,
base,active,,612530.0,612548.0,63 108,-1.0,
base,active,611839.0,612530.0,612578.0,61 62 122 123,38355.0,False
base,switching_on,,612530.0,615230.0,93 94 95,-3.0,
base,active,,612548.0,612578.0,111 112,-1.0,
base,active,608844.0,612548.0,612683.0,52 53 54 55 56 57 58 59 60 63 64 65 66 67 68 69 70 71 72 73 74 75 100 101 102 103 104 105 106 107 108 110,38323.0,False
base,active,612151.0,612578.0,612623.0,61 62 111 112,38359.0,False
base,active,,612578.0,612683.0,122 123,-1.0,
base,active,,612623.0,612683.0,61 62 111 112,-1.0,
base,active,608999.0,612683.0,612816.0,52 53 54 55 56 57 58 59 60 61 62 63 64 65 66 67 68 69 70 71 72 73 74 75 100 101 102 103 111 112 122 123,38324.0,False
base,active,,612683.0,612816.0,104 105 106 107 108 110,-1.0,
base,active,,612816.0,612820.0,102 103 111 112 122 123,-1.0,
base,active,609332.0,612816.0,615831.0,52 53 54 55 56 57 58 59 60 61 62 63 64 65 66 67 68 69 70 71 72 73 74 75 100 101 104 105 106 107 108 110,38327.0,False
base,active,610910.0,612820.0,612859.0,0 1 2 3 4 5 6 7 8 9 10 11 12 13 14 15 16 17 18 19 20 21 22 23 24 25 102 103 111 112 122 123,38340.0,False
base,active,,612820.0,612859.0,26 27 28 113 114 115,-1.0,
base,active,,612859.0,613298.0,102 103,-1.0,
base,active,,612859.0,613606.0,111 112 122 123,-1.0,
base,active,610964.0,612859.0,618676.0,0 1 2 3 4 5 6 7 8 9 10 11 12 13 14 15 16 17 18 19 20 21 22 23 24 25 26 27 28 113 114 115,38342.0,False
base,active,613298.0,613298.0,614938.0,102 103,38372.0,False
base,active,,613345.0,613606.0,126 127,-1.0,
base,active,,613606.0,614393.0,124 125,-1.0,
base,active,610994.0,613606.0,619400.0,111 112 120 121 122 123 126 127,38344.0,False
base,active,607061.0,614134.0,614393.0,80 81 82 83 88 89 90 91 96 97 98 99 116 117 118 119,38309.0,False
base,active,611000.0,614393.0,614465.0,80 81 82 83 88 89 124 125,38345.0,False
base,active,,614393.0,614465.0,118 119,-1.0,
base,active,611383.0,614393.0,614483.0,90 91 96 97 98 99 116 117,38349.0,False
base,active,,614465.0,614483.0,124 125,-1.0,
base,active,611496.0,614465.0,614535.0,80 81 82 83 88 89 118 119,38351.0,False
base,active,,614483.0,614535.0,116 117,-1.0,
base,active,612839.0,614483.0,615060.0,90 91 96 97 98 99 124 125,38364.0,False
base,active,,614535.0,614938.0,82 83 88 89 118 119,-1.0,
base,active,613277.0,614535.0,616193.0,80 81 116 117,38371.0,False
base,active,614657.0,614938.0,614991.0,82 83 88 89 102 103 118 119,38385.0,False
base,active,614858.0,614991.0,616134.0,82 83 88 89 102 103 118 119,38387.0,False
base,active,615050.0,615060.0,615118.0,90 91 96 97,38388.0,False
base,active,,615060.0,615831.0,98 99 124 125,-1.0,
base,active,,615118.0,615831.0,90 91 96 97,-1.0,
base,active,611711.0,615230.0,615248.0,93 94 95 109,38352.0,False
base,active,,615248.0,615831.0,93 94 95 109,-1.0,
base,active,612355.0,615831.0,616073.0,52 53 54 55 56 57 58 59 60 61 62 63 64 65 66 67 68 69 70 71 90 91 93 94 95 96 97 98 99 109 124 125,38360.0,False
base,active,,615831.0,616073.0,72 73 74 75 100 101 104 105 106 107 108 110,-1.0,
base,active,612599.0,616073.0,616242.0,52 53 54 55 56 57 58 59 60 61 62 63 64 65 66 67 68 69 70 71 72 73 74 75 100 101 104 105 106 107 108 110,38362.0,False
base,active,,616073.0,616242.0,90 91 93 94 95 96 97 98 99 109 124 125,-1.0,
base,active,,616134.0,616242.0,82 83 88 89 102 103 118 119,-1.0,
base,active,,616193.0,616242.0,80 81 116 117,-1.0,
base,active,,616242.0,616343.0,60,-1.0,
base,active,612769.0,616242.0,616480.0,52 53 54 55 56 57 58 59 80 81 82 83 88 89 90 91 93 94 95 96 97 98 99 102 103 109 116 117 118 119 124 125,38363.0,False
base,active,,616242.0,616480.0,61 62 63 64 65 66 67 68 69 70 71 72 73 74 75 100 101 104 105 106 107 108 110,-1.0,
base,active,616343.0,616343.0,616430.0,60,38394.0,False
base,active,,616430.0,616480.0,60,-1.0,
base,active,,616480.0,616611.0,80 81 82 83,-1.0,
base,active,,616480.0,616649.0,88 89,-1.0,
base,active,613012.0,616480.0,616681.0,52 53 54 55 56 57 58 59 60 61 62 63 64 65 66 67 68 69 70 71 72 73 74 75 100 101 104 105 106 107 108 110,38365.0,False
base,active,,616480.0,616681.0,90 91 93 94 95 96 97 98 99 102 103 109 116 117 118 119 124 125,-1.0,
base,active,616611.0,616611.0,617915.0,80 81 82 83,38397.0,False
base,active,616649.0,616649.0,617915.0,88 89,38398.0,False
base,active,613128.0,616681.0,616717.0,52 53 54 55 56 57 58 59 60 61 62 63 64 65 90 91 93 94 95 96 97 98 99 102 103 109 116 117 118 119 124 125,38367.0,False
base,active,,616681.0,616717.0,66 67 68 69 70 71 72 73 74 75 100 101 104 105 106 107 108 110,-1.0,
base,active,613189.0,616717.0,616718.0,52 53 54 55 56 57 58 59 60 61 62 63 64 65 66 67 68 69 70 71 72 73 74 75 100 101 104 105 106 107 108 110,38368.0,False
base,active,,616717.0,616718.0,90 91 93 94 95 96 97 98 99 102 103 109 116 117 118 119 124 125,-1.0,
base,active,613216.0,616718.0,617011.0,52 53 54 55 56 57 58 59 60 61 62 63 64 65 90 91 93 94 95 96 97 98 99 102 103 109 116 117 118 119 124 125,38369.0,False
base,active,,616718.0,617011.0,66 67 68 69 70 71 72 73 74 75 100 101 104 105 106 107 108 110,-1.0,
base,active,613245.0,617011.0,617048.0,52 53 54 55 56 57 58 59 60 61 62 63 64 65 66 67 68 69 70 71 72 73 74 75 100 101 104 105 106 107 108 110,38370.0,False
base,active,,617011.0,617048.0,90 91 93 94 95 96 97 98 99 102 103 109 116 117 118 119 124 125,-1.0,
base,active,613510.0,617048.0,617256.0,52 53 54 55 56 57 58 59 60 61 62 63 64 65 90 91 93 94 95 96 97 98 99 102 103 109 116 117 118 119 124 125,38374.0,False
base,active,,617048.0,617256.0,66 67 68 69 70 71 72 73 74 75 100 101 104 105 106 107 108 110,-1.0,
base,active,,617256.0,617368.0,90 91 93 94 95 96 97 98,-1.0,
base,active,613722.0,617256.0,617426.0,52 53 54 55 56 57 58 59 60 61 62 63 64 65 66 67 68 69 70 71 72 73 74 75 100 101 104 105 106 107 108 110,38378.0,False
base,active,,617256.0,617426.0,99 102 103 109 116 117 118 119 124 125,-1.0,
base,active,617368.0,617368.0,617415.0,90 91 93 94 95 96 97 98,38404.0,False
base,active,,617415.0,617426.0,90 91 93 94 95 96 97 98,-1.0,
base,active,613894.0,617426.0,617578.0,52 53 54 55 56 57 58 59 60 61 62 63 64 65 90 91 93 94 95 96 97 98 99 102 103 109 116 117 118 119 124 125,38380.0,False
base,active,,617426.0,617578.0,66 67 68 69 70 71 72 73 74 75 100 101 104 105 106 107 108 110,-1.0,
base,active,,617578.0,617615.0,90 91 93 94 95 96 97 98,-1.0,
base,active,614047.0,617578.0,617762.0,52 53 54 55 56 57 58 59 60 61 62 63 64 65 66 67 68 69 70 71 72 73 74 75 100 101 104 105 106 107 108 110,38381.0,False
base,active,,617578.0,617762.0,99 102 103 109 116 117 118 119 124 125,-1.0,
base,active,617615.0,617615.0,617661.0,90 91 93 94 95 96 97 98,38405.0,False
base,active,,617661.0,617762.0,90 91 93 94 95 96 97 98,-1.0,
base,active,,617762.0,617909.0,66 67 68 69 70 71 72 73,-1.0,
base,active,614233.0,617762.0,617943.0,52 53 54 55 56 57 58 59 60 61 62 63 64 65 90 91 93 94 95 96 97 98 99 102 103 109 116 117 118 119 124 125,38382.0,False
base,active,,617762.0,617943.0,74 75 100 101 104 105 106 107 108 110,-1.0,
base,active,617909.0,617909.0,617915.0,66 67 68 69 70 71 72 73,38407.0,False
base,active,,617915.0,617943.0,66 67 68 69 70 71 72 73 80 81 82 83 88 89,-1.0,
base,active,614417.0,617943.0,617998.0,52 53 54 55 56 57 58 59 66 67 68 69 70 71 72 73 74 75 80 81 82 83 88 89 100 101 104 105 106 107 108 110,38384.0,False
base,active,,617943.0,617998.0,60 61 62 63 64 65 90 91 93 94 95 96 97 98 99 102 103 109 116 117 118 119 124 125,-1.0,
base,active,,617998.0,618525.0,66 67 68 69,-1.0,
base,active,,617998.0,618538.0,70 71 72 73 74 75 80 81 82 83 88 89 100 101 104 105 106 107 108 110,-1.0,
base,active,616525.0,617998.0,619388.0,52 53 54 55 56 57 58 59 60 61 62 63 64 65 90 91 93 94 95 96 97 98 99 102 103 109 116 117 118 119 124 125,38395.0,False
base,active,,618498.0,618538.0,29 30 31 32 33 34 35 36 37 38 39 40,-1.0,
base,active,,618498.0,618546.0,41 42 43 44 45 46 47 48,-1.0,
base,active,,618498.0,618766.0,49 50 51 76 77 78 79 84 85 86 87 92,-1.0,
base,active,618525.0,618525.0,618598.0,66 67 68 69,38408.0,False
base,active,618538.0,618538.0,619440.0,29 30 31 32 33 34 35 36 37 38 39 40 70 71 72 73 74 75 80 81 82 83 88 89 100 101 104 105 106 107 108 110,38409.0,False
base,active,618546.0,618546.0,618658.0,41 42 43 44 45 46 47 48,38410.0,False
base,active,,618598.0,618766.0,66 67 68 69,-1.0,
base,active,,618658.0,618766.0,41 42 43 44 45 46 47 48,-1.0,
base,active,,618676.0,618766.0,0 1 2 3 4 5 6 7,-1.0,
base,active,,618676.0,618798.0,8 9 10 11 12 13 14 15,-1.0,
base,active,,618676.0,618799.0,16 17 18 19 20 21 22 23,-1.0,
base,active,,618676.0,618854.0,24 25 26 27,-1.0,
base,active,,618676.0,618862.0,28 113 114 115,-1.0,
base,active,618766.0,618766.0,625640.0,0 1 2 3 4 5 6 7 41 42 43 44 45 46 47 48 49 50 51 66 67 68 69 76 77 78 79 84 85 86 87 92,38411.0,False
base,active,618798.0,618798.0,618931.0,8 9 10 11 12 13 14 15,38412.0,False
base,active,618799.0,618799.0,625641.0,16 17 18 19 20 21 22 23,38413.0,False
base,active,618854.0,618854.0,618910.0,24 25 26 27,38415.0,False
base,active,618862.0,618862.0,618985.0,28 113 114 115,38416.0,False
base,active,,618910.0,618963.0,24 25 26 27,-1.0,
base,active,,618931.0,618963.0,8 9 10 11,-1.0,
base,active,,618931.0,619106.0,12,-1.0,
base,active,,618931.0,619128.0,13 14 15,-1.0,
base,active,618963.0,618963.0,619996.0,8 9 10 11 24 25 26 27,38417.0,False
base,active,,618985.0,619128.0,28,-1.0,
base,active,,618985.0,619136.0,113,-1.0,
base,active,,618985.0,619388.0,114 115,-1.0,
base,active,619106.0,619106.0,619130.0,12,38418.0,False
base,active,619128.0,619128.0,619202.0,13 14 15 28,38419.0,False
base,active,,619130.0,619388.0,12,-1.0,
base,active,619136.0,619136.0,619149.0,113,38420.0,False
base,active,,619149.0,619388.0,113,-1.0,
base,active,,619202.0,619388.0,13 14 15 28,-1.0,
base,active,619203.0,619388.0,619623.0,12 13 14 15 28 52 53 54 55 56 57 58 59 60 61 62 63 64 65 90 91 93 94 95 96 97 98 99 102 113 114 115,38421.0,False
base,active,,619388.0,619644.0,103 109 116 117,-1.0,
base,active,,619388.0,619688.0,118,-1.0,
base,active,,619388.0,619735.0,119 124 125,-1.0,
base,active,,619400.0,619735.0,111 112 120 121 122 123 126 127,-1.0,
base,active,,619440.0,619735.0,29 30 31 32 33 34 35 36 37 38 39 40 70 71 72 73 74 75 80 81 82,-1.0,
base,active,,619440.0,619800.0,83,-1.0,
base,active,,619440.0,620003.0,88 89 100 101,-1.0,
base,active,,619440.0,620027.0,104 105,-1.0,
base,active,,619440.0,620340.0,106 107 108 110,-1.0,
base,active,,619623.0,620362.0,12 13 14 15,-1.0,
base,active,,619623.0,620521.0,28 52 53 54 55 56 57 58,-1.0,
base,active,,619623.0,620523.0,59 60 61 62 63 64 65 90 91 93 94 95 96 97 98 99 102 113 114 115,-1.0,
base,active,619644.0,619644.0,619712.0,103 109 116 117,38424.0,False
base,active,619688.0,619688.0,619722.0,118,38425.0,False
base,active,,619712.0,620612.0,103 109 116 117,-1.0,
base,active,,619722.0,620622.0,118,-1.0,
base,active,619735.0,619735.0,620046.0,29 30 31 32 33 34 35 36 37 38 39 40 70 71 72 73 74 75 80 81 82 111 112 119 120 121 122 123 124 125 126 127,38426.0,False
base,active,619800.0,619800.0,620662.0,83,38428.0,False
base,active,,619996.0,620642.0,8 9 10 11 24 25 26 27,-1.0,
base,active,620003.0,620003.0,625853.0,88 89 100 101,38432.0,False
base,active,620027.0,620027.0,625853.0,104 105,38434.0,False
base,active,,620046.0,620642.0,29 30 31 32 33 34 35 36 37 38 39 40 70 71 72 73 74 75 80 81 82 111 112 119,-1.0,
base,active,,620046.0,620713.0,120 121 122 123,-1.0,
base,active,,620046.0,620946.0,124 125 126 127,-1.0,
base,switching_off,,620340.0,622140.0,106 107 108 110,-2.0,
base,active,620362.0,620362.0,620406.0,12 13 14 15,38436.0,False
base,active,,620406.0,621306.0,12 13 14 15,-1.0,
base,active,620521.0,620521.0,621327.0,28 52 53 54 55 56 57 58,38437.0,False
base,switching_off,,620523.0,622323.0,59 60 61 62 63 64 65 90 91 93 94 95 96 97 98 99 102 113 114 115,-2.0,
base,switching_off,,620612.0,622412.0,103 109 116 117,-2.0,
base,switching_off,,620622.0,622422.0,118,-2.0,
base,active,620642.0,620642.0,622923.0,8 9 10 11 24 25 26 27 29 30 31 32 33 34 35 36 37 38 39 40 70 71 72 73 74 75 80 81 82 111 112 119,38439.0,False
base,active,,620662.0,621562.0,83,-1.0,
base,active,620713.0,620713.0,620803.0,120 121 122 123,38440.0,False
base,active,,620803.0,621703.0,120 121 122 123,-1.0,
base,switching_off,,620946.0,622746.0,124 125 126 127,-2.0,
base,switching_off,,621306.0,623106.0,12 13 14 15,-2.0,
base,active,,621327.0,622068.0,28 52 53 54 55 56 57 58,-1.0,
base,switching_off,,621562.0,623362.0,83,-2.0,
base,switching_off,,621703.0,623503.0,120 121 122 123,-2.0,
base,active,621744.0,622068.0,622389.0,28 52 53 54 55 56 57 58,38447.0,False
base,sleeping,,622140.0,622389.0,106 107 108 110,-4.0,
base,sleeping,,622323.0,622389.0,59 60 61 62 63 64 65 90 91 93 94 95 96 97 98 99 102 113 114 115,-4.0,
base,active,,622389.0,625089.0,28 52 53 54 55 56 57 58,-1.0,
base,switching_on,,622389.0,625089.0,59 60 61 62 63 64 65 90 91 93 94 95 96 97 98 99 102 106 107 108 110 113 114 115,-3.0,
base,sleeping,,622412.0,622746.0,109 116 117,-4.0,
base,switching_on,,622412.0,625112.0,103,-3.0,
base,sleeping,,622422.0,622746.0,118,-4.0,
base,switching_on,,622746.0,625446.0,109 116 117 118 124 125 126 127,-3.0,
base,active,622544.0,622923.0,623168.0,8 9 10 11 24 25 26 27 29 30 31 32 33 34 35 36 37 38 39 40 70 71 72 73 74 75 80 81 82 111 112 119,38452.0,False
base,switching_on,,623106.0,625806.0,12 13 14 15,-3.0,
base,active,622849.0,623168.0,623215.0,8 9 10 11,38456.0,False
base,active,,623168.0,623215.0,24 25 26 27 29 30 31 32 33 34 35 36 37 38 39 40 70 71 72 73 74 75 80 81 82 111 112 119,-1.0,
base,active,622932.0,623215.0,623398.0,8 9 10 11 24 25 26 27 29 30 31 32 33 34 35 36 37 38 39 40 70 71 72 73 74 75 80 81 82 111 112 119,38458.0,False
base,sleeping,,623362.0,623503.0,83,-4.0,
base,active,623170.0,623398.0,623453.0,70 71 72 73,38463.0,False
base,active,623264.0,623398.0,623463.0,74 75 80 81 82 111 112 119,38464.0,False
base,active,622994.0,623398.0,623483.0,8 9 10 11 24 25 26 27 29 30 31 32 33 34 35 36,38460.0,False
base,active,623002.0,623398.0,623511.0,37 38 39 40,38461.0,False
base,active,623391.0,623453.0,623472.0,73,38466.0,False
base,active,,623453.0,626203.0,70 71 72,-1.0,
base,active,,623463.0,626203.0,74 75 80 81 82 111 112 119,-1.0,
base,active,,623472.0,626203.0,73,-1.0,
base,active,,623483.0,624268.0,36,-1.0,
base,active,,623483.0,626203.0,8 9 10 11 24 25 26 27 29 30 31 32 33 34 35,-1.0,
base,switching_on,,623503.0,626203.0,83 120 121 122 123,-3.0,
base,active,,623511.0,624411.0,37 38 39 40,-1.0,
base,active,623641.0,624268.0,633500.0,36,38469.0,False
base,switching_off,,624411.0,626211.0,37 38 39 40,-2.0,
base,active,620792.0,625089.0,625999.0,28 52 53 54 55 56 57 58 59 60 61 62 63 64 65 90 91 93 94 95 96 97 98 99 102 106 107 108 110 113 114 115,38441.0,False
base,active,622068.0,625112.0,625668.0,103,38449.0,False
base,active,622113.0,625446.0,634574.0,109 116 117 118 124 125 126 127,38450.0,False
base,active,624268.0,625640.0,625703.0,41 42 43 44 45 46 47 48,38471.0,False
base,active,623450.0,625640.0,625705.0,0 1 2 3 4 5 6 7,38467.0,False
base,active,624347.0,625640.0,625724.0,49 50 51 66 67 68 69 76,38472.0,False
base,active,,625640.0,625724.0,77 78 79 84 85 86 87 92,-1.0,
base,active,,625641.0,625661.0,16 17 18 19,-1.0,
base,active,,625641.0,625724.0,20 21 22 23,-1.0,
base,active,625661.0,625661.0,625786.0,16 17 18 19,38484.0,False
base,active,,625668.0,625724.0,103,-1.0,
base,active,,625703.0,625724.0,41 42 43 44 45 46 47 48,-1.0,
base,active,,625705.0,625724.0,0 1 2 3 4 5 6 7,-1.0,
base,active,,625724.0,625999.0,66 67 68 69 76,-1.0,
base,active,624498.0,625724.0,628774.0,0 1 2 3 4 5 6 7 20 21 22 23 41 42 43 44 45 46 47 48 49 50 51 77 78 79 84 85 86 87 92 103,38474.0,False
base,active,,625786.0,625970.0,16,-1.0,
base,active,,625786.0,625999.0,17 18 19,-1.0,
base,active,622641.0,625806.0,625952.0,12 13 14 15,38453.0,False
base,active,,625853.0,625999.0,88 89 100 101 104 105,-1.0,
base,active,,625952.0,625999.0,12 13 14 15,-1.0,
base,active,625970.0,625970.0,625987.0,16,38486.0,False
base,active,,625987.0,625999.0,16,-1.0,
base,active,625147.0,625999.0,626068.0,12 13 14 15 16 17 18 19 28 52 53 54 55 56 57 58 59 60 61 62 63 66 67 68 69 76 88 89 100 101 104 105,38479.0,False
base,active,,625999.0,626068.0,64 65 90 91 93 94 95 96 97 98 99 102 106 107 108 110 113 114 115,-1.0,
base,active,625242.0,626068.0,626134.0,12 13 14 15 16 17 18 19 28 52 53 54 55 64 65 90 91 93 94 95 96 97 98 99 102 106 107 108 110 113 114 115,38480.0,False
base,active,,626068.0,626134.0,56 57 58 59 60 61 62 63 66 67 68 69 76 88 89 100 101 104 105,-1.0,
base,active,625481.0,626134.0,626199.0,12 13 14 15 16 17 18 19 28 52 53 54 55 56 57 58 59 60 61 62 63 66 67 68 69 76 88 89 100 101 104 105,38482.0,False
base,active,,626134.0,626199.0,64 65 90 91 93 94 95 96 97 98 99 102 106 107 108 110 113 114 115,-1.0,
base,active,,626199.0,626292.0,56 57 58 59,-1.0,
base,active,,626199.0,626313.0,60 61,-1.0,
base,active,,626199.0,626329.0,62 63 66 67 68 69 76 88 89 100 101 104 105,-1.0,
base,active,625594.0,626199.0,626388.0,12 13 14 15 16 17 18 19 28 52 53 54 55 64 65 90 91 93 94 95 96 97 98 99 102 106 107 108 110 113 114 115,38483.0,False
base,active,623273.0,626203.0,626319.0,8 9 10 11 24 25 26 27 29 30 31 32 33 34 35 70 71 72 73 74 75 80 81 82 83 111 112 119 120 121 122 123,38465.0,False
base,sleeping,,626211.0,628696.0,37,-4.0,
base,sleeping,,626211.0,628893.0,38 39 40,-4.0,
base,active,626292.0,626292.0,627916.0,56 57 58 59,38489.0,False
base,active,626313.0,626313.0,627919.0,60 61,38490.0,False
base,active,,626319.0,626329.0,8 9 10 11 24 25 26 27 29 30 31 32 33 34 35 70 71 72 73,-1.0,
base,active,,626319.0,626425.0,74 75 80 81,-1.0,
base,active,,626319.0,626449.0,82 83 111 112 119 120 121 122 123,-1.0,
base,active,626329.0,626329.0,626421.0,8 9 10 11 24 25 26 27 29 30 31 32 33 34 35 62 63 66 67 68 69 70 71 72 73 76 88 89 100 101 104 105,38491.0,False
base,active,,626388.0,626449.0,12 13 14 15 16 17 18 19 28 52 53 54 55 64 65 90 91 93 94 95 96 97 98,-1.0,
base,active,,626388.0,626521.0,99 102 106 107,-1.0,
base,active,,626388.0,627123.0,108 110 113 114 115,-1.0,
base,active,,626421.0,627123.0,8 9 10 11 24 25 26 27 29 30 31 32 33 34 35 62 63 66 67 68 69 70 71 72 73 76 88,-1.0,
base,active,,626421.0,627149.0,89 100 101 104 105,-1.0,
base,active,626425.0,626425.0,626442.0,74 75 80 81,38493.0,False
base,active,,626442.0,627149.0,74 75 80,-1.0,
base,active,,626442.0,627214.0,81,-1.0,
base,active,626449.0,626449.0,626629.0,12 13 14 15 16 17 18 19 28 52 53 54 55 64 65 82 83 90 91 93 94 95 96 97 98 111 112 119 120 121 122 123,38495.0,False
base,active,626521.0,626521.0,626629.0,99 102 106 107,38496.0,False
base,active,,626629.0,627512.0,12 13 14 15 16 17 18 19 28 52 53 54 55 64 65 82 83 90 91 93 94 95 96 97 98 99 102 106 107 111 112 119,-1.0,
base,active,,626629.0,627529.0,120 121 122 123,-1.0,
base,active,627123.0,627123.0,627441.0,8 9 10 11 24 25 26 27 29 30 31 32 33 34 35 62 63 66 67 68 69 70 71 72 73 76 88 108 110 113 114 115,38499.0,False
base,active,627149.0,627149.0,627444.0,74 75 80 89 100 101 104 105,38500.0,False
base,active,627214.0,627214.0,627240.0,81,38501.0,False
base,active,,627240.0,627561.0,81,-1.0,
base,active,,627441.0,627562.0,8 9 10 11 24 25 26 27,-1.0,
base,active,,627441.0,628190.0,29,-1.0,
base,active,,627441.0,628341.0,30 31 32 33 34 35 62 63 66 67 68 69 70 71 72 73 76 88 108 110 113 114 115,-1.0,
base,active,,627444.0,628344.0,74 75 80 89 100 101 104 105,-1.0,
base,active,627512.0,627512.0,627627.0,12 13 14 15 16 17 18 19 28 52 53 54 55 64 65 82 83 90 91 93 94 95 96 97 98 99 102 106 107 111 112 119,38502.0,False
base,switching_off,,627529.0,629329.0,120 121 122 123,-2.0,
base,active,627561.0,627561.0,627601.0,81,38503.0,False
base,active,627562.0,627562.0,627626.0,8 9 10 11 24 25 26 27,38504.0,False
base,active,,627601.0,628501.0,81,-1.0,
base,active,,627626.0,628526.0,8 9 10 11 24 25 26 27,-1.0,
base,active,,627627.0,628527.0,12 13 14 15 16 17 18 19 28 52 53 54 55 64 65 82 83 90 91 93 94 95 96 97 98 99 102 106 107 111 112 119,-1.0,
base,active,,627916.0,628774.0,56 57 58 59,-1.0,
base,active,,627919.0,628774.0,60 61,-1.0,
base,active,628190.0,628190.0,628206.0,29,38510.0,False
base,active,,628206.0,628774.0,29,-1.0,
base,switching_off,,628341.0,630141.0,30 31 32 33 34 35 62 63 66 67 68 69 70 71 72 73 76 88 108 110 113 114 115,-2.0,
base,switching_off,,628344.0,630144.0,74 75 80 89 100 101 104 105,-2.0,
base,switching_off,,628501.0,630301.0,81,-2.0,
base,switching_off,,628526.0,630326.0,8 9 10 11 24 25 26 27,-2.0,
base,switching_off,,628527.0,630327.0,12 13 14 15 16 17 18 19 28 52 53 54 55 64 65 82 83 90 91 93 94 95 96 97 98 99 102 106 107 111 112 119,-2.0,
base,switching_on,,628696.0,631396.0,37,-3.0,
base,active,,628774.0,628917.0,84 85,-1.0,
base,active,628531.0,628774.0,628930.0,0 1 2 3 4 5 6 7 20 21 22 23 29 41 42 43 44 45 46 47 48 49 50 51 56 57 58 59 60 61 77 78,38512.0,False
base,active,,628774.0,628930.0,86 87 92 103,-1.0,
base,active,,628774.0,631593.0,79,-1.0,
base,switching_on,,628893.0,631593.0,38 39 40,-3.0,
base,active,628917.0,628917.0,630544.0,84 85,38519.0,False
base,active,628692.0,628930.0,629042.0,0 1 2 3 4 5 6 7 20 21 22 23 29 41 42 43 44 45 46 47 48 49 50 51 56 57 58 59 86 87 92 103,38513.0,False
base,active,,628930.0,629042.0,60 61 77 78,-1.0,
base,active,628747.0,629042.0,629099.0,0 1 2 3 60 61 77 78,38515.0,False
base,active,,629042.0,629099.0,4 5 6 7 20 21 22 23 29 41 42 43 44 45 46 47 48 49 50 51 56 57 58 59 86 87 92 103,-1.0,
base,active,628847.0,629099.0,629384.0,0 1 2 3 4 5 6 7 20 21 22 23 29 41 42 43 44 45 46 47 48 49 50 51 56 57 58 59 86 87 92 103,38517.0,False
base,active,,629099.0,629384.0,60 61 77 78,-1.0,
base,sleeping,,629329.0,640169.0,120 121 122 123,-4.0,
base,active,629143.0,629384.0,629559.0,0 1 2 3 4 5 6 7 20 21 22 23 29 41 42 43 44 45 46 47 48 49 50 51 56 57 58 59 60 61 77 78,38520.0,False
base,active,,629384.0,629559.0,86 87 92 103,-1.0,
base,active,,629559.0,629628.0,60,-1.0,
base,active,629537.0,629559.0,629673.0,0 1 2 3 4 5 6 7 20 21 22 23 29 41 42 43 44 45 46 47 48 49 50 51 56 57 58 59 86 87 92 103,38522.0,False
base,active,,629559.0,629741.0,61 77 78,-1.0,
base,active,629628.0,629628.0,629658.0,60,38523.0,False
base,active,,629658.0,629741.0,60,-1.0,
base,active,,629673.0,629741.0,0 1 2 3 4 5 6 7 20 21 22 23 29 41 42 43 44 45 46 47 48 49 50 51 56 57 58 59,-1.0,
base,active,,629673.0,630138.0,86 87 92 103,-1.0,
base,active,629741.0,629741.0,630100.0,0 1 2 3 4 5 6 7 20 21 22 23 29 41 42 43 44 45 46 47 48 49 50 51 56 57 58 59 60 61 77 78,38525.0,False
base,active,,630100.0,630138.0,0 1 2 3 4 5 6 7 20 21 22 23 29 41 42 43 44 45 46 47 48 49 50 51 56 57 58 59,-1.0,
base,active,,630100.0,630814.0,60,-1.0,
base,active,,630100.0,630888.0,61,-1.0,
base,active,,630100.0,630910.0,77 78,-1.0,
base,active,630138.0,630138.0,632873.0,0 1 2 3 4 5 6 7 20 21 22 23 29 41 42 43 44 45 46 47 48 49 50 51 56 57 58 59 86 87 92 103,38530.0,False
base,sleeping,,630141.0,630955.0,30 31 32 33 34 35 62 63 66,-4.0,
base,sleeping,,630141.0,631012.0,67 68 69 70 71 72 73,-4.0,
base,sleeping,,630141.0,632782.0,76,-4.0,
base,sleeping,,630141.0,640169.0,88 108 110 113 114 115,-4.0,
base,sleeping,,630144.0,631012.0,74,-4.0,
base,sleeping,,630144.0,632782.0,75,-4.0,
base,sleeping,,630144.0,632793.0,80,-4.0,
base,sleeping,,630144.0,640169.0,89 100 101 104 105,-4.0,
base,sleeping,,630301.0,632793.0,81,-4.0,
base,sleeping,,630326.0,630955.0,8 9 10 11 24 25 26 27,-4.0,
base,sleeping,,630327.0,630955.0,12 13 14 15 16 17 18 19 28 52 53 54 55 64 65,-4.0,
base,sleeping,,630327.0,640169.0,82 83 90 91 93 94 95 96 97 98 99 102 106 107 111 112 119,-4.0,
base,active,,630544.0,630910.0,84 85,-1.0,
base,active,630814.0,630814.0,630862.0,60,38532.0,False
base,active,,630862.0,630931.0,60,-1.0,
base,active,630888.0,630888.0,630906.0,61,38533.0,False
base,active,,630906.0,630931.0,61,-1.0,
base,active,630910.0,630910.0,632622.0,77 78 84 85,38534.0,False
base,active,630931.0,630931.0,632624.0,60 61,38535.0,False
base,switching_on,,630955.0,633655.0,8 9 10 11 12 13 14 15 16 17 18 19 24 25 26 27 28 30 31 32 33 34 35 52 53 54 55 62 63 64 65 66,-3.0,
base,switching_on,,631012.0,633712.0,67 68 69 70 71 72 73 74,-3.0,
base,active,628696.0,631396.0,631435.0,37,38514.0,False
base,active,,631435.0,632335.0,37,-1.0,
base,active,628893.0,631593.0,633239.0,38 39 40 79,38518.0,False
base,switching_off,,632335.0,634135.0,37,-2.0,
base,active,,632622.0,632657.0,77,-1.0,
base,active,,632622.0,632751.0,78 84,-1.0,
base,active,,632622.0,632760.0,85,-1.0,
base,active,,632624.0,632760.0,60,-1.0,
base,active,,632624.0,632769.0,61,-1.0,
base,active,632657.0,632657.0,632673.0,77,38546.0,False
base,active,,632673.0,632769.0,77,-1.0,
base,active,632751.0,632751.0,632866.0,78 84,38547.0,False
base,active,632760.0,632760.0,632869.0,60 85,38548.0,False
base,active,632769.0,632769.0,632870.0,61 77,38549.0,False
base,switching_on,,632782.0,635482.0,75 76,-3.0,
base,switching_on,,632793.0,635493.0,80 81,-3.0,
base,active,,632866.0,633766.0,78 84,-1.0,
base,active,,632869.0,633769.0,60 85,-1.0,
base,active,,632870.0,633770.0,61 77,-1.0,
base,active,,632873.0,633773.0,0 1 2 3 4 5 6 7 20 21 22 23 29 41 42 43 44 45 46 47 48 49 50 51 56 57 58 59 86 87 92 103,-1.0,
base,active,,633239.0,634139.0,38 39 40 79,-1.0,
base,active,,633500.0,634400.0,36,-1.0,
base,active,630955.0,633655.0,633784.0,8 9 10 11 12 13 14 15 16 17 18 19 24 25 26 27 28 30 31 32 33 34 35 52 53 54 55 62 63 64 65 66,38536.0,False
base,active,631012.0,633712.0,633784.0,67 68 69 70 71 72 73 74,38537.0,False
base,switching_off,,633766.0,635566.0,78 84,-2.0,
base,switching_off,,633769.0,635569.0,60 85,-2.0,
base,switching_off,,633770.0,635570.0,61 77,-2.0,
base,switching_off,,633773.0,635573.0,0 1 2 3 4 5 6 7 20 21 22 23 29 41 42 43 44 45 46 47 48 49 50 51 56 57 58 59 86 87 92 103,-2.0,
base,active,,633784.0,634684.0,8 9 10 11 12 13 14 15 16 17 18 19 24 25 26 27 28 30 31 32 33 34 35 52 53 54 55 62 63 64 65 66 67 68 69 70 71 72 73 74,-1.0,
base,sleeping,,634135.0,640142.0,37,-4.0,
base,switching_off,,634139.0,635939.0,38 39 40 79,-2.0,
base,switching_off,,634400.0,636200.0,36,-2.0,
base,active,,634574.0,635474.0,109 116 117 118 124 125 126 127,-1.0,
base,switching_off,,634684.0,636484.0,8 9 10 11 12 13 14 15 16 17 18 19 24 25 26 27 28 30 31 32 33 34 35 52 53 54 55 62 63 64 65 66 67 68 69 70 71 72 73 74,-2.0,
base,switching_off,,635474.0,637274.0,109 116 117 118 124 125 126 127,-2.0,
base,active,632782.0,635482.0,635572.0,75 76,38550.0,False
base,active,632793.0,635493.0,635573.0,80 81,38551.0,False
base,sleeping,,635566.0,640169.0,78 84,-4.0,
base,sleeping,,635569.0,640142.0,60,-4.0,
base,sleeping,,635569.0,640169.0,85,-4.0,
base,sleeping,,635570.0,640142.0,61,-4.0,
base,sleeping,,635570.0,640169.0,77,-4.0,
base,active,,635572.0,636472.0,75 76,-1.0,
base,active,,635573.0,636473.0,80 81,-1.0,
base,sleeping,,635573.0,640142.0,0 1 2 3 4 5 6 7 20 21 22 23 29 41 42 43 44 45 46 47 48 49 50 51 56 57 58 59,-4.0,
base,sleeping,,635573.0,640169.0,86 87 92 103,-4.0,
base,sleeping,,635939.0,640142.0,38 39 40,-4.0,
base,sleeping,,635939.0,640169.0,79,-4.0,
base,sleeping,,636200.0,640142.0,36,-4.0,
base,switching_off,,636472.0,638272.0,75 76,-2.0,
base,switching_off,,636473.0,638273.0,80 81,-2.0,
base,sleeping,,636484.0,640142.0,8 9 10 11 12 13 14 15 16 17 18 19 24 25 26 27 28 30 31 32 33 34 35 52 53 54 55 62 63,-4.0,
base,sleeping,,636484.0,640169.0,64 65 66 67 68 69 70 71 72 73 74,-4.0,
base,sleeping,,637274.0,640169.0,109 116 117 118 124 125 126 127,-4.0,
base,sleeping,,638272.0,640169.0,75 76,-4.0,
base,sleeping,,638273.0,640169.0,80 81,-4.0,
base,switching_on,,640142.0,642842.0,0 1 2 3 4 5 6 7 8 9 10 11 12 13 14 15 16 17 18 19 20 21 22 23 24 25 26 27 28 29 30 31 32 33 34 35 36 37 38 39 40 41 42 43 44 45 46 47 48 49 50 51 52 53 54 55 56 57 58 59 60 61 62 63,-3.0,
base,switching_on,,640169.0,642869.0,64 65 66 67 68 69 70 71 72 73 74 75 76 77 78 79 80 81 82 83 84 85 86 87 88 89 90 91 92 93 94 95 96 97 98 99 100 101 102 103 104 105 106 107 108 109 110 111 112 113 114 115 116 117 118 119 120 121 122 123 124 125 126 127,-3.0,
base,active,640142.0,642842.0,646466.0,0 1 2 3 4 5 6 7 8 9 10 11 12 13 14 15 16 17 18 19 20 21 22 23 24 25 26 27 28 29 30 31 32 33 34 35 36 37 38 39 40 41 42 43 44 45 46 47 48 49 50 51 52 53 54 55 56 57 58 59 60 61 62 63,38552.0,False
base,active,640169.0,642869.0,643036.0,64 65 66 67 68 69 70 71 72 73 74 75 76 77 78 79 80 81 82 83 84 85 86 87 88 89 90 91 92 93 94 95 96 97 98 99 100 101 102 103 104 105 106 107 108 109 110 111 112 113 114 115 116 117 118 119 120 121 122 123 124 125 126 127,38553.0,False
base,active,640464.0,643036.0,643141.0,78 79,38561.0,False
base,active,640456.0,643036.0,643147.0,76 77,38560.0,False
base,active,640440.0,643036.0,643160.0,72 73,38558.0,False
base,active,640429.0,643036.0,643170.0,70 71,38557.0,False
base,active,640421.0,643036.0,643176.0,68 69,38556.0,False
base,active,640412.0,643036.0,643184.0,66 67,38555.0,False
base,active,640404.0,643036.0,643190.0,64 65,38554.0,False
base,active,640448.0,643036.0,643239.0,74 75,38559.0,False
base,active,640694.0,643036.0,643252.0,80 81 82 83 84 85 86 87 88 89 90 91 92 93 94 95 96 97 98 99 100 101 102 103 104 105 106 107 108 109 110 111,38562.0,False
base,active,,643036.0,643694.0,112 113 114 115 116 117 118 119 120 121 122 123 124 125 126 127,-1.0,
base,active,,643141.0,643694.0,78 79,-1.0,
base,active,,643147.0,643694.0,76 77,-1.0,
base,active,,643160.0,643694.0,72 73,-1.0,
base,active,,643170.0,643694.0,70 71,-1.0,
base,active,,643176.0,643694.0,68 69,-1.0,
base,active,,643184.0,643694.0,66 67,-1.0,
base,active,,643190.0,643694.0,64 65,-1.0,
base,active,,643239.0,643694.0,74 75,-1.0,
base,active,,643252.0,643694.0,80 81 82 83 84 85 86 87 88 89 90 91 92 93 94 95 96 97 98 99 100 101 102 103 104 105 106 107 108 109 110 111,-1.0,
base,active,643694.0,643694.0,653908.0,64 65 66 67 68 69 70 71 72 73 74 75 76 77 78 79 80 81 82 83 84 85 86 87 88 89 90 91 92 93 94 95 96 97 98 99 100 101 102 103 104 105 106 107 108 109 110 111 112 113 114 115 116 117 118 119 120 121 122 123 124 125 126 127,38564.0,False
base,active,644214.0,646466.0,646996.0,0 1 2 3 4 5 6 7 8 9 10 11 12 13 14 15 16 17 18 19 20 21 22 23 24 25 26 27 28 29 30 31,38566.0,False
base,active,644820.0,646466.0,647744.0,32 33 34 35 36 37 38 39 40 41 42 43 44 45 46 47 48 49 50 51 52 53 54 55 56 57 58 59 60 61 62 63,38569.0,False
base,active,646100.0,646996.0,647008.0,0,38576.0,False
base,active,646163.0,646996.0,647008.0,1,38577.0,False
base,active,,646996.0,647896.0,2 3 4 5 6 7 8 9 10 11 12 13 14 15 16 17 18 19 20 21 22 23 24 25 26 27 28 29 30 31,-1.0,
base,active,,647008.0,647908.0,0 1,-1.0,
base,active,,647744.0,648644.0,32 33 34 35 36 37 38 39 40 41 42 43 44 45 46 47 48 49 50 51 52 53 54 55 56 57 58 59 60 61 62 63,-1.0,
base,switching_off,,647896.0,649696.0,2 3 4 5 6 7 8 9 10 11 12 13 14 15 16 17 18 19 20 21 22 23 24 25 26 27 28 29 30 31,-2.0,
base,switching_off,,647908.0,649708.0,0 1,-2.0,
base,switching_off,,648644.0,650444.0,32 33 34 35 36 37 38 39 40 41 42 43 44 45 46 47 48 49 50 51 52 53 54 55 56 57 58 59 60 61 62 63,-2.0,
base,sleeping,,649696.0,653912.0,2 3 4 5 6 7 8 9 10 11 12 13 14 15 16 17 18 19 20 21 22 23 24 25 26 27 28 29 30 31,-4.0,
base,sleeping,,649708.0,653912.0,0 1,-4.0,
base,sleeping,,650444.0,653912.0,32 33 34 35 36 37 38 39 40 41 42 43 44 45 46 47 48 49 50 51 52 53 54 55 56 57 58 59 60 61 62 63,-4.0,
base,active,,653908.0,656612.0,64 65 66 67 68 69 70 71 72 73 74 75 76 77 78 79 80 81 82 83 84 85 86 87 88 89 90 91 92 93 94 95 96 97 98 99 100 101 102 103 104 105 106 107 108 109 110 111 112 113 114 115 116 117 118 119 120 121 122 123 124 125 126 127,-1.0,
base,switching_on,,653912.0,656612.0,0 1 2 3 4 5 6 7 8 9 10 11 12 13 14 15 16 17 18 19 20 21 22 23 24 25 26 27 28 29 30 31 32 33 34 35 36 37 38 39 40 41 42 43 44 45 46 47 48 49 50 51 52 53 54 55 56 57 58 59 60 61 62 63,-3.0,
base,active,653912.0,656612.0,656710.0,0 1 2 3 4 5 6 7 8 9 10 11 12 13 14 15 16 17 18 19 20 21 22 23 24 25 26 27 28 29 30 31 32 33 34 35 36 37 38 39 40 41 42 43 44 45 46 47 48 49 50 51 52 53 54 55 56 57 58 59 60 61 62 63 64 65 66 67 68 69 70 71 72 73 74 75 76 77 78 79 80 81 82 83 84 85 86 87 88 89 90 91 92 93 94 95 96 97 98 99 100 101 102 103 104 105 106 107 108 109 110 111 112 113 114 115 116 117 118 119 120 121 122 123 124 125 126 127,38652.0,False
base,active,,656710.0,657610.0,0 1 2 3 4 5 6 7 8 9 10 11 12 13 14 15 16 17 18 19 20 21 22 23 24 25 26 27 28 29 30 31 32 33 34 35 36 37 38 39 40 41 42 43 44 45 46 47 48 49 50 51 52 53 54 55 56 57 58 59 60 61 62 63 64 65 66 67 68 69 70 71 72 73 74 75 76 77 78 79 80 81 82 83 84 85 86 87 88 89 90 91 92 93 94 95 96 97 98 99 100 101 102 103 104 105 106 107 108 109 110 111 112 113 114 115 116 117 118 119 120 121 122 123 124 125 126 127,-1.0,
base,switching_off,,657610.0,659410.0,0 1 2 3 4 5 6 7 8 9 10 11 12 13 14 15 16 17 18 19 20 21 22 23 24 25 26 27 28 29 30 31 32 33 34 35 36 37 38 39 40 41 42 43 44 45 46 47 48 49 50 51 52 53 54 55 56 57 58 59 60 61 62 63 64 65 66 67 68 69 70 71 72 73 74 75 76 77 78 79 80 81 82 83 84 85 86 87 88 89 90 91 92 93 94 95 96 97 98 99 100 101 102 103 104 105 106 107 108 109 110 111 112 113 114 115 116 117 118 119 120 121 122 123 124 125 126 127,-2.0,
base,sleeping,,659410.0,666483.0,0,-4.0,
base,sleeping,,659410.0,678361.0,1 2 3 4 5 6 7 8 9 10 11 12 13 14 15 16 17 18 19 20 21 22 23 24 25 26 27 28 29 30 31 32 33 34 35 36 37 38 39 40 41 42 43 44 45 46 47 48 49 50 51 52 53 54 55 56 57 58 59 60 61 62 63 64,-4.0,
base,sleeping,,659410.0,688492.0,65,-4.0,
base,sleeping,,659410.0,691208.0,66 67 68 69 70 71 72 73 74 75 76 77 78 79 80 81 82 83 84 85 86 87 88 89 90 91 92 93 94 95 96 97 98 99 100 101 102 103 104 105 106 107 108 109 110 111 112 113 114 115 116 117 118 119 120 121 122 123 124 125 126 127,-4.0,
base,switching_on,,666483.0,669183.0,0,-3.0,
base,active,666483.0,669183.0,669186.0,0,38654.0,False
base,active,,669186.0,670086.0,0,-1.0,
base,switching_off,,670086.0,671886.0,0,-2.0,
base,sleeping,,671886.0,678129.0,0,-4.0,
base,switching_on,,678129.0,680829.0,0,-3.0,
base,switching_on,,678361.0,681061.0,1 2 3 4 5 6 7 8 9 10 11 12 13 14 15 16 17 18 19 20 21 22 23 24 25 26 27 28 29 30 31 32 33 34 35 36 37 38 39 40 41 42 43 44 45 46 47 48 49 50 51 52 53 54 55 56 57 58 59 60 61 62 63 64,-3.0,
base,active,678129.0,680829.0,680845.0,0,38761.0,False
base,active,,680845.0,681745.0,0,-1.0,
base,active,678361.0,681061.0,691189.0,1 2 3 4 5 6 7 8 9 10 11 12 13 14 15 16 17 18 19 20 21 22 23 24 25 26 27 28 29 30 31 32 33 34 35 36 37 38 39 40 41 42 43 44 45 46 47 48 49 50 51 52 53 54 55 56 57 58 59 60 61 62 63 64,38762.0,False
base,switching_off,,681745.0,683545.0,0,-2.0,
base,sleeping,,683545.0,683622.0,0,-4.0,
base,switching_on,,683622.0,686322.0,0,-3.0,
base,active,683622.0,686322.0,686345.0,0,38807.0,False
base,active,,686345.0,687245.0,0,-1.0,
base,switching_off,,687245.0,689045.0,0,-2.0,
base,switching_on,,688492.0,691192.0,65,-3.0,
base,sleeping,,689045.0,691208.0,0,-4.0,
base,active,690268.0,691189.0,691205.0,64,38845.0,False
base,active,,691189.0,693908.0,1 2 3 4 5 6 7 8 9 10 11 12 13 14 15 16 17 18 19 20 21 22 23 24 25 26 27 28 29 30 31 32 33 34 35 36 37 38 39 40 41 42 43 44 45 46 47 48 49 50 51 52 53 54 55 56 57 58 59 60 61 62 63,-1.0,
base,active,688492.0,691192.0,691208.0,65,38835.0,False
base,active,,691205.0,693908.0,64,-1.0,
base,active,,691208.0,693908.0,65,-1.0,
base,switching_on,,691208.0,693908.0,0 66 67 68 69 70 71 72 73 74 75 76 77 78 79 80 81 82 83 84 85 86 87 88 89 90 91 92 93 94 95 96 97 98 99 100 101 102 103 104 105 106 107 108 109 110 111 112 113 114 115 116 117 118 119 120 121 122 123 124 125 126 127,-3.0,
base,active,690104.0,693908.0,694003.0,0 1 2 3 4 5 6 7 8 9 10 11 12 13 14 15 16 17 18 19 20 21 22 23 24 25 26 27 28 29 30 31 32 33 34 35 36 37 38 39 40 41 42 43 44 45 46 47 48 49 50 51 52 53 54 55 56 57 58 59 60 61 62 63 64 65 66 67 68 69 70 71 72 73 74 75 76 77 78 79 80 81 82 83 84 85 86 87 88 89 90 91 92 93 94 95 96 97 98 99 100 101 102 103 104 105 106 107 108 109 110 111 112 113 114 115 116 117 118 119 120 121 122 123 124 125 126 127,38844.0,False
base,active,690409.0,694003.0,694095.0,0 1 2 3 4 5 6 7 8 9 10 11 12 13 14 15 16 17 18 19 20 21 22 23 24 25 26 27 28 29 30 31 32 33 34 35 36 37 38 39 40 41 42 43 44 45 46 47 48 49 50 51 52 53 54 55 56 57 58 59 60 61 62 63 64 65 66 67 68 69 70 71 72 73 74 75 76 77 78 79 80 81 82 83 84 85 86 87 88 89 90 91 92 93 94 95 96 97 98 99 100 101 102 103 104 105 106 107 108 109 110 111 112 113 114 115 116 117 118 119 120 121 122 123 124 125 126 127,38846.0,False
base,active,692176.0,694095.0,694107.0,0,38855.0,False
base,active,692731.0,694095.0,694117.0,65,38858.0,False
base,active,,694095.0,694117.0,66 67 68 69 70 71 72 73 74 75 76 77 78 79 80 81 82 83 84 85 86 87 88 89 90 91 92 93 94 95 96 97 98 99 100 101 102 103 104 105 106 107 108 109 110 111 112 113 114 115 116 117 118 119 120 121 122 123 124 125 126 127,-1.0,
base,active,692226.0,694095.0,694592.0,1 2 3 4 5 6 7 8 9 10 11 12 13 14 15 16 17 18 19 20 21 22 23 24 25 26 27 28 29 30 31 32 33 34 35 36 37 38 39 40 41 42 43 44 45 46 47 48 49 50 51 52 53 54 55 56 57 58 59 60 61 62 63 64,38856.0,False
base,active,,694107.0,694117.0,0,-1.0,
base,active,692786.0,694117.0,695631.0,0 65 66 67 68 69 70 71 72 73 74 75 76 77 78 79 80 81 82 83 84 85 86 87 88 89 90 91 92 93 94 95 96 97 98 99 100 101 102 103 104 105 106 107 108 109 110 111 112 113 114 115 116 117 118 119 120 121 122 123 124 125 126 127,38859.0,False
base,active,694322.0,694592.0,704693.0,1 2 3 4 5 6 7 8 9 10 11 12 13 14 15 16 17 18 19 20 21 22 23 24 25 26 27 28 29 30 31 32 33 34 35 36 37 38 39 40 41 42 43 44 45 46 47 48 49 50 51 52 53 54 55 56 57 58 59 60 61 62 63 64,38867.0,False
base,active,,695631.0,696531.0,0 65 66 67 68 69 70 71 72 73 74 75 76 77 78 79 80 81 82 83 84 85 86 87 88 89 90 91 92 93 94 95 96 97 98 99 100 101 102 103 104 105 106 107 108 109 110 111 112 113 114 115 116 117 118 119 120 121 122 123 124 125 126 127,-1.0,
base,switching_off,,696531.0,698331.0,0 65 66 67 68 69 70 71 72 73 74 75 76 77 78 79 80 81 82 83 84 85 86 87 88 89 90 91 92 93 94 95 96 97 98 99 100 101 102 103 104 105 106 107 108 109 110 111 112 113 114 115 116 117 118 119 120 121 122 123 124 125 126 127,-2.0,
base,sleeping,,698331.0,700923.0,0,-4.0,
base,sleeping,,698331.0,703293.0,65 66 67 68 69 70 71 72 73 74 75 76 77 78 79 80 81 82 83 84 85 86 87 88 89 90 91 92 93 94 95 96,-4.0,
base,sleeping,,698331.0,703321.0,97 98 99 100 101 102 103 104,-4.0,
base,sleeping,,698331.0,705635.0,105,-4.0,
base,sleeping,,698331.0,710036.0,106 107 108,-4.0,
base,sleeping,,698331.0,710038.0,109 110 111 112 113 114 115 116,-4.0,
base,sleeping,,698331.0,710056.0,117,-4.0,
base,sleeping,,698331.0,712742.0,118 119 120,-4.0,
base,sleeping,,698331.0,712743.0,121 122 123 124 125 126 127,-4.0,
base,switching_on,,700923.0,703623.0,0,-3.0,
base,switching_on,,703293.0,705993.0,65 66 67 68 69 70 71 72 73 74 75 76 77 78 79 80 81 82 83 84 85 86 87 88 89 90 91 92 93 94 95 96,-3.0,
base,switching_on,,703321.0,706021.0,97 98 99 100 101 102 103 104,-3.0,
base,active,700923.0,703623.0,703626.0,0,38895.0,False
base,active,,703626.0,703692.0,0,-1.0,
base,active,703692.0,703692.0,703714.0,0,38907.0,False
base,active,,703714.0,704425.0,0,-1.0,
base,active,704425.0,704425.0,704442.0,0,38913.0,False
base,active,,704442.0,704693.0,0,-1.0,
base,active,,704693.0,705593.0,64,-1.0,
base,active,704507.0,704693.0,719752.0,0 1 2 3 4 5 6 7 8 9 10 11 12 13 14 15 16 17 18 19 20 21 22 23 24 25 26 27 28 29 30 31 32 33 34 35 36 37 38 39 40 41 42 43 44 45 46 47 48 49 50 51 52 53 54 55 56 57 58 59 60 61 62 63,38915.0,False
base,switching_off,,705593.0,707393.0,64,-2.0,
base,switching_on,,705635.0,708335.0,105,-3.0,
base,active,703293.0,705993.0,706090.0,65 66 67 68 69 70 71 72 73 74 75 76 77 78 79 80 81 82 83 84 85 86 87 88 89 90 91 92 93 94 95 96,38905.0,False
base,active,703321.0,706021.0,706091.0,97 98 99 100 101 102 103 104,38906.0,False
base,active,,706090.0,706522.0,65,-1.0,
base,active,,706090.0,706990.0,66 67 68 69 70 71 72 73 74 75 76 77 78 79 80 81 82 83 84 85 86 87 88 89 90 91 92 93 94 95 96,-1.0,
base,active,,706091.0,706991.0,97 98 99 100 101 102 103 104,-1.0,
base,active,706522.0,706522.0,706526.0,65,38920.0,False
base,active,,706526.0,707426.0,65,-1.0,
base,switching_off,,706990.0,708790.0,66 67 68 69 70 71 72 73 74 75 76 77 78 79 80 81 82 83 84 85 86 87 88 89 90 91 92 93 94 95 96,-2.0,
base,switching_off,,706991.0,708791.0,97 98 99 100 101 102 103 104,-2.0,
base,sleeping,,707393.0,710029.0,64,-4.0,
base,switching_off,,707426.0,709226.0,65,-2.0,
base,active,705635.0,708335.0,708339.0,105,38918.0,False
base,active,,708339.0,709239.0,105,-1.0,
base,sleeping,,708790.0,710029.0,66 67 68 69 70 71 72 73 74 75 76 77 78 79,-4.0,
base,sleeping,,708790.0,710031.0,80 81 82 83,-4.0,
base,sleeping,,708790.0,710032.0,84 85 86 87,-4.0,
base,sleeping,,708790.0,710035.0,88 89 90 91,-4.0,
base,sleeping,,708790.0,710036.0,92 93 94 95 96,-4.0,
base,sleeping,,708791.0,710036.0,97 98 99 100 101 102 103 104,-4.0,
base,sleeping,,709226.0,710029.0,65,-4.0,
base,switching_off,,709239.0,711039.0,105,-2.0,
base,switching_on,,710029.0,712729.0,64 65 66 67 68 69 70 71 72 73 74 75 76 77 78 79,-3.0,
base,switching_on,,710031.0,712731.0,80 81 82 83,-3.0,
base,switching_on,,710032.0,712732.0,84 85 86 87,-3.0,
base,switching_on,,710035.0,712735.0,88 89 90 91,-3.0,
base,switching_on,,710036.0,712736.0,92 93 94 95 96 97 98 99 100 101 102 103 104 106 107 108,-3.0,
base,switching_on,,710038.0,712738.0,109 110 111 112 113 114 115 116,-3.0,
base,switching_on,,710056.0,712756.0,117,-3.0,
base,sleeping,,711039.0,712742.0,105,-4.0,
base,active,710029.0,712729.0,712742.0,64 65 66 67 68 69 70 71 72 73 74 75 76 77 78 79,38935.0,False
base,active,710031.0,712731.0,712742.0,80 81 82 83,38936.0,False
base,active,710032.0,712732.0,712742.0,84 85 86 87,38937.0,False
base,active,710035.0,712735.0,712743.0,88 89 90 91,38938.0,False
base,active,710036.0,712736.0,712743.0,92 93 94 95 96 97 98 99 100 101 102 103 104 106 107 108,38939.0,False
base,active,710038.0,712738.0,712744.0,109 110 111 112 113 114 115 116,38940.0,False
base,active,710285.0,712742.0,712789.0,84 85 86 87,38944.0,False
base,active,710282.0,712742.0,712791.0,64 65 66 67 68 69 70 71 72 73 74 75 76 77 78 79,38942.0,False
base,active,710283.0,712742.0,712791.0,80 81 82 83,38943.0,False
base,switching_on,,712742.0,715442.0,105 118 119 120,-3.0,
base,active,710290.0,712743.0,712786.0,88 89 90 91 92 93 94 95 96 97 98 99 100 101 102 103,38946.0,False
base,active,,712743.0,712789.0,106 107 108,-1.0,
base,active,,712743.0,715443.0,104,-1.0,
base,switching_on,,712743.0,715443.0,121 122 123 124 125 126 127,-3.0,
base,active,,712744.0,712789.0,109 110 111 112 113 114 115 116,-1.0,
base,active,710056.0,712756.0,712760.0,117,38941.0,False
base,active,,712760.0,712789.0,117,-1.0,
base,active,,712786.0,712789.0,88 89 90 91 92 93 94 95 96 97 98 99 100 101 102 103,-1.0,
base,active,711090.0,712789.0,713366.0,84 85 86 87 88 89 90 91 92 93 94 95 96 97 98 99 100 101 102 103 106 107 108 109 110 111 112 113 114 115 116 117,38950.0,False
base,active,711119.0,712791.0,713340.0,64 65 66 67 68 69 70 71,38951.0,False
base,active,,712791.0,713366.0,72 73 74 75 76 77 78 79 80 81 82 83,-1.0,
base,active,,713340.0,713366.0,64 65 66 67 68 69 70 71,-1.0,
base,active,711734.0,713366.0,713464.0,96 97 98 99 100 101 102 103,38958.0,False
base,active,711689.0,713366.0,713510.0,64 65 66 67 68 69 70 71 72 73 74 75 76 77 78 79 80 81 82 83 84 85 86 87 88 89 90 91 92 93 94 95,38957.0,False
base,active,,713366.0,713833.0,106 107 108 109 110 111 112 113 114 115 116 117,-1.0,
base,active,,713464.0,713833.0,96 97 98 99 100 101 102 103,-1.0,
base,active,,713510.0,713833.0,64 65 66 67 68 69 70 71 72 73 74 75,-1.0,
base,active,,713510.0,713890.0,76 77 78 79 80 81 82 83,-1.0,
base,active,,713510.0,714410.0,84 85 86 87 88 89 90 91 92 93 94 95,-1.0,
base,active,713833.0,713833.0,713995.0,64 65 66 67 68 69 70 71 72 73 74 75 96 97 98 99 100 101 102 103 106 107 108 109 110 111 112 113 114 115 116 117,38966.0,False
base,active,713890.0,713890.0,713996.0,76 77 78 79 80 81 82 83,38967.0,False
base,active,,713995.0,714895.0,64 65 66 67 68 69 70 71 72 73 74 75 96 97 98 99 100 101 102 103 106 107 108 109 110 111 112 113 114 115 116 117,-1.0,
base,active,,713996.0,714896.0,76 77 78 79 80 81 82 83,-1.0,
base,switching_off,,714410.0,716210.0,84 85 86 87 88 89 90 91 92 93 94 95,-2.0,
base,switching_off,,714895.0,716695.0,64 65 66 67 68 69 70 71 72 73 74 75 96 97 98 99 100 101 102 103 106 107 108 109 110 111 112 113 114 115 116 117,-2.0,
base,switching_off,,714896.0,716696.0,76 77 78 79 80 81 82 83,-2.0,
base,active,710287.0,715442.0,715487.0,105 118 119 120,38945.0,False
base,active,710292.0,715443.0,715484.0,104 121 122 123 124 125 126 127,38947.0,False
base,active,714952.0,715484.0,715492.0,124 125 126 127,38974.0,False
base,active,714950.0,715484.0,715496.0,104 121 122 123,38973.0,False
base,active,714954.0,715487.0,715493.0,105 118 119 120,38975.0,False
base,active,715246.0,715492.0,715586.0,124 125 126 127,38982.0,False
base,active,715247.0,715493.0,715587.0,105 118 119 120,38983.0,False
base,active,715249.0,715496.0,715589.0,104 121 122 123,38984.0,False
base,active,,715586.0,715587.0,124 125 126 127,-1.0,
base,active,714957.0,715587.0,715591.0,105 118 119 120 124 125 126 127,38977.0,False
base,active,,715589.0,715591.0,104 121 122 123,-1.0,
base,active,715252.0,715591.0,715682.0,104 105 118 119 120 121 122 123,38986.0,False
base,active,,715591.0,718910.0,124 125 126 127,-1.0,
base,active,715385.0,715682.0,715792.0,104 105 118 119 120 121 122 123,38988.0,False
base,active,,715792.0,716022.0,104,-1.0,
base,active,,715792.0,716692.0,105 118 119 120 121 122 123,-1.0,
base,active,716022.0,716022.0,716036.0,104,38990.0,False
base,active,,716036.0,716936.0,104,-1.0,
base,switching_on,,716210.0,718910.0,84 85 86 87 88 89 90 91 92 93 94 95,-3.0,
base,switching_off,,716692.0,718492.0,105 118 119 120 121 122 123,-2.0,
base,switching_on,,716695.0,719395.0,64 65 66 67 68 69 70 71 72 73 74 75 96 97 98 99 100 101 102 103 106 107 108 109 110 111 112 113 114 115 116 117,-3.0,
base,sleeping,,716696.0,718736.0,76 77 78 79 80 81 82 83,-4.0,
base,switching_off,,716936.0,718736.0,104,-2.0,
base,sleeping,,718492.0,718736.0,105 118 119 120 121 122 123,-4.0,
base,switching_on,,718736.0,721436.0,76 77 78 79 80 81 82 83 104 105 118 119 120 121 122 123,-3.0,
base,active,714949.0,718910.0,718922.0,84 85 86 87 88 89 90 91 92 93 94 95 124 125 126 127,38972.0,False
base,active,717302.0,718922.0,719030.0,92 93 94 95 124 125 126 127,38998.0,False
base,active,718305.0,718922.0,719045.0,84 85 86 87 88 89 90 91,39003.0,False
base,active,718610.0,719030.0,719321.0,92 93 94 95 124 125 126 127,39009.0,False
base,active,,719045.0,719401.0,84 85 86 87 88 89 90 91,-1.0,
base,active,,719321.0,719401.0,92 93 94 95 124 125 126 127,-1.0,
base,active,714955.0,719395.0,719401.0,64 65 66 67 68 69 70 71 72 73 74 75 96 97 98 99,38976.0,False
base,active,715244.0,719395.0,719494.0,100 101 102 103 106 107 108 109 110 111 112 113 114 115 116 117,38981.0,False
base,active,715360.0,719401.0,719536.0,64 65 66 67 68 69 70 71 72 73 74 75 84 85 86 87 88 89 90 91 92 93 94 95 96 97 98 99 124 125 126 127,38987.0,False
base,active,,719494.0,719536.0,100 101 102 103 106 107 108 109 110 111 112 113 114 115 116 117,-1.0,
base,active,,719536.0,719569.0,88,-1.0,
base,active,717272.0,719536.0,719675.0,64 65 66 67 68 69 70 71 72 73 74 75 84 85 86 87 100 101 102 103 106 107 108 109 110 111 112 113 114 115 116 117,38997.0,False
base,active,,719536.0,719675.0,89 90 91 92 93 94 95 96 97 98 99 124 125 126 127,-1.0,
base,active,719569.0,719569.0,719583.0,88,39011.0,False
base,active,,719583.0,719675.0,88,-1.0,
base,active,,719675.0,719752.0,100 101 102 103 106 107 108 109 110 111 112 113 114 115 116 117,-1.0,
base,active,718276.0,719675.0,719826.0,64 65 66 67 68 69 70 71 72 73 74 75 84 85 86 87 88 89 90 91 92 93 94 95 96 97 98 99 124 125 126 127,39002.0,False
base,active,718577.0,719752.0,720075.0,0 1 2 3 4 5 6 7 8 9 10 11 12 13 14 15 100 101 102 103 106 107 108 109 110 111 112 113 114 115 116 117,39007.0,False
base,active,,719752.0,720652.0,16 17 18 19 20 21 22 23 24 25 26 27 28 29 30 31 32 33 34 35 36 37 38 39 40 41 42 43 44 45 46 47 48 49 50 51 52 53 54 55 56 57 58 59 60 61 62 63,-1.0,
base,active,,719826.0,720726.0,64 65 66 67 68 69 70 71 72 73 74 75 84 85 86 87 88 89 90 91 92 93 94 95 96 97 98 99 124 125 126 127,-1.0,
base,active,,720075.0,720975.0,0 1 2 3 4 5 6 7 8 9 10 11 12 13 14 15 100 101 102 103 106 107 108 109 110 111 112 113 114 115 116 117,-1.0,
base,switching_off,,720652.0,722452.0,16 17 18 19 20 21 22 23 24 25 26 27 28 29 30 31 32 33 34 35 36 37 38 39 40 41 42 43 44 45 46 47 48 49 50 51 52 53 54 55 56 57 58 59 60 61 62 63,-2.0,
base,switching_off,,720726.0,722526.0,64 65 66 67 68 69 70 71 72 73 74 75 84 85 86 87 88 89 90 91 92 93 94 95 96 97 98 99 124 125 126 127,-2.0,
base,switching_off,,720975.0,722775.0,0 1 2 3 4 5 6 7 8 9 10 11 12 13 14 15 100 101 102 103 106 107 108 109 110 111 112 113 114 115 116 117,-2.0,
base,active,715251.0,721436.0,721527.0,76 77 78 79 80 81 82 83 104 105 118 119 120 121 122 123,38985.0,False
base,active,,721527.0,722427.0,76 77 78 79 80 81 82 83 104 105 118 119 120 121 122 123,-1.0,
base,switching_off,,722427.0,724227.0,76 77 78 79 80 81 82 83 104 105 118 119 120 121 122 123,-2.0,
base,sleeping,,722452.0,722931.0,16 17 18 19 20 21 22 23 24 25 26 27 28 29 30 31 32 33 34 35 36 37 38 39 40 41 42 43 44 45 46 47 48 49 50 51 52 53 54 55 56 57 58 59 60 61 62 63,-4.0,
base,sleeping,,722526.0,722931.0,64 65 66 67 68 69 70 71 72 73 74 75 84 85 86 87,-4.0,
base,sleeping,,722526.0,733130.0,88 89 90 91 92 93 94 95 96 97 98 99 124 125 126 127,-4.0,
base,sleeping,,722775.0,722929.0,0 1 2 3 4 5 6 7 8 9 10 11 12 13 14 15,-4.0,
base,sleeping,,722775.0,733130.0,100 101 102 103 106 107 108 109 110 111 112 113 114 115 116 117,-4.0,
base,switching_on,,722929.0,725629.0,0 1 2 3 4 5 6 7 8 9 10 11 12 13 14 15,-3.0,
base,switching_on,,722931.0,725631.0,16 17 18 19 20 21 22 23 24 25 26 27 28 29 30 31 32 33 34 35 36 37 38 39 40 41 42 43 44 45 46 47 48 49 50 51 52 53 54 55 56 57 58 59 60 61 62 63 64 65 66 67 68 69 70 71 72 73 74 75 84 85 86 87,-3.0,
base,sleeping,,724227.0,726962.0,76,-4.0,
base,sleeping,,724227.0,733130.0,77 78 79 80 81 82 83 104 105 118 119 120 121 122 123,-4.0,
base,active,722929.0,725629.0,730174.0,0 1 2 3 4 5 6 7 8 9 10 11 12 13 14 15,39026.0,False
base,active,722931.0,725631.0,735829.0,16 17 18 19 20 21 22 23 24 25 26 27 28 29 30 31 32 33 34 35 36 37 38 39 40 41 42 43 44 45 46 47 48 49 50 51 52 53 54 55 56 57 58 59 60 61 62 63 64 65 66 67 68 69 70 71 72 73 74 75 84 85 86 87,39027.0,False
base,switching_on,,726962.0,729662.0,76,-3.0,
base,active,726962.0,729662.0,729677.0,76,39043.0,False
base,active,,729677.0,730577.0,76,-1.0,
base,active,,730174.0,731074.0,0 1 2 3 4 5 6 7 8 9 10 11 12 13 14 15,-1.0,
base,switching_off,,730577.0,732377.0,76,-2.0,
base,switching_off,,731074.0,732874.0,0 1 2 3 4 5 6 7 8 9 10 11 12 13 14 15,-2.0,
base,sleeping,,732377.0,733130.0,76,-4.0,
base,sleeping,,732874.0,733130.0,0 1 2 3 4 5 6 7 8 9 10 11 12 13 14 15,-4.0,
base,switching_on,,733130.0,735830.0,0 1 2 3 4 5 6 7 8 9 10 11 12 13 14 15 76 77 78 79 80 81 82 83 88 89 90 91 92 93 94 95 96 97 98 99 100 101 102 103 104 105 106 107 108 109 110 111 112 113 114 115 116 117 118 119 120 121 122 123 124 125 126 127,-3.0,
base,active,,735829.0,736729.0,16 17 18 19 20 21 22 23 24 25 26 27 28 29 30 31 32 33 34 35 36 37 38 39 40 41 42 43 44 45 46 47 48 49 50 51 52 53 54 55 56 57 58 59 60 61 62 63 64 65 66 67 68 69 70 71 72 73 74 75 84 85 86 87,-1.0,
base,active,733130.0,735830.0,740665.0,0 1 2 3 4 5 6 7 8 9 10 11 12 13 14 15 76 77 78 79 80 81 82 83 88 89 90 91 92 93 94 95 96 97 98 99 100 101 102 103 104 105 106 107 108 109 110 111 112 113 114 115 116 117 118 119 120 121 122 123 124 125 126 127,39070.0,False
base,switching_off,,736729.0,738529.0,16 17 18 19 20 21 22 23 24 25 26 27 28 29 30 31 32 33 34 35 36 37 38 39 40 41 42 43 44 45 46 47 48 49 50 51 52 53 54 55 56 57 58 59 60 61 62 63 64 65 66 67 68 69 70 71 72 73 74 75 84 85 86 87,-2.0,
base,sleeping,,738529.0,740665.0,17 18,-4.0,
base,switching_on,,738529.0,741229.0,16,-3.0,
base,sleeping,,738529.0,759205.0,19 20 21 22 23 24 25 26 27 28 29 30 31 32 33 34 35 36 37 38 39 40 41 42 43 44 45 46 47 48 49 50 51 52 53 54 55 56 57 58 59 60 61 62 63,-4.0,
base,sleeping,,738529.0,759341.0,64 65 66 67 68 69 70 71 72 73 74 75 84 85 86 87,-4.0,
base,switching_on,,740665.0,743365.0,17 18,-3.0,
base,active,737974.0,740665.0,750841.0,0 1 2 3 4 5 6 7 8 9 10 11 12 13 14 15 76 77 78 79 80 81 82 83 88 89 90 91 92 93 94 95 96 97 98 99 100 101 102 103 104 105 106 107 108 109 110 111 112 113 114 115 116 117 118 119 120 121 122 123 124 125 126 127,39094.0,False
base,active,737849.0,741229.0,741241.0,16,39093.0,False
base,active,,741241.0,742141.0,16,-1.0,
base,switching_off,,742141.0,743941.0,16,-2.0,
base,active,739281.0,743365.0,743466.0,17,39095.0,False
base,active,739459.0,743365.0,743504.0,18,39096.0,False
base,active,,743466.0,744366.0,17,-1.0,
base,active,,743504.0,744404.0,18,-1.0,
base,sleeping,,743941.0,759205.0,16,-4.0,
base,switching_off,,744366.0,746166.0,17,-2.0,
base,switching_off,,744404.0,746204.0,18,-2.0,
base,sleeping,,746166.0,759205.0,17,-4.0,
base,sleeping,,746204.0,759205.0,18,-4.0,
base,active,,750841.0,751741.0,0 1 2 3 4 5 6 7 8 9 10 11 12 13 14 15 76 77 78 79 80 81 82 83 88 89 90 91 92 93 94 95 96 97 98 99 100 101 102 103 104 105 106 107 108 109 110 111 112 113 114 115 116 117 118 119 120 121 122 123 124 125 126 127,-1.0,
base,switching_off,,751741.0,753541.0,0 1 2 3 4 5 6 7 8 9 10 11 12 13 14 15 76 77 78 79 80 81 82 83 88 89 90 91 92 93 94 95 96 97 98 99 100 101 102 103 104 105 106 107 108 109 110 111 112 113 114 115 116 117 118 119 120 121 122 123 124 125 126 127,-2.0,
base,sleeping,,753541.0,759205.0,0 1 2 3 4 5 6 7 8 9 10 11 12 13 14 15,-4.0,
base,sleeping,,753541.0,759341.0,76 77 78 79 80 81 82 83 88 89 90 91 92 93 94 95,-4.0,
base,sleeping,,753541.0,759370.0,96 97 98 99 100 101 102 103,-4.0,
base,sleeping,,753541.0,762174.0,104 105 106 107 108 109 110 111,-4.0,
base,sleeping,,753541.0,762175.0,112 113 114 115 116 117 118 119 120 121 122 123 124 125 126 127,-4.0,
base,switching_on,,759205.0,761905.0,0 1 2 3 4 5 6 7 8 9 10 11 12 13 14 15 16 17 18 19 20 21 22 23 24 25 26 27 28 29 30 31 32 33 34 35 36 37 38 39 40 41 42 43 44 45 46 47 48 49 50 51 52 53 54 55 56 57 58 59 60 61 62 63,-3.0,
base,switching_on,,759341.0,762041.0,64 65 66 67 68 69 70 71 72 73 74 75 76 77 78 79 80 81 82 83 84 85 86 87 88 89 90 91 92 93 94 95,-3.0,
base,switching_on,,759370.0,762070.0,96 97 98 99 100 101 102 103,-3.0,
base,active,759205.0,761905.0,776982.0,0 1 2 3 4 5 6 7 8 9 10 11 12 13 14 15 16 17 18 19 20 21 22 23 24 25 26 27 28 29 30 31 32 33 34 35 36 37 38 39 40 41 42 43 44 45 46 47 48 49 50 51 52 53 54 55 56 57 58 59 60 61 62 63,39097.0,False
base,active,759341.0,762041.0,762174.0,64 65 66 67 68 69 70 71 72 73 74 75 76 77 78 79 80 81 82 83 84 85 86 87 88 89 90 91 92 93 94 95,39098.0,False
base,active,759370.0,762070.0,762175.0,96 97 98 99 100 101 102 103,39099.0,False
base,active,759584.0,762174.0,762295.0,64 65 66 67 68 69 70 71 72 73 74 75 76 77 78 79 80 81 82 83 84 85 86 87 88 89 90 91 92 93 94 95,39100.0,False
base,switching_on,,762174.0,764874.0,104 105 106 107 108 109 110 111,-3.0,
base,active,,762175.0,762295.0,96 97 98 99 100 101 102 103,-1.0,
base,switching_on,,762175.0,764875.0,112 113 114 115 116 117 118 119 120 121 122 123 124 125 126 127,-3.0,
base,active,760407.0,762295.0,762476.0,64 65 66 67 68 69 70 71 72 73 74 75 76 77 78 79 80 81 82 83 84 85 86 87 96 97 98 99 100 101 102 103,39102.0,False
base,active,,762295.0,762476.0,88 89 90 91 92 93 94 95,-1.0,
base,active,760955.0,762476.0,762600.0,64 65 66 67 68 69 70 71 72 73 74 75 76 77 78 79 80 81 82 83 84 85 86 87 88 89 90 91 92 93 94 95,39104.0,False
base,active,,762476.0,763376.0,96 97 98 99 100 101 102 103,-1.0,
base,active,,762600.0,763500.0,64 65 66 67 68 69 70 71 72 73 74 75 76 77 78 79 80 81 82 83 84 85 86 87 88 89 90 91 92 93 94 95,-1.0,
base,switching_off,,763376.0,765176.0,96 97 98 99 100 101 102 103,-2.0,
base,switching_off,,763500.0,765300.0,64 65 66 67 68 69 70 71 72 73 74 75 76 77 78 79 80 81 82 83 84 85 86 87 88 89 90 91 92 93 94 95,-2.0,
base,active,759607.0,764874.0,764972.0,104 105 106 107 108 109 110 111,39101.0,False
base,active,760981.0,764875.0,764974.0,120 121 122 123 124 125 126 127,39105.0,False
base,active,760439.0,764875.0,765024.0,112 113 114 115 116 117 118 119,39103.0,False
base,active,,764972.0,765872.0,104 105 106 107 108 109 110 111,-1.0,
base,active,,764974.0,765874.0,120 121 122 123 124 125 126 127,-1.0,
base,active,,765024.0,765924.0,112 113 114 115 116 117 118 119,-1.0,
base,sleeping,,765176.0,773759.0,96 97 98 99 100,-4.0,
base,sleeping,,765176.0,773890.0,101 102 103,-4.0,
base,sleeping,,765300.0,768592.0,64,-4.0,
base,sleeping,,765300.0,770021.0,65,-4.0,
base,sleeping,,765300.0,772248.0,66,-4.0,
base,sleeping,,765300.0,772407.0,67,-4.0,
base,sleeping,,765300.0,772496.0,68,-4.0,
base,sleeping,,765300.0,772580.0,69 70 71 72 73 74 75 76,-4.0,
base,sleeping,,765300.0,773113.0,77 78 79 80 81 82 83 84,-4.0,
base,sleeping,,765300.0,773356.0,85 86 87 88 89 90 91 92,-4.0,
base,sleeping,,765300.0,773759.0,93 94 95,-4.0,
base,switching_off,,765872.0,767672.0,104 105 106 107 108 109 110 111,-2.0,
base,switching_off,,765874.0,767674.0,120 121 122 123 124 125 126 127,-2.0,
base,switching_off,,765924.0,767724.0,112 113 114 115 116 117 118 119,-2.0,
base,sleeping,,767672.0,773890.0,104 105 106 107 108,-4.0,
base,sleeping,,767672.0,774428.0,109 110 111,-4.0,
base,sleeping,,767674.0,774515.0,120 121 122 123 124,-4.0,
base,sleeping,,767674.0,774962.0,125 126,-4.0,
base,sleeping,,767674.0,775055.0,127,-4.0,
base,sleeping,,767724.0,774428.0,112 113 114 115 116,-4.0,
base,sleeping,,767724.0,774515.0,117 118 119,-4.0,
base,switching_on,,768592.0,771292.0,64,-3.0,
base,switching_on,,770021.0,772721.0,65,-3.0,
base,active,768592.0,771292.0,771308.0,64,39124.0,False
base,active,,771308.0,772208.0,64,-1.0,
base,switching_off,,772208.0,774008.0,64,-2.0,
base,switching_on,,772248.0,774948.0,66,-3.0,
base,switching_on,,772407.0,775107.0,67,-3.0,
base,switching_on,,772496.0,775196.0,68,-3.0,
base,switching_on,,772580.0,775280.0,69 70 71 72 73 74 75 76,-3.0,
base,active,770021.0,772721.0,772736.0,65,39131.0,False
base,active,,772736.0,773183.0,65,-1.0,
base,switching_on,,773113.0,775813.0,77 78 79 80 81 82 83 84,-3.0,
base,active,773183.0,773183.0,773203.0,65,39151.0,False
base,active,,773203.0,773489.0,65,-1.0,
base,switching_on,,773356.0,776056.0,85 86 87 88 89 90 91 92,-3.0,
base,active,773489.0,773489.0,773523.0,65,39153.0,False
base,active,,773523.0,774184.0,65,-1.0,
base,switching_on,,773759.0,776459.0,93 94 95 96 97 98 99 100,-3.0,
base,switching_on,,773890.0,776590.0,101 102 103 104 105 106 107 108,-3.0,
base,sleeping,,774008.0,774291.0,64,-4.0,
base,active,774184.0,774184.0,774216.0,65,39162.0,False
base,active,,774216.0,774266.0,65,-1.0,
base,active,774266.0,774266.0,774292.0,65,39163.0,False
base,switching_on,,774291.0,776991.0,64,-3.0,
base,active,,774292.0,774320.0,65,-1.0,
base,active,774320.0,774320.0,774362.0,65,39166.0,False
base,active,,774362.0,774624.0,65,-1.0,
base,switching_on,,774428.0,777128.0,109 110 111 112 113 114 115 116,-3.0,
base,switching_on,,774515.0,777215.0,117 118 119 120 121 122 123 124,-3.0,
base,active,774624.0,774624.0,774629.0,65,39169.0,False
base,active,,774629.0,775300.0,65,-1.0,
base,active,772248.0,774948.0,775055.0,66,39140.0,False
base,switching_on,,774962.0,777662.0,125 126,-3.0,
base,active,,775055.0,775300.0,66,-1.0,
base,switching_on,,775055.0,777755.0,127,-3.0,
base,active,772407.0,775107.0,775128.0,67,39144.0,False
base,active,,775128.0,775300.0,67,-1.0,
base,active,772496.0,775196.0,775214.0,68,39146.0,False
base,active,,775214.0,775300.0,68,-1.0,
base,active,772580.0,775280.0,775300.0,69 70 71 72 73 74 75 76,39148.0,False
base,active,774647.0,775300.0,775330.0,65 66 67 68 69 70 71 72,39170.0,False
base,active,,775300.0,775330.0,73 74 75 76,-1.0,
base,active,775055.0,775330.0,775393.0,65 66 67 68 73 74 75 76,39175.0,False
base,active,,775330.0,775393.0,69 70 71 72,-1.0,
base,active,,775393.0,775483.0,73,-1.0,
base,active,775140.0,775393.0,775486.0,65 66 67 68 69 70 71 72,39176.0,False
base,active,,775393.0,775562.0,74,-1.0,
base,active,,775393.0,776293.0,75 76,-1.0,
base,active,775483.0,775483.0,775490.0,73,39178.0,False
base,active,,775486.0,776386.0,65 66 67 68 69 70 71 72,-1.0,
base,active,,775490.0,776390.0,73,-1.0,
base,active,775562.0,775562.0,775566.0,74,39179.0,False
base,active,,775566.0,776466.0,74,-1.0,
base,active,773113.0,775813.0,775852.0,77 78 79 80 81 82 83 84,39150.0,False
base,active,,775852.0,776752.0,77 78 79 80 81 82 83 84,-1.0,
base,active,773356.0,776056.0,776158.0,85 86 87 88 89 90 91 92,39152.0,False
base,active,,776158.0,777058.0,85 86 87 88 89 90 91 92,-1.0,
base,switching_off,,776293.0,778093.0,75 76,-2.0,
base,switching_off,,776386.0,778186.0,65 66 67 68 69 70 71 72,-2.0,
base,switching_off,,776390.0,778190.0,73,-2.0,
base,active,773759.0,776459.0,776505.0,93 94 95 96 97 98 99 100,39155.0,False
base,switching_off,,776466.0,778266.0,74,-2.0,
base,active,,776505.0,777405.0,93 94 95 96 97 98 99 100,-1.0,
base,active,773890.0,776590.0,776730.0,101 102 103 104 105 106 107 108,39156.0,False
base,active,,776730.0,777630.0,101 102 103 104 105 106 107 108,-1.0,
base,switching_off,,776752.0,778552.0,77 78 79 80 81 82 83 84,-2.0,
base,active,,776982.0,777882.0,0 1 2 3 4 5 6 7 8 9 10 11 12 13 14 15 16 17 18 19 20 21 22 23 24 25 26 27 28 29 30 31 32 33 34 35 36 37 38 39 40 41 42 43 44 45 46 47 48 49 50 51 52 53 54 55 56 57 58 59 60 61 62 63,-1.0,
base,active,774291.0,776991.0,777007.0,64,39165.0,False
base,active,,777007.0,777907.0,64,-1.0,
base,switching_off,,777058.0,778858.0,85 86 87 88 89 90 91 92,-2.0,
base,active,774428.0,777128.0,777149.0,109 110 111 112 113 114 115 116,39167.0,False
base,active,,777149.0,777936.0,109,-1.0,
base,active,,777149.0,778049.0,110 111 112 113 114 115 116,-1.0,
base,active,774515.0,777215.0,777239.0,117 118 119 120 121 122 123 124,39168.0,False
base,active,,777239.0,778139.0,117 118 119 120 121 122 123 124,-1.0,
base,switching_off,,777405.0,779205.0,93 94 95 96 97 98 99 100,-2.0,
base,switching_off,,777630.0,779430.0,101 102 103 104 105 106 107 108,-2.0,
base,active,774951.0,777662.0,777665.0,125,39172.0,False
base,active,774962.0,777662.0,777666.0,126,39173.0,False
base,active,,777665.0,778565.0,125,-1.0,
base,active,,777666.0,778566.0,126,-1.0,
base,active,775006.0,777755.0,777758.0,127,39174.0,False
base,active,,777758.0,778658.0,127,-1.0,
base,switching_off,,777882.0,779682.0,0 1 2 3 4 5 6 7 8 9 10 11 12 13 14 15 16 17 18 19 20 21 22 23 24 25 26 27 28 29 30 31 32 33 34 35 36 37 38 39 40 41 42 43 44 45 46 47 48 49 50 51 52 53 54 55 56 57 58 59 60 61 62 63,-2.0,
base,switching_off,,777907.0,779707.0,64,-2.0,
base,active,777936.0,777936.0,777963.0,109,39195.0,False
base,active,,777963.0,778863.0,109,-1.0,
base,switching_off,,778049.0,779849.0,110 111 112 113 114 115 116,-2.0,
base,sleeping,,778093.0,786731.0,75 76,-4.0,
base,switching_off,,778139.0,779939.0,117 118 119 120 121 122 123 124,-2.0,
base,sleeping,,778186.0,779682.0,65,-4.0,
base,sleeping,,778186.0,786731.0,66 67 68 69 70 71 72,-4.0,
base,sleeping,,778190.0,786731.0,73,-4.0,
base,sleeping,,778266.0,786731.0,74,-4.0,
base,sleeping,,778552.0,786731.0,77 78 79 80 81 82 83 84,-4.0,
base,switching_off,,778565.0,780365.0,125,-2.0,
base,switching_off,,778566.0,780366.0,126,-2.0,
base,switching_off,,778658.0,780458.0,127,-2.0,
base,sleeping,,778858.0,786731.0,85 86 87 88 89 90 91 92,-4.0,
base,switching_off,,778863.0,780663.0,109,-2.0,
base,sleeping,,779205.0,786731.0,93 94 95 96 97 98 99 100,-4.0,
base,sleeping,,779430.0,786731.0,101 102 103 104 105 106 107 108,-4.0,
base,switching_on,,779682.0,782382.0,0 1 2 3 4 5 6 7 8 9 10 11 12 13 14 15 16 17 18 19 20 21 22 23 24 25 26 27 28 29 30 31 32 33 34 35 36 37 38 39 40 41 42 43 44 45 46 47 48 49 50 51 52 53 54 55 56 57 58 59 60 61 62 63 65,-3.0,
base,sleeping,,779707.0,780659.0,64,-4.0,
base,sleeping,,779849.0,786731.0,110 111 112 113 114 115 116,-4.0,
base,sleeping,,779939.0,786731.0,117 118 119 120 121 122 123 124,-4.0,
base,sleeping,,780365.0,786731.0,125,-4.0,
base,sleeping,,780366.0,786731.0,126,-4.0,
base,sleeping,,780458.0,786731.0,127,-4.0,
base,switching_on,,780659.0,783359.0,64,-3.0,
base,sleeping,,780663.0,786731.0,109,-4.0,
base,active,778064.0,782382.0,782399.0,65,39197.0,False
base,active,777961.0,782382.0,785078.0,0 1 2 3 4 5 6 7 8 9 10 11 12 13 14 15 16 17 18 19 20 21 22 23 24 25 26 27 28 29 30 31 32 33 34 35 36 37 38 39 40 41 42 43 44 45 46 47 48 49 50 51 52 53 54 55 56 57 58 59 60 61 62 63,39196.0,False
base,active,,782399.0,783299.0,65,-1.0,
base,switching_off,,783299.0,785099.0,65,-2.0,
base,active,780659.0,783359.0,783373.0,64,39207.0,False
base,active,,783373.0,784273.0,64,-1.0,
base,switching_off,,784273.0,786073.0,64,-2.0,
base,active,,785078.0,785403.0,0 1 2 3 4 5 6 7 8 9 10 11 12 13 14 15 16 17 18 19 20 21 22 23 24 25 26 27 28 29 30 31 32 33 34 35 36 37 38 39 40 41 42 43 44 45 46 47 48 49 50 51 52 53 54 55 56 57 58 59 60 61 62 63,-1.0,
base,sleeping,,785099.0,786731.0,65,-4.0,
base,active,784048.0,785403.0,786731.0,0 1 2 3 4 5 6 7 8 9 10 11 12 13 14 15 16 17 18 19 20 21 22 23 24 25 26 27 28 29 30 31 32 33 34 35 36 37 38 39 40 41 42 43 44 45 46 47 48 49 50 51 52 53 54 55 56 57 58 59 60 61 62 63,39222.0,False
base,sleeping,,786073.0,786731.0,64,-4.0,
base,active,,786731.0,789431.0,0 1 2 3 4 5 6 7 8 9 10 11 12 13 14 15 16 17 18 19 20 21 22 23 24 25 26 27 28 29 30 31 32 33 34 35 36 37 38 39 40 41 42 43 44 45 46 47 48 49 50 51 52 53 54 55 56 57 58 59 60 61 62 63,-1.0,
base,switching_on,,786731.0,789431.0,64 65 66 67 68 69 70 71 72 73 74 75 76 77 78 79 80 81 82 83 84 85 86 87 88 89 90 91 92 93 94 95 96 97 98 99 100 101 102 103 104 105 106 107 108 109 110 111 112 113 114 115 116 117 118 119 120 121 122 123 124 125 126 127,-3.0,
base,active,783368.0,789431.0,789527.0,0 1 2 3 4 5 6 7 8 9 10 11 12 13 14 15 16 17 18 19 20 21 22 23 24 25 26 27 28 29 30 31 32 33 34 35 36 37 38 39 40 41 42 43 44 45 46 47 48 49 50 51 52 53 54 55 56 57 58 59 60 61 62 63 64 65 66 67 68 69 70 71 72 73 74 75 76 77 78 79 80 81 82 83 84 85 86 87 88 89 90 91 92 93 94 95 96 97 98 99 100 101 102 103 104 105 106 107 108 109 110 111 112 113 114 115 116 117 118 119 120 121 122 123 124 125 126 127,39220.0,False
base,active,786808.0,789527.0,789542.0,64,39237.0,False
base,active,789267.0,789527.0,789587.0,127,39251.0,False
base,active,,789527.0,790427.0,65 66 67 68 69 70 71 72 73 74 75 76 77 78 79 80 81 82 83 84 85 86 87 88 89 90 91 92 93 94 95 96 97 98 99 100 101 102 103 104 105 106 107 108 109 110 111 112 113 114 115 116 117 118 119 120 121 122 123 124 125 126,-1.0,
base,active,785403.0,789527.0,790930.0,0 1 2 3 4 5 6 7 8 9 10 11 12 13 14 15 16 17 18 19 20 21 22 23 24 25 26 27 28 29 30 31 32 33 34 35 36 37 38 39 40 41 42 43 44 45 46 47 48 49 50 51 52 53 54 55 56 57 58 59 60 61 62 63,39229.0,False
base,active,,789542.0,790442.0,64,-1.0,
base,active,,789587.0,790487.0,127,-1.0,
base,switching_off,,790427.0,792227.0,65 66 67 68 69 70 71 72 73 74 75 76 77 78 79 80 81 82 83 84 85 86 87 88 89 90 91 92 93 94 95 96 97 98 99 100 101 102 103 104 105 106 107 108 109 110 111 112 113 114 115 116 117 118 119 120 121 122 123 124 125 126,-2.0,
base,switching_off,,790442.0,792242.0,64,-2.0,
base,switching_off,,790487.0,792287.0,127,-2.0,
base,active,788165.0,790930.0,793330.0,0 1 2 3 4 5 6 7 8 9 10 11 12 13 14 15 16 17 18 19 20 21 22 23 24 25 26 27 28 29 30 31 32 33 34 35 36 37 38 39 40 41 42 43 44 45 46 47 48 49 50 51 52 53 54 55 56 57 58 59 60 61 62 63,39243.0,False
base,sleeping,,792227.0,793330.0,65 66 67 68 69 70 71 72 73 74 75 76 77 78 79 80 81 82 83 84 85 86 87 88 89 90 91 92 93 94 95 96 97 98 99 100 101 102 103 104 105 106 107 108 109 110 111 112 113 114 115 116 117 118 119 120 121 122 123 124 125 126,-4.0,
base,sleeping,,792242.0,793330.0,64,-4.0,
base,sleeping,,792287.0,793330.0,127,-4.0,
base,active,,793330.0,796030.0,0 1 2 3 4 5 6 7 8 9 10 11 12 13 14 15 16 17 18 19 20 21 22 23 24 25 26 27 28 29 30 31 32 33 34 35 36 37 38 39 40 41 42 43 44 45 46 47 48 49 50 51 52 53 54 55 56 57 58 59 60 61 62 63,-1.0,
base,switching_on,,793330.0,796030.0,64 65 66 67 68 69 70 71 72 73 74 75 76 77 78 79 80 81 82 83 84 85 86 87 88 89 90 91 92 93 94 95 96 97 98 99 100 101 102 103 104 105 106 107 108 109 110 111 112 113 114 115 116 117 118 119 120 121 122 123 124 125 126 127,-3.0,
base,active,787724.0,796030.0,796121.0,0 1 2 3 4 5 6 7 8 9 10 11 12 13 14 15 16 17 18 19 20 21 22 23 24 25 26 27 28 29 30 31 32 33 34 35 36 37 38 39 40 41 42 43 44 45 46 47 48 49 50 51 52 53 54 55 56 57 58 59 60 61 62 63 64 65 66 67 68 69 70 71 72 73 74 75 76 77 78 79 80 81 82 83 84 85 86 87 88 89 90 91 92 93 94 95 96 97 98 99 100 101 102 103 104 105 106 107 108 109 110 111 112 113 114 115 116 117 118 119 120 121 122 123 124 125 126 127,39240.0,False
base,active,790592.0,796121.0,796675.0,0 1 2 3 4 5 6 7 8 9 10 11 12 13 14 15 16 17 18 19 20 21 22 23 24 25 26 27 28 29 30 31 32 33 34 35 36 37 38 39 40 41 42 43 44 45 46 47 48 49 50 51 52 53 54 55 56 57 58 59 60 61 62 63,39260.0,False
base,active,792016.0,796121.0,800423.0,64 65 66 67 68 69 70 71 72 73 74 75 76 77 78 79 80 81 82 83 84 85 86 87 88 89 90 91 92 93 94 95 96 97 98 99 100 101 102 103 104 105 106 107 108 109 110 111 112 113 114 115 116 117 118 119 120 121 122 123 124 125 126 127,39265.0,False
base,active,796319.0,796675.0,796690.0,0,39266.0,False
base,active,,796675.0,796690.0,1 2 3 4 5 6 7 8 9 10 11 12 13 14 15 16 17 18 19 20 21 22 23 24 25 26 27 28 29 30 31 32 33 34 35 36 37 38 39 40 41 42 43 44 45 46 47 48 49 50 51 52 53 54 55 56 57 58 59 60 61 62 63,-1.0,
base,active,796400.0,796690.0,808589.0,0 1 2 3 4 5 6 7 8 9 10 11 12 13 14 15 16 17 18 19 20 21 22 23 24 25 26 27 28 29 30 31 32 33 34 35 36 37 38 39 40 41 42 43 44 45 46 47 48 49 50 51 52 53 54 55 56 57 58 59 60 61 62 63,39267.0,False
base,active,,800423.0,801323.0,64 65 66 67 68 69 70 71 72 73 74 75 76 77 78 79 80 81 82 83 84 85 86 87 88 89 90 91 92 93 94 95 96 97 98 99 100 101 102 103 104 105 106 107 108 109 110 111 112 113 114 115 116 117 118 119 120 121 122 123 124 125 126 127,-1.0,
base,switching_off,,801323.0,803123.0,64 65 66 67 68 69 70 71 72 73 74 75 76 77 78 79 80 81 82 83 84 85 86 87 88 89 90 91 92 93 94 95 96 97 98 99 100 101 102 103 104 105 106 107 108 109 110 111 112 113 114 115 116 117 118 119 120 121 122 123 124 125 126 127,-2.0,
base,switching_on,,803123.0,805823.0,64,-3.0,
base,sleeping,,803123.0,808168.0,65,-4.0,
base,sleeping,,803123.0,808302.0,66,-4.0,
base,sleeping,,803123.0,809329.0,67 68 69 70 71 72 73 74 75 76 77 78 79 80 81 82 83 84 85 86 87 88 89 90 91 92 93 94 95 96 97 98 99 100 101 102 103 104 105 106 107 108 109 110 111 112 113 114 115 116 117 118 119 120 121 122 123 124 125 126 127,-4.0,
base,active,802422.0,805823.0,805847.0,64,39268.0,False
base,active,,805847.0,806747.0,64,-1.0,
base,switching_off,,806747.0,808547.0,64,-2.0,
base,switching_on,,808168.0,810868.0,65,-3.0,
base,switching_on,,808302.0,811002.0,66,-3.0,
base,sleeping,,808547.0,809329.0,64,-4.0,
base,active,,808589.0,809328.0,0 1 2 3 4 5 6 7 8 9 10 11 12 13 14 15,-1.0,
base,active,,808589.0,809489.0,18 19 20 21 22 23 24 25 26 27 28 29 30 31 32 33 34 35 36 37 38 39 40 41 42 43 44 45 46 47 48 49 50 51 52 53 54 55 56 57 58 59 60 61 62 63,-1.0,
base,active,,808589.0,812029.0,16 17,-1.0,
base,active,809328.0,809328.0,820252.0,0 1 2 3 4 5 6 7 8 9 10 11 12 13 14 15,39271.0,False
base,switching_on,,809329.0,812029.0,64 67 68 69 70 71 72 73 74 75 76 77 78 79 80 81 82 83 84 85 86 87 88 89 90 91 92 93 94 95 96 97 98 99 100 101 102 103 104 105 106 107 108 109 110 111 112 113 114 115 116 117 118 119 120 121 122 123 124 125 126 127,-3.0,
base,switching_off,,809489.0,811289.0,18 19 20 21 22 23 24 25 26 27 28 29 30 31 32 33 34 35 36 37 38 39 40 41 42 43 44 45 46 47 48 49 50 51 52 53 54 55 56 57 58 59 60 61 62 63,-2.0,
base,active,808168.0,810868.0,810883.0,65,39269.0,False
base,active,,810883.0,810919.0,65,-1.0,
base,active,810919.0,810919.0,810924.0,65,39273.0,False
base,active,,810924.0,811824.0,65,-1.0,
base,active,808302.0,811002.0,811021.0,66,39270.0,False
base,active,,811021.0,811921.0,66,-1.0,
base,sleeping,,811289.0,822953.0,18 19 20 21 22 23 24 25 26 27 28 29 30 31 32 33 34 35 36 37 38 39 40 41 42 43 44 45 46 47 48 49 50 51 52 53 54 55 56 57 58 59 60 61 62 63,-4.0,
base,switching_off,,811824.0,813624.0,65,-2.0,
base,switching_off,,811921.0,813721.0,66,-2.0,
base,active,809329.0,812029.0,822953.0,16 17 64 67 68 69 70 71 72 73 74 75 76 77 78 79 80 81 82 83 84 85 86 87 88 89 90 91 92 93 94 95 96 97 98 99 100 101 102 103 104 105 106 107 108 109 110 111 112 113 114 115 116 117 118 119 120 121 122 123 124 125 126 127,39272.0,False
base,sleeping,,813624.0,822953.0,65,-4.0,
base,sleeping,,813721.0,822953.0,66,-4.0,
base,active,,820252.0,821152.0,0 1 2 3 4 5 6 7 8 9 10 11 12 13 14 15,-1.0,
base,switching_off,,821152.0,822952.0,0 1 2 3 4 5 6 7 8 9 10 11 12 13 14 15,-2.0,
base,sleeping,,822952.0,822953.0,0 1 2 3 4 5 6 7 8 9 10 11 12 13 14 15,-4.0,
base,active,,822953.0,825653.0,16 17 64 67 68 69 70 71 72 73 74 75 76 77 78 79 80 81 82 83 84 85 86 87 88 89 90 91 92 93 94 95 96 97 98 99 100 101 102 103 104 105 106 107 108 109 110 111 112 113 114 115 116 117 118 119 120 121 122 123 124 125 126 127,-1.0,
base,switching_on,,822953.0,825653.0,0 1 2 3 4 5 6 7 8 9 10 11 12 13 14 15 18 19 20 21 22 23 24 25 26 27 28 29 30 31 32 33 34 35 36 37 38 39 40 41 42 43 44 45 46 47 48 49 50 51 52 53 54 55 56 57 58 59 60 61 62 63 65 66,-3.0,
base,active,822566.0,825653.0,825740.0,0 1 2 3 4 5 6 7 8 9 10 11 12 13 14 15 16 17 18 19 20 21 22 23 24 25 26 27 28 29 30 31 32 33 34 35 36 37 38 39 40 41 42 43 44 45 46 47 48 49 50 51 52 53 54 55 56 57 58 59 60 61 62 63 64 65 66 67 68 69 70 71 72 73 74 75 76 77 78 79 80 81 82 83 84 85 86 87 88 89 90 91 92 93 94 95 96 97 98 99 100 101 102 103 104 105 106 107 108 109 110 111 112 113 114 115 116 117 118 119 120 121 122 123 124 125 126 127,39279.0,False
base,active,,825740.0,826640.0,0 1 2 3 4 5 6 7 8 9 10 11 12 13 14 15 16 17 18 19 20 21 22 23 24 25 26 27 28 29 30 31 32 33 34 35 36 37 38 39 40 41 42 43 44 45 46 47 48 49 50 51 52 53 54 55 56 57 58 59 60 61 62 63 64 65 66 67 68 69 70 71 72 73 74 75 76 77 78 79 80 81 82 83 84 85 86 87 88 89 90 91 92 93 94 95 96 97 98 99 100 101 102 103 104 105 106 107 108 109 110 111 112 113 114 115 116 117 118 119 120 121 122 123 124 125 126 127,-1.0,
base,switching_off,,826640.0,828440.0,0 1 2 3 4 5 6 7 8 9 10 11 12 13 14 15 16 17 18 19 20 21 22 23 24 25 26 27 28 29 30 31 32 33 34 35 36 37 38 39 40 41 42 43 44 45 46 47 48 49 50 51 52 53 54 55 56 57 58 59 60 61 62 63 64 65 66 67 68 69 70 71 72 73 74 75 76 77 78 79 80 81 82 83 84 85 86 87 88 89 90 91 92 93 94 95 96 97 98 99 100 101 102 103 104 105 106 107 108 109 110 111 112 113 114 115 116 117 118 119 120 121 122 123 124 125 126 127,-2.0,
base,sleeping,,828440.0,851460.0,0 1 2 3,-4.0,
base,sleeping,,828440.0,851760.0,4 5 6 7 8 9 10 11,-4.0,
base,sleeping,,828440.0,851945.0,12 13,-4.0,
base,sleeping,,828440.0,852323.0,14 15 16 17 18 19 20 21 22 23 24 25 26 27 28 29,-4.0,
base,sleeping,,828440.0,852779.0,30 31 32 33 34 35 36 37 38 39 40 41 42 43 44 45 46 47 48 49 50 51 52 53 54 55 56 57 58 59 60 61,-4.0,
base,sleeping,,828440.0,853137.0,62 63 64 65 66 67 68 69 70 71 72 73 74 75 76 77 78 79 80 81 82 83 84 85 86 87 88 89 90 91 92 93,-4.0,
base,sleeping,,828440.0,853160.0,94 95 96 97 98 99 100 101,-4.0,
base,sleeping,,828440.0,853287.0,102 103 104 105,-4.0,
base,sleeping,,828440.0,853694.0,106 107 108 109,-4.0,
base,sleeping,,828440.0,854692.0,110 111 112 113 114 115 116 117 118 119 120 121 122 123 124 125 126 127,-4.0,
base,switching_on,,851460.0,854160.0,0 1 2 3,-3.0,
base,switching_on,,851760.0,854460.0,4 5 6 7 8 9 10 11,-3.0,
base,switching_on,,851945.0,854645.0,12 13,-3.0,
base,switching_on,,852323.0,855023.0,14 15 16 17 18 19 20 21 22 23 24 25 26 27 28 29,-3.0,
base,switching_on,,852779.0,855479.0,30 31 32 33 34 35 36 37 38 39 40 41 42 43 44 45 46 47 48 49 50 51 52 53 54 55 56 57 58 59 60 61,-3.0,
base,switching_on,,853137.0,855837.0,62 63 64 65 66 67 68 69 70 71 72 73 74 75 76 77 78 79 80 81 82 83 84 85 86 87 88 89 90 91 92 93,-3.0,
base,switching_on,,853160.0,855860.0,94 95 96 97 98 99 100 101,-3.0,
base,switching_on,,853287.0,855987.0,102 103 104 105,-3.0,
base,switching_on,,853694.0,856394.0,106 107 108 109,-3.0,
base,active,851460.0,854160.0,854210.0,0 1 2 3,39514.0,False
base,active,,854210.0,857392.0,0 1 2 3,-1.0,
base,active,851760.0,854460.0,854521.0,4 5 6 7 8 9 10 11,39516.0,False
base,active,,854521.0,857392.0,4 5 6 7 8 9 10 11,-1.0,
base,active,851945.0,854645.0,854692.0,12 13,39519.0,False
base,active,,854692.0,857392.0,12 13,-1.0,
base,switching_on,,854692.0,857392.0,110 111 112 113 114 115 116 117 118 119 120 121 122 123 124 125 126 127,-3.0,
base,active,852323.0,855023.0,855381.0,14 15 16 17 18 19 20 21 22 23 24 25 26 27 28 29,39523.0,False
base,active,854873.0,855381.0,855392.0,14 15 16 17 18 19 20 21 22 23 24 25 26 27 28 29,39537.0,False
base,active,854879.0,855392.0,855396.0,18 19 20 21,39540.0,False
base,active,855246.0,855392.0,855398.0,14 15 16 17,39545.0,False
base,active,854877.0,855392.0,855401.0,22 23 24 25,39539.0,False
base,active,854874.0,855392.0,855403.0,26 27 28 29,39538.0,False
base,active,855247.0,855396.0,855402.0,18 19 20 21,39546.0,False
base,active,855249.0,855398.0,855403.0,14 15 16 17,39547.0,False
base,active,855360.0,855401.0,855430.0,22 23 24 25,39550.0,False
base,active,855362.0,855402.0,855429.0,18 19 20 21,39551.0,False
base,active,855363.0,855403.0,855429.0,26 27 28 29,39552.0,False
base,active,,855403.0,855453.0,14 15 16 17,-1.0,
base,active,855366.0,855429.0,855453.0,18 19 20 21 26 27 28 29,39554.0,False
base,active,,855430.0,855453.0,22 23 24 25,-1.0,
base,active,854881.0,855453.0,855455.0,14 15 16 17 18 19 20 21 22 23 24 25 26 27 28 29,39541.0,False
base,active,855244.0,855455.0,855467.0,14 15 16 17 18 19 20 21 22 23 24 25 26 27 28 29,39544.0,False
base,active,855250.0,855467.0,855472.0,14 15 16 17 18 19 20 21 22 23 24 25 26 27 28 29,39548.0,False
base,active,855359.0,855472.0,855504.0,14 15 16 17 18 19 20 21 22 23 24 25 26 27 28 29,39549.0,False
base,active,852779.0,855479.0,856730.0,30 31 32 33 34 35 36 37 38 39 40 41 42 43 44 45 46 47 48 49 50 51 52 53 54 55 56 57 58 59 60 61,39526.0,False
base,active,855365.0,855504.0,855529.0,14 15 16 17 18 19 20 21 22 23 24 25 26 27 28 29,39553.0,False
base,active,,855529.0,855607.0,14 15 16 17 18 19 20 21 22 23 24 25 26 27 28 29,-1.0,
base,active,855607.0,855607.0,855682.0,14 15 16 17 18 19 20 21 22 23 24 25 26 27 28 29,39555.0,False
base,active,,855682.0,855719.0,17,-1.0,
base,active,855613.0,855682.0,855749.0,18 19 20 21,39558.0,False
base,active,,855682.0,855749.0,14 15 16,-1.0,
base,active,855611.0,855682.0,855750.0,22 23 24 25,39557.0,False
base,active,855609.0,855682.0,855752.0,26 27 28 29,39556.0,False
base,active,855719.0,855719.0,855744.0,17,39561.0,False
base,active,,855744.0,855749.0,17,-1.0,
base,active,855617.0,855749.0,855813.0,14 15 16 17 18 19 20 21,39560.0,False
base,active,,855750.0,855780.0,22 23 24 25,-1.0,
base,active,,855752.0,855780.0,26 27 28 29,-1.0,
base,active,855780.0,855780.0,855787.0,22 23 24 25 26 27 28 29,39564.0,False
base,active,855782.0,855787.0,855793.0,22 23 24 25 26 27 28 29,39565.0,False
base,active,855783.0,855793.0,855799.0,22 23 24 25 26 27 28 29,39566.0,False
base,active,,855799.0,855813.0,22 23 24 25 26 27 28 29,-1.0,
base,active,855615.0,855813.0,855879.0,14 15 16 17 18 19 20 21 22 23 24 25 26 27 28 29,39559.0,False
base,active,853137.0,855837.0,856445.0,62 63 64 65 66 67 68 69 70 71 72 73 74 75 76 77 78 79 80 81 82 83 84 85 86 87 88 89 90 91 92 93,39528.0,False
base,active,853160.0,855860.0,856446.0,94 95 96 97 98 99 100 101,39529.0,False
base,active,,855879.0,855910.0,22 23 24 25 26 27 28 29,-1.0,
base,active,,855879.0,855912.0,14 15 16 17 18 19 20 21,-1.0,
base,active,855910.0,855910.0,855918.0,22 23 24 25 26 27 28 29,39570.0,False
base,active,855912.0,855912.0,855919.0,14 15 16 17 18 19 20 21,39571.0,False
base,active,855915.0,855918.0,855923.0,22 23 24 25 26 27 28 29,39572.0,False
base,active,,855919.0,856445.0,14 15 16 17 18 19 20 21,-1.0,
base,active,,855923.0,856445.0,22 23 24 25 26 27 28 29,-1.0,
base,active,853287.0,855987.0,856361.0,102 103 104 105,39530.0,False
base,active,,856361.0,856445.0,102 103 104 105,-1.0,
base,active,853694.0,856394.0,858009.0,106 107 108 109,39532.0,False
base,active,,856445.0,856730.0,82 83 84 85 86 87 88 89 90 91 92 93,-1.0,
base,active,854334.0,856445.0,861545.0,74 75 76 77 78 79 80 81,39535.0,False
base,active,854258.0,856445.0,861621.0,14 15 16 17 18 19 20 21 22 23 24 25 26 27 28 29 62 63 64 65 66 67 68 69 70 71 72 73 102 103 104 105,39534.0,False
base,active,,856446.0,856730.0,94 95 96 97 98 99 100 101,-1.0,
base,active,854967.0,856730.0,857471.0,30 31 32 33 34 35 36 37 38 39 40 41 82 83 84 85 86 87 88 89 90 91 92 93 94 95 96 97 98 99 100 101,39542.0,False
base,active,,856730.0,857471.0,42 43 44 45 46 47 48 49 50 51 52 53 54 55 56 57 58 59 60 61,-1.0,
base,active,854199.0,857392.0,858082.0,0 1 2 3 4 5 6 7 8 9 10 11 12 13 110 111 112 113 114 115 116 117 118 119 120 121 122 123 124 125 126 127,39533.0,False
base,active,855779.0,857471.0,857479.0,30 31 32 33 34 35 36 37 38 39 40 41 42 43 44 45 46 47 48 49 50 51 52 53 54 55 56 57 58 59 60 61,39563.0,False
base,active,,857471.0,857479.0,82 83 84 85 86 87 88 89 90 91 92 93 94 95 96 97 98 99 100 101,-1.0,
base,active,855785.0,857479.0,857484.0,30 31 32 33 34 35 36 37 38 39 40 41 82 83 84 85 86 87 88 89 90 91 92 93 94 95 96 97 98 99 100 101,39567.0,False
base,active,,857479.0,857484.0,42 43 44 45 46 47 48 49 50 51 52 53 54 55 56 57 58 59 60 61,-1.0,
base,active,,857484.0,858082.0,82 83 84 85 86 87 88 89 90 91 92 93 94 95 96 97 98 99 100 101,-1.0,
base,active,855808.0,857484.0,861110.0,30 31 32 33 34 35 36 37 38 39 40 41 42 43 44 45 46 47 48 49 50 51 52 53 54 55 56 57 58 59 60 61,39568.0,False
base,active,,858009.0,858082.0,106 107 108 109,-1.0,
base,active,856818.0,858082.0,858087.0,117 118 119 120 121 122 123 124,39583.0,False
base,active,,858082.0,858087.0,127,-1.0,
base,active,856816.0,858082.0,858088.0,13 110 111 112 113 114 115 116,39582.0,False
base,active,855907.0,858082.0,858093.0,0 1 2 3 4 5 6 7 82 83 84 85 86 87 88 89 90 91 92 93 94 95 96 97 98 99 100 101 106 107 108 109,39569.0,False
base,active,857812.0,858082.0,858103.0,126,39596.0,False
base,active,856427.0,858082.0,858108.0,8,39578.0,False
base,active,857748.0,858082.0,858126.0,125,39595.0,False
base,active,856814.0,858082.0,858144.0,9 10 11 12,39581.0,False
base,active,,858087.0,858088.0,124,-1.0,
base,active,857057.0,858087.0,858136.0,117 118 119 127,39585.0,False
base,active,857838.0,858087.0,859683.0,120 121 122 123,39597.0,False
base,active,857132.0,858088.0,858093.0,13 110 111 112 113 114 115 124,39587.0,False
base,active,,858088.0,858093.0,116,-1.0,
base,active,857133.0,858093.0,858098.0,108 109 110 111 112 113 114 115,39588.0,False
base,active,,858093.0,858098.0,124,-1.0,
base,active,855996.0,858093.0,858824.0,0 1 2 3 4 5 6 7 13 82 83 84 85 86 87 88 89 90 91 92 93 94 95 96 97 98 99 100 101 106 107 116,39573.0,False
base,active,857135.0,858098.0,858102.0,108 109 110 111 112 113 114 124,39589.0,False
base,active,,858098.0,858102.0,115,-1.0,
base,active,,858102.0,858103.0,124,-1.0,
base,active,857452.0,858102.0,858110.0,108 109 110 111 112 113 114 115,39591.0,False
base,active,857861.0,858103.0,859676.0,124 126,39598.0,False
base,active,,858108.0,858110.0,8,-1.0,
base,active,857454.0,858110.0,858114.0,8 108 109 110 111 112 113 114,39592.0,False
base,active,,858110.0,858114.0,115,-1.0,
base,active,857456.0,858114.0,858117.0,8 108 109 110 111 112 113 115,39593.0,False
base,active,,858114.0,858824.0,114,-1.0,
base,active,,858117.0,858824.0,8 108 109 110 111 112 113 115,-1.0,
base,active,,858126.0,858824.0,125,-1.0,
base,active,,858136.0,858824.0,117 118 119 127,-1.0,
base,active,,858144.0,858824.0,9 10 11 12,-1.0,
base,active,856812.0,858824.0,858833.0,0 1 2 3 4 5 6 7 8 9 10 11 12 13 82 83 84 85 86 108 109 110 111 112 113 114 115 117 118 119 125 127,39580.0,False
base,active,,858824.0,858833.0,87 88 89 90 91 92 93 94 95 96 97 98 99 100 101 106 107 116,-1.0,
base,active,857130.0,858833.0,858840.0,0 1 2 3 4 5 6 7 8 9 10 11 12 13 87 88 89 90 91 92 93 94 95 96 97 98 99 100 101 106 107 116,39586.0,False
base,active,,858833.0,858840.0,82 83 84 85 86 108 109 110 111 112 113 114 115 117 118 119 125 127,-1.0,
base,active,857451.0,858840.0,858849.0,0 1 2 3 4 5 6 7 8 9 10 11 12 13 82 83 84 85 86 108 109 110 111 112 113 114 115 117 118 119 125 127,39590.0,False
base,active,,858840.0,858849.0,87 88 89 90 91 92 93 94 95 96 97 98 99 100 101 106 107 116,-1.0,
base,active,857882.0,858849.0,859271.0,0 1 2 3 4 5 6 7 8 9 10 11 12 13 87 88 89 90 91 92 93 94 95 96 97 98 99 100 101 106 107 116,39599.0,False
base,active,,858849.0,859749.0,82 83 84 85 86 108 109 110 111 112 113 114 115 117 118 119 125 127,-1.0,
base,active,,859271.0,860171.0,0 1 2 3 4 5 6 7 8 9 10 11 12 13 87 88 89 90 91 92 93 94 95 96 97 98 99 100 101 106 107 116,-1.0,
base,active,,859676.0,860576.0,124 126,-1.0,
base,active,,859683.0,860583.0,120 121 122 123,-1.0,
base,switching_off,,859749.0,861549.0,82 83 84 85 86 108 109 110 111 112 113 114 115 117 118 119 125 127,-2.0,
base,switching_off,,860171.0,861971.0,0 1 2 3 4 5 6 7 8 9 10 11 12 13 87 88 89 90 91 92 93 94 95 96 97 98 99 100 101 106 107 116,-2.0,
base,switching_off,,860576.0,862376.0,124 126,-2.0,
base,switching_off,,860583.0,862383.0,120 121 122 123,-2.0,
base,active,,861110.0,862010.0,30 31 32 33 34 35 36 37 38 39 40 41 42 43 44 45 46 47 48 49 50 51 52 53 54 55 56 57 58 59 60 61,-1.0,
base,active,,861545.0,862445.0,74 75 76 77 78 79 80 81,-1.0,
base,sleeping,,861549.0,863202.0,82 83 84 85 86,-4.0,
base,sleeping,,861549.0,864321.0,108 109 110 111 112 113 114 115 117 118 119,-4.0,
base,sleeping,,861549.0,866251.0,125,-4.0,
base,sleeping,,861549.0,866545.0,127,-4.0,
base,active,,861621.0,862521.0,14 15 16 17 18 19 20 21 22 23 24 25 26 27 28 29 62 63 64 65 66 67 68 69 70 71 72 73 102 103 104 105,-1.0,
base,sleeping,,861971.0,863188.0,0,-4.0,
base,sleeping,,861971.0,863202.0,1 2 3 4 5 6 7 8 9 10 11 12 13 87 88 89 90 91 92 93 94 95 96 97 98 99 100,-4.0,
base,sleeping,,861971.0,864321.0,101 106 107 116,-4.0,
base,switching_off,,862010.0,863810.0,30 31 32 33 34 35 36 37 38 39 40 41 42 43 44 45 46 47 48 49 50 51 52 53 54 55 56 57 58 59 60 61,-2.0,
base,sleeping,,862376.0,864321.0,124,-4.0,
base,sleeping,,862376.0,866545.0,126,-4.0,
base,sleeping,,862383.0,864321.0,120 121 122 123,-4.0,
base,switching_off,,862445.0,864245.0,74 75 76 77 78 79 80 81,-2.0,
base,switching_off,,862521.0,864321.0,14 15 16 17 18 19 20 21 22 23 24 25 26 27 28 29 62 63 64 65 66 67 68 69 70 71 72 73 102 103 104 105,-2.0,
base,switching_on,,863188.0,865888.0,0,-3.0,
base,switching_on,,863202.0,865902.0,1 2 3 4 5 6 7 8 9 10 11 12 13 82 83 84 85 86 87 88 89 90 91 92 93 94 95 96 97 98 99 100,-3.0,
base,switching_on,,863810.0,866510.0,30 31 32 33 34 35 36 37 38 39 40 41 42 43 44 45 46 47 48 49 50 51 52 53 54 55 56 57 58 59 60 61,-3.0,
base,sleeping,,864245.0,864321.0,74 75 76 77 78 79 80 81,-4.0,
base,switching_on,,864321.0,867021.0,14 15 16 17 18 19 20 21 22 23 24 25 26 27 28 29 62 63 64 65 66 67 68 69 70 71 72 73 74 75 76 77 78 79 80 81 101 102 103 104 105 106 107 108 109 110 111 112 113 114 115 116 117 118 119 120 121 122 123 124,-3.0,
base,active,863188.0,865888.0,865920.0,0,39607.0,False
base,active,863202.0,865902.0,865904.0,1 2 3 4 5 6 7 8 9 10 11 12 13 82 83 84 85 86 87 88 89 90 91 92 93 94 95 96 97 98 99 100,39608.0,False
base,active,863831.0,865904.0,866096.0,93 94 95 96 97 98 99 100,39618.0,False
base,active,863647.0,865904.0,866350.0,85 86 87 88 89 90 91 92,39616.0,False
base,active,863644.0,865904.0,866353.0,1 2 3 4 5 6 7 8 9 10 11 12 13 82 83 84,39615.0,False
base,active,,865920.0,866350.0,0,-1.0,
base,active,864875.0,866096.0,866137.0,93 94 95 96 97 98 99 100,39623.0,False
base,active,864881.0,866137.0,866173.0,93 94 95 96 97 98 99 100,39624.0,False
base,active,864883.0,866173.0,866207.0,93 94 95 96 97 98 99 100,39625.0,False
base,active,865131.0,866207.0,866293.0,93 94 95 96 97 98 99 100,39629.0,False
base,switching_on,,866251.0,868951.0,125,-3.0,
base,active,865685.0,866293.0,866347.0,93 94 95 96 97 98 99 100,39634.0,False
base,active,,866347.0,866350.0,93 94 95 96 97 98 99 100,-1.0,
base,active,,866350.0,866353.0,92,-1.0,
base,active,864739.0,866350.0,866502.0,0 85 86 87 88 89 90 91 93 94 95 96 97 98 99 100,39620.0,False
base,active,864911.0,866353.0,866360.0,2 3 4 5 6 7 8 9 10 11 12 13 82 83 84 92,39626.0,False
base,active,,866353.0,866502.0,1,-1.0,
base,active,865135.0,866360.0,866443.0,2 3 4 5 6 7 8 9,39631.0,False
base,active,865133.0,866360.0,866444.0,10 11 12 13 82 83 84 92,39630.0,False
base,active,,866443.0,866502.0,2 3 4 5 6 7 8 9,-1.0,
base,active,,866444.0,866502.0,10 11 12 13 82 83 84 92,-1.0,
base,active,864873.0,866502.0,866545.0,0 1 2 3 4 5 6 7 8 9 10 11 12 13 82 83 84 85 86 87 88 89 90 91 92 93 94 95 96 97 98 99,39622.0,False
base,active,,866502.0,866545.0,100,-1.0,
base,active,863218.0,866510.0,870231.0,30 31 32 33 34 35 36 37 38 39 40 41 42 43 44 45 46 47 48 49 50 51 52 53 54 55 56 57 58 59 60 61,39609.0,False
base,active,,866545.0,867445.0,89 90 91 92 93 94 95 96 97 98 99,-1.0,
base,active,864923.0,866545.0,868569.0,0 1 2 3 4 5 6 7 8 9 10 11 12 13 82 100,39627.0,False
base,active,,866545.0,869245.0,83 84 85 86 87 88,-1.0,
base,switching_on,,866545.0,869245.0,126 127,-3.0,
base,active,863639.0,867021.0,867474.0,121 122 123 124,39614.0,False
base,active,863632.0,867021.0,867481.0,117 118 119 120,39613.0,False
base,active,863615.0,867021.0,867500.0,113 114 115 116,39612.0,False
base,active,863609.0,867021.0,867506.0,78 79 80 81 101 102 103 104 105 106 107 108 109 110 111 112,39611.0,False
base,active,863289.0,867021.0,868022.0,14 15 16 17 18 19 20 21 22 23 24 25 26 27 28 29 62 63 64 65 66 67 68 69 70 71 72 73 74 75 76 77,39610.0,False
base,switching_off,,867445.0,869245.0,89 90 91 92 93 94 95 96 97 98 99,-2.0,
base,active,,867474.0,867506.0,121 122 123 124,-1.0,
base,active,,867481.0,867506.0,117 118 119 120,-1.0,
base,active,,867500.0,867506.0,113 114 115 116,-1.0,
base,active,,867506.0,867688.0,101,-1.0,
base,active,866971.0,867506.0,867906.0,78 79 80 81 113 114 115 116 117 118 119 120 121 122 123 124,39642.0,False
base,active,,867506.0,867906.0,102 103 104 105 106 107 108 109 110 111 112,-1.0,
base,active,867688.0,867688.0,867793.0,101,39647.0,False
base,active,,867793.0,867906.0,101,-1.0,
base,active,,867906.0,868022.0,113 114 115 116 117 118 119 120 121 122 123 124,-1.0,
base,active,867380.0,867906.0,868318.0,78 79 80 81 101 102 103 104 105 106 107 108 109 110 111 112,39645.0,False
base,active,865129.0,868022.0,868111.0,14 15 16 17 18 19 20 21 22 23 24 25 26 27 28 29 62 63 64 65 113 114 115 116 117 118 119 120 121 122 123 124,39628.0,False
base,active,,868022.0,868111.0,66 67 68 69 70 71 72 73 74 75 76 77,-1.0,
base,active,865656.0,868111.0,868193.0,14 15 16 17 18 19 20 21 22 23 24 25 26 27 28 29 62 63 64 65 66 67 68 69 70 71 72 73 74 75 76 77,39633.0,False
base,active,,868111.0,868193.0,113 114 115 116 117 118 119 120 121 122 123 124,-1.0,
base,active,,868193.0,868219.0,66,-1.0,
base,active,,868193.0,868233.0,67,-1.0,
base,active,,868193.0,868284.0,68 69 70 71,-1.0,
base,active,,868193.0,868348.0,72,-1.0,
base,active,,868193.0,868381.0,73 74 75 76,-1.0,
base,active,,868193.0,868406.0,77,-1.0,
base,active,865785.0,868193.0,876874.0,14 15 16 17 18 19 20 21 22 23 24 25 26 27 28 29 62 63 64 65 113 114 115 116 117 118 119 120 121 122 123 124,39635.0,False
base,active,868219.0,868219.0,868238.0,66,39651.0,False
base,active,868233.0,868233.0,868327.0,67,39652.0,False
base,active,,868238.0,868406.0,66,-1.0,
base,active,868284.0,868284.0,868641.0,68 69 70 71,39653.0,False
base,active,,868318.0,868569.0,78 79 80 81 101 102 103 104 105 106 107 108 109 110 111 112,-1.0,
base,active,,868327.0,868569.0,67,-1.0,
base,active,868348.0,868348.0,868374.0,72,39654.0,False
base,active,,868374.0,868569.0,72,-1.0,
base,active,868381.0,868381.0,870001.0,73 74 75 76,39655.0,False
base,active,868406.0,868406.0,870003.0,66 77,39656.0,False
base,active,866171.0,868569.0,868630.0,0 1 2 3 4 5 6 7 8 9 10 11 12 13 67 72 78 79 80 81 101 102 103 104 105 106 107 108 109 110 111 112,39638.0,False
base,active,,868569.0,868630.0,82 100,-1.0,
base,active,866698.0,868630.0,868674.0,0 1 2 3 4 5 6 7 8 9 10 11 12 13 67 72 78 79 80 81 82 100 101 102 103 104 105 106 107 108 109 110,39641.0,False
base,active,,868630.0,868674.0,111 112,-1.0,
base,active,,868641.0,868674.0,68 69 70 71,-1.0,
base,active,867000.0,868674.0,868798.0,0 1 2 3 4 5 6 7 8 9 10 11 12 13 67 68 69 70 71 72 78 79 80 81 82 100 101 102 103 104 111 112,39643.0,False
base,active,,868674.0,868798.0,105 106 107 108 109 110,-1.0,
base,active,867857.0,868798.0,868913.0,0 1 2 3 4 5 6 7 8 9 10 11 12 13 67 68 69 70 71 72 78 79 80 81 82 100 105 106 107 108 109 110,39648.0,False
base,active,,868798.0,868913.0,101 102 103 104 111 112,-1.0,
base,active,868213.0,868913.0,869340.0,0 1 2 3 4 5 6 7 8 9 10 11 12 13 67 68 69 70 71 72 78 79 80 81 82 100 101 102 103 104 111 112,39650.0,False
base,active,,868913.0,869340.0,105 106 107 108 109 110,-1.0,
base,active,866251.0,868951.0,868956.0,125,39639.0,False
base,active,,868956.0,869340.0,125,-1.0,
base,sleeping,,869245.0,872615.0,89 90 91 92 93 94 95 96 97 98 99,-4.0,
base,active,865810.0,869245.0,877902.0,83 84 85 86 87 88 126 127,39636.0,False
base,active,868649.0,869340.0,869370.0,0 1 2 3 4 5 6 7 8 9 10 11 12 13 67 68 69 70 71 72 78 79 80 81 82 105 106 107 108 109 110 125,39658.0,False
base,active,,869340.0,869370.0,100 101 102 103 104 111 112,-1.0,
base,active,869037.0,869370.0,869474.0,0 1 2 3 4 5 6 7 8 9 10 11 12 13 67 68 69 70 71 72 78 79 80 81 82 100 101 102 103 104 111 112,39659.0,False
base,active,,869370.0,869613.0,105 106 107 108 109 110 125,-1.0,
base,active,,869474.0,869613.0,0 1 2 3 4 5 6 7 8 9 10 11 12 13 67 68 69 70 71 72 78 79 80 81 82,-1.0,
base,active,,869474.0,869826.0,100 101 102 103 104 111 112,-1.0,
base,active,869613.0,869613.0,869656.0,0 1 2 3 4 5 6 7 8 9 10 11 12 13 67 68 69 70 71 72 78 79 80 81 82 105 106 107 108 109 110 125,39664.0,False
base,active,,869656.0,869826.0,0 1 2 3 4 5 6 7 8,-1.0,
base,active,,869656.0,870199.0,9 10 11 12 13 67 68 69 70 71 72 78 79 80 81 82,-1.0,
base,active,,869656.0,870556.0,105 106 107 108 109 110 125,-1.0,
base,active,869826.0,869826.0,870078.0,0 1 2 3 4 5 6 7 8 100 101 102 103 104 111 112,39667.0,False
base,active,,870001.0,870901.0,73 74 75 76,-1.0,
base,active,,870003.0,870903.0,66 77,-1.0,
base,active,,870078.0,870903.0,0 1 2 3 4 5 6 7 8 100 101 102 103 104,-1.0,
base,active,,870078.0,870978.0,111 112,-1.0,
base,active,870199.0,870199.0,870689.0,9 10 11 12 13 67 68 69 70 71 72 78 79 80 81 82,39668.0,False
base,active,,870231.0,871131.0,30 31 32 33 34 35 36 37 38 39 40 41 42 43 44 45 46 47 48 49 50 51 52 53 54 55 56 57 58 59 60 61,-1.0,
base,switching_off,,870556.0,872356.0,105 106 107 108 109 110 125,-2.0,
base,active,,870689.0,871589.0,9 10 11 12 13 67 68 69 70 71 72 78 79 80 81 82,-1.0,
base,switching_off,,870901.0,872701.0,73 74 75 76,-2.0,
base,active,870903.0,870903.0,871151.0,0 1 2 3 4 5 6 7 8 66 77 100 101 102 103 104,39671.0,False
base,switching_off,,870978.0,872778.0,111 112,-2.0,
base,switching_off,,871131.0,872931.0,30 31 32 33 34 35 36 37 38 39 40 41 42 43 44 45 46 47 48 49 50 51 52 53 54 55 56 57 58 59 60 61,-2.0,
base,active,,871151.0,871626.0,0,-1.0,
base,active,,871151.0,871682.0,1,-1.0,
base,active,,871151.0,871706.0,2 3 4 5,-1.0,
base,active,,871151.0,871728.0,6 7,-1.0,
base,active,,871151.0,872015.0,8 66 77 100,-1.0,
base,active,,871151.0,872036.0,101 102,-1.0,
base,active,,871151.0,872051.0,103 104,-1.0,
base,switching_off,,871589.0,873389.0,9 10 11 12 13 67 68 69 70 71 72 78 79 80 81 82,-2.0,
base,active,871626.0,871626.0,871670.0,0,39677.0,False
base,active,,871670.0,872570.0,0,-1.0,
base,active,871682.0,871682.0,871700.0,1,39678.0,False
base,active,,871700.0,872600.0,1,-1.0,
base,active,871706.0,871706.0,871735.0,2 3 4 5,39679.0,False
base,active,871728.0,871728.0,871748.0,6 7,39680.0,False
base,active,,871735.0,872635.0,2 3 4 5,-1.0,
base,active,,871748.0,872648.0,6 7,-1.0,
base,active,872015.0,872015.0,872948.0,8 66 77 100,39682.0,False
base,active,872036.0,872036.0,872949.0,101 102,39683.0,False
base,switching_off,,872051.0,873851.0,103 104,-2.0,
base,sleeping,,872356.0,872615.0,105 106 107 108 109,-4.0,
base,sleeping,,872356.0,876874.0,110 125,-4.0,
base,switching_off,,872570.0,874370.0,0,-2.0,
base,switching_off,,872600.0,874400.0,1,-2.0,
base,switching_on,,872615.0,875315.0,89 90 91 92 93 94 95 96 97 98 99 105 106 107 108 109,-3.0,
base,switching_off,,872635.0,874435.0,2 3 4 5,-2.0,
base,switching_off,,872648.0,874448.0,6 7,-2.0,
base,sleeping,,872701.0,872842.0,73,-4.0,
base,sleeping,,872701.0,872926.0,74,-4.0,
base,sleeping,,872701.0,876874.0,75 76,-4.0,
base,sleeping,,872778.0,876874.0,111 112,-4.0,
base,switching_on,,872842.0,875542.0,73,-3.0,
base,switching_on,,872926.0,875626.0,74,-3.0,
base,sleeping,,872931.0,874056.0,30 31 32 33,-4.0,
base,sleeping,,872931.0,874073.0,34,-4.0,
base,sleeping,,872931.0,874110.0,35,-4.0,
base,sleeping,,872931.0,874303.0,36,-4.0,
base,sleeping,,872931.0,874831.0,37 38,-4.0,
base,sleeping,,872931.0,874904.0,39 40 41 42,-4.0,
base,sleeping,,872931.0,874929.0,43,-4.0,
base,sleeping,,872931.0,875013.0,44 45 46 47,-4.0,
base,sleeping,,872931.0,875736.0,48,-4.0,
base,sleeping,,872931.0,875790.0,49 50,-4.0,
base,sleeping,,872931.0,875885.0,51,-4.0,
base,sleeping,,872931.0,875899.0,52,-4.0,
base,sleeping,,872931.0,876304.0,53,-4.0,
base,sleeping,,872931.0,876350.0,54,-4.0,
base,sleeping,,872931.0,876617.0,55,-4.0,
base,sleeping,,872931.0,876718.0,56,-4.0,
base,sleeping,,872931.0,876874.0,57 58 59 60 61,-4.0,
base,active,,872948.0,872951.0,8 66 77 100,-1.0,
base,active,,872949.0,872978.0,101 102,-1.0,
base,active,872951.0,872951.0,873791.0,8 66 77 100,39690.0,False
base,active,872978.0,872978.0,873792.0,101 102,39691.0,False
base,sleeping,,873389.0,873871.0,9 10 11 12,-4.0,
base,sleeping,,873389.0,874019.0,13,-4.0,
base,sleeping,,873389.0,876874.0,67 68 69 70 71 72 78 79 80 81 82,-4.0,
base,active,,873791.0,873793.0,8 66 77 100,-1.0,
base,active,,873792.0,873814.0,101 102,-1.0,
base,active,873793.0,873793.0,874387.0,8 66 77 100,39695.0,False
base,active,873814.0,873814.0,874388.0,101 102,39697.0,False
base,sleeping,,873851.0,876874.0,103 104,-4.0,
base,switching_on,,873871.0,876571.0,9 10 11 12,-3.0,
base,switching_on,,874019.0,876719.0,13,-3.0,
base,switching_on,,874056.0,876756.0,30 31 32 33,-3.0,
base,switching_on,,874073.0,876773.0,34,-3.0,
base,switching_on,,874110.0,876810.0,35,-3.0,
base,switching_on,,874303.0,877003.0,36,-3.0,
base,sleeping,,874370.0,874500.0,0,-4.0,
base,active,,874387.0,875262.0,77 100,-1.0,
base,active,,874387.0,875287.0,8 66,-1.0,
base,active,,874388.0,875262.0,101 102,-1.0,
base,sleeping,,874400.0,874538.0,1,-4.0,
base,sleeping,,874435.0,874677.0,2,-4.0,
base,sleeping,,874435.0,874803.0,3,-4.0,
base,sleeping,,874435.0,874806.0,4 5,-4.0,
base,sleeping,,874448.0,874806.0,6 7,-4.0,
base,switching_on,,874500.0,877200.0,0,-3.0,
base,switching_on,,874538.0,877238.0,1,-3.0,
base,switching_on,,874677.0,877377.0,2,-3.0,
base,switching_on,,874803.0,877503.0,3,-3.0,
base,switching_on,,874806.0,877506.0,4 5 6 7,-3.0,
base,switching_on,,874831.0,877531.0,37 38,-3.0,
base,switching_on,,874904.0,877604.0,39 40 41 42,-3.0,
base,switching_on,,874929.0,877629.0,43,-3.0,
base,switching_on,,875013.0,877713.0,44 45 46 47,-3.0,
base,active,875262.0,875262.0,875394.0,77 100 101 102,39725.0,False
base,switching_off,,875287.0,877087.0,8 66,-2.0,
base,active,872615.0,875315.0,875696.0,89 90 91 92 93 94 95 96 97 98 99 105 106 107 108 109,39685.0,False
base,active,,875394.0,875631.0,77 100 101 102,-1.0,
base,active,872842.0,875542.0,875606.0,73,39686.0,False
base,active,,875606.0,876506.0,73,-1.0,
base,active,872926.0,875626.0,875647.0,74,39688.0,False
base,active,875631.0,875631.0,875697.0,77 100 101 102,39729.0,False
base,active,,875647.0,876547.0,74,-1.0,
base,active,874500.0,875696.0,876069.0,89 90 91 92 93 94 95 96 97 98 99 105 106 107 108 109,39707.0,False
base,active,,875697.0,876069.0,100 101 102,-1.0,
base,active,,875697.0,876597.0,77,-1.0,
base,switching_on,,875736.0,878436.0,48,-3.0,
base,switching_on,,875790.0,878490.0,49 50,-3.0,
base,switching_on,,875885.0,878585.0,51,-3.0,
base,switching_on,,875899.0,878599.0,52,-3.0,
base,active,874877.0,876069.0,876414.0,92 93 94 95 96 97 98 99 100 101 102 105 106 107 108 109,39717.0,False
base,active,,876069.0,879574.0,89 90 91,-1.0,
base,switching_on,,876304.0,879004.0,53,-3.0,
base,switching_on,,876350.0,879050.0,54,-3.0,
base,active,875301.0,876414.0,876669.0,92 93 94 95 96 97 98 99 100 101 102 105 106 107 108 109,39726.0,False
base,switching_off,,876506.0,878306.0,73,-2.0,
base,switching_off,,876547.0,878347.0,74,-2.0,
base,active,873871.0,876571.0,876616.0,9 10 11 12,39698.0,False
base,switching_off,,876597.0,878397.0,77,-2.0,
base,active,,876616.0,879574.0,9 10 11 12,-1.0,
base,switching_on,,876617.0,879317.0,55,-3.0,
base,active,,876669.0,879574.0,92 93 94 95 96 97 98 99 100 101 102 105 106 107 108 109,-1.0,
base,switching_on,,876718.0,879418.0,56,-3.0,
base,active,874019.0,876719.0,876750.0,13,39699.0,False
base,active,,876750.0,879574.0,13,-1.0,
base,active,874056.0,876756.0,876870.0,30 31 32 33,39700.0,False
base,active,874073.0,876773.0,876802.0,34,39701.0,False
base,active,,876802.0,879574.0,34,-1.0,
base,active,874110.0,876810.0,876935.0,35,39702.0,False
base,active,,876870.0,879574.0,30 31 32 33,-1.0,
base,active,875588.0,876874.0,877261.0,25 26 27 28 29 62 63 64 65 113 114 115 116 117 118 119,39728.0,False
base,active,,876874.0,877774.0,124,-1.0,
base,active,875769.0,876874.0,878796.0,120 121 122 123,39732.0,False
base,active,,876874.0,879574.0,14 15 16 17 18 19 20 21 22 23 24,-1.0,
base,switching_on,,876874.0,879574.0,57 58 59 60 61 67 68 69 70 71 72 75 76 78 79 80 81 82 103 104 110 111 112 125,-3.0,
base,active,,876935.0,880323.0,35,-1.0,
base,active,874303.0,877003.0,877035.0,36,39703.0,False
base,active,,877035.0,880323.0,36,-1.0,
base,sleeping,,877087.0,877613.0,8,-4.0,
base,sleeping,,877087.0,877623.0,66,-4.0,
base,active,874378.0,877200.0,877232.0,0,39705.0,False
base,active,,877232.0,880323.0,0,-1.0,
base,active,874538.0,877238.0,877287.0,1,39709.0,False
base,active,,877261.0,878161.0,113 114 115 116 117 118 119,-1.0,
base,active,,877261.0,880323.0,25 26 27 28 29 62 63 64 65,-1.0,
base,active,,877287.0,880323.0,1,-1.0,
base,active,874677.0,877377.0,877409.0,2,39710.0,False
base,active,,877409.0,880323.0,2,-1.0,
base,active,874803.0,877503.0,877537.0,3,39713.0,False
base,active,874806.0,877506.0,878327.0,4 5 6 7,39714.0,False
base,active,874831.0,877531.0,878330.0,37 38,39716.0,False
base,active,,877537.0,880323.0,3,-1.0,
base,active,874904.0,877604.0,877623.0,39 40 41 42,39718.0,False
base,switching_on,,877613.0,880313.0,8,-3.0,
base,active,,877623.0,877670.0,39,-1.0,
base,active,,877623.0,877693.0,40 41 42,-1.0,
base,switching_on,,877623.0,880323.0,66,-3.0,
base,active,874929.0,877629.0,877660.0,43,39719.0,False
base,active,,877660.0,877693.0,43,-1.0,
base,active,877670.0,877670.0,877689.0,39,39761.0,False
base,active,,877689.0,877763.0,39,-1.0,
base,active,877693.0,877693.0,878719.0,40 41 42 43,39762.0,False
base,active,875013.0,877713.0,877763.0,44 45 46 47,39722.0,False
base,active,,877763.0,877873.0,45,-1.0,
base,active,,877763.0,878663.0,46 47,-1.0,
base,active,877714.0,877763.0,878768.0,39 44,39763.0,False
base,switching_off,,877774.0,879574.0,124,-2.0,
base,active,877873.0,877873.0,877889.0,45,39764.0,False
base,active,,877889.0,881421.0,45,-1.0,
base,active,,877902.0,878802.0,83 84 85 86 87 88 126 127,-1.0,
base,switching_off,,878161.0,879961.0,113 114 115 116 117 118 119,-2.0,
base,sleeping,,878306.0,878721.0,73,-4.0,
base,active,,878327.0,878743.0,4 5,-1.0,
base,active,,878327.0,879100.0,6 7,-1.0,
base,active,,878330.0,879100.0,37 38,-1.0,
base,sleeping,,878347.0,878721.0,74,-4.0,
base,sleeping,,878397.0,878721.0,77,-4.0,
base,active,875736.0,878436.0,878547.0,48,39730.0,False
base,active,875790.0,878490.0,880391.0,49 50,39733.0,False
base,active,,878547.0,879447.0,48,-1.0,
base,active,875885.0,878585.0,878610.0,51,39735.0,False
base,active,875899.0,878599.0,878683.0,52,39736.0,False
base,active,,878610.0,879510.0,51,-1.0,
base,switching_off,,878663.0,880463.0,46 47,-2.0,
base,active,,878683.0,879583.0,52,-1.0,
base,active,,878719.0,879619.0,40 41 42 43,-1.0,
base,switching_on,,878721.0,881421.0,73 74 77,-3.0,
base,active,878743.0,878743.0,879801.0,4 5,39773.0,False
base,active,,878768.0,879668.0,39 44,-1.0,
base,active,,878796.0,879696.0,120 121 122 123,-1.0,
base,switching_off,,878802.0,880602.0,83 84 85 86 87 88 126 127,-2.0,
base,active,876304.0,879004.0,891014.0,53,39740.0,False
base,active,876350.0,879050.0,879070.0,54,39741.0,False
base,active,,879070.0,879755.0,54,-1.0,
base,active,879100.0,879100.0,879560.0,6 7 37 38,39778.0,False
base,active,876617.0,879317.0,879327.0,55,39746.0,False
base,active,,879327.0,879755.0,55,-1.0,
base,active,876718.0,879418.0,879426.0,56,39748.0,False
base,active,,879426.0,879755.0,56,-1.0,
base,switching_off,,879447.0,881247.0,48,-2.0,
base,switching_off,,879510.0,881310.0,51,-2.0,
base,active,,879560.0,879755.0,6 7 37 38,-1.0,
base,active,874313.0,879574.0,879755.0,9 10 11 12 13 14 15 16 17 18 19 20 21 22 23 24 30 31 32 33 34 57 58 59 60 61 67 68 69 70 71 72 75 76 78 79 80 81 82 89 90 91 92 93 94 95 96 97 98 99 100 101 102 103 104 105 106 107 108 109 110 111 112 125,39704.0,False
base,sleeping,,879574.0,879803.0,124,-4.0,
base,switching_off,,879583.0,881383.0,52,-2.0,
base,switching_off,,879619.0,881419.0,40 41 42 43,-2.0,
base,switching_off,,879668.0,881468.0,39 44,-2.0,
base,switching_off,,879696.0,881496.0,120 121 122 123,-2.0,
base,active,,879755.0,879826.0,69 70,-1.0,
base,active,,879755.0,879908.0,71 72,-1.0,
base,active,876263.0,879755.0,880045.0,75 76 78 79 80 81 82 89 90 91 92 93 94 95 96 97,39739.0,False
base,active,876022.0,879755.0,880129.0,98 99 100 101 102 103 104 105 106 107 108 109 110 111 112 125,39737.0,False
base,active,874508.0,879755.0,881592.0,6 7 9 10 11 12 13 14 15 16 17 18 19 20 21 22 23 24 30 31 32 33 34 37 38 54 55 56 57 58 59 60,39708.0,False
base,active,,879755.0,882503.0,61 67 68,-1.0,
base,active,,879801.0,879908.0,4 5,-1.0,
base,switching_on,,879803.0,882503.0,124,-3.0,
base,active,879826.0,879826.0,880710.0,69 70,39786.0,False
base,active,879908.0,879908.0,880013.0,4 5 71 72,39787.0,False
base,sleeping,,879961.0,880013.0,113,-4.0,
base,sleeping,,879961.0,880620.0,114 115 116 117 118 119,-4.0,
base,active,,880013.0,880620.0,4 5 71 72,-1.0,
base,switching_on,,880013.0,882713.0,113,-3.0,
base,active,876404.0,880045.0,880446.0,75 76 78 79 80 81 82 89 90 91 92 93 94 95 96 97,39743.0,False
base,active,876808.0,880129.0,880413.0,98 99 100 101 102 103 104 105 106 107 108 109 110 111 112 125,39751.0,False
base,active,877613.0,880313.0,880351.0,8,39760.0,False
base,active,875740.0,880323.0,880620.0,0 1 2 3 25 26 27 28 29 35 36 62 63 64 65 66,39731.0,False
base,active,,880351.0,880620.0,8,-1.0,
base,active,,880391.0,880620.0,49 50,-1.0,
base,active,876809.0,880413.0,880746.0,98 99 100 101 102 103 104 105 106 107 108 109 110 111 112 125,39752.0,False
base,active,877176.0,880446.0,880758.0,75 76 78 79 80 81 82 89 90 91 92 93 94 95 96 97,39754.0,False
base,sleeping,,880463.0,880620.0,46 47,-4.0,
base,sleeping,,880602.0,880620.0,83 84 85 86 87 88 126 127,-4.0,
base,active,,880620.0,880648.0,35,-1.0,
base,active,,880620.0,880660.0,36 62 63 64,-1.0,
base,active,,880620.0,880733.0,65 66,-1.0,
base,active,877516.0,880620.0,880912.0,0 1 2 3 4 5 8 25 26 27 28 29 49 50 71 72,39759.0,False
base,switching_on,,880620.0,883320.0,46 47 83 84 85 86 87 88 114 115 116 117 118 119 126 127,-3.0,
base,active,880648.0,880648.0,880701.0,35,39795.0,False
base,active,880660.0,880660.0,880733.0,36 62 63 64,39796.0,False
base,active,,880701.0,880733.0,35,-1.0,
base,active,,880710.0,880733.0,69 70,-1.0,
base,active,,880733.0,880746.0,64,-1.0,
base,active,880051.0,880733.0,884120.0,35 36 62 63 65 66 69 70,39790.0,False
base,active,,880746.0,880758.0,125,-1.0,
base,active,878039.0,880746.0,881064.0,64 98 99 100 101 102 103 104 105 106 107 108 109 110 111 112,39766.0,False
base,active,,880758.0,880912.0,97,-1.0,
base,active,878147.0,880758.0,881118.0,75 76 78 79 80 81 82 89 90 91 92 93 94 95 96 125,39767.0,False
base,active,,880912.0,881064.0,72,-1.0,
base,active,878538.0,880912.0,881142.0,0 1 2 3 4 5 8 25 26 27 28 29 49 50 71 97,39770.0,False
base,active,,881064.0,881118.0,112,-1.0,
base,active,878834.0,881064.0,881327.0,64 72 98 99 100 101 102 103 104 105 106 107 108 109 110 111,39774.0,False
base,active,,881118.0,881142.0,125,-1.0,
base,active,879583.0,881118.0,881291.0,75 76 78 79 80 81 82 89 90 91 92 93 94 95 96 112,39782.0,False
base,active,879795.0,881142.0,881424.0,0 1 2 3 4 5 8 25 26 27 28 29 49 50 71 125,39784.0,False
base,active,,881142.0,883991.0,97,-1.0,
base,sleeping,,881247.0,881291.0,48,-4.0,
base,active,881170.0,881291.0,882549.0,96 112,39801.0,False
base,active,,881291.0,883991.0,75 76 78 79 80 81 82 89 90 91 92 93 94 95,-1.0,
base,switching_on,,881291.0,883991.0,48,-3.0,
base,sleeping,,881310.0,881327.0,51,-4.0,
base,active,,881327.0,884027.0,64 72 98,-1.0,
base,switching_on,,881327.0,884027.0,51,-3.0,
base,active,,881327.0,884292.0,99 100 101 102 103 104 105 106 107 108 109 110 111,-1.0,
base,sleeping,,881383.0,881592.0,52,-4.0,
base,sleeping,,881419.0,881592.0,40 41 42 43,-4.0,
base,active,878721.0,881421.0,882501.0,45 73 74 77,39772.0,False
base,active,,881424.0,884292.0,0 1 2 3 4 5 8 25 26 27 28 29 49 50 71 125,-1.0,
base,sleeping,,881468.0,881592.0,39 44,-4.0,
base,sleeping,,881496.0,881592.0,120 121 122 123,-4.0,
base,active,,881592.0,882492.0,38 54 55 56 57 58 59 60,-1.0,
base,active,,881592.0,884292.0,6 7 9 10 11 12 13 14 15 16 17 18 19 20 21 22 23 24 30 31 32 33 34 37,-1.0,
base,switching_on,,881592.0,884292.0,39 40 41 42 43 44 52 120 121 122 123,-3.0,
base,switching_off,,882492.0,884292.0,38 54 55 56 57 58 59 60,-2.0,
base,active,,882501.0,883401.0,45 73 74 77,-1.0,
base,active,879803.0,882503.0,883404.0,61 67 68 124,39785.0,False
base,active,,882549.0,883449.0,96 112,-1.0,
base,active,879922.0,882713.0,882734.0,113,39788.0,False
base,active,,882734.0,883634.0,113,-1.0,
base,active,877509.0,883320.0,883488.0,46 47 83 84 85 86 87 88 114 115 116 117 118 119 126 127,39758.0,False
base,switching_off,,883401.0,885201.0,45 73 74 77,-2.0,
base,active,,883404.0,884304.0,61 67 68 124,-1.0,
base,switching_off,,883449.0,885249.0,96 112,-2.0,
base,active,,883488.0,884388.0,46 47 83 84 85 86 87 88 114 115 116 117 118 119 126 127,-1.0,
base,switching_off,,883634.0,885434.0,113,-2.0,
base,active,880354.0,883991.0,884278.0,48 75 76 78 79 80 81 82 89 90 91 92 93 94 95 97,39793.0,False
base,active,881149.0,884027.0,885306.0,51 64 72 98,39799.0,False
base,active,,884120.0,884278.0,35,-1.0,
base,active,,884120.0,884436.0,36 62 63 65 66 69 70,-1.0,
base,active,882010.0,884278.0,884309.0,35,39808.0,False
base,active,,884278.0,884436.0,48 75 76 78 79 80 81 82 89 90 91 92 93 94 95 97,-1.0,
base,active,874801.0,884292.0,884436.0,0 1 2 3 4 5 6 7 8 9 10 11 12 13 14 15 16 17 18 19 20 21 22 23 24 25 26 27 28 29 30 31 32 33 34 37 39 40 41 42 43 44 49 50 52 71 99 100 101 102 103 104 105 106 107 108 109 110 111 120 121 122 123 125,39712.0,False
base,sleeping,,884292.0,884436.0,38 54 55 56 57 58 59 60,-4.0,
base,switching_off,,884304.0,886104.0,61 67 68 124,-2.0,
base,active,,884309.0,884436.0,35,-1.0,
base,switching_off,,884388.0,886188.0,46 47 83 84 85 86 87 88 114 115 116 117 118 119 126 127,-2.0,
base,active,875018.0,884436.0,884566.0,0 1 2 3 4 5 6 7 8 9 10 11 12 13 14 15 16 17 18 19 20 21 22 23 24 25 26 27 28 29 30 31 32 33 34 35 36 37 39 40 41 42 48 62 63 65 66 69 70 75 76 78 79 80 81 82 89 90 91 92 93 94 95 97,39723.0,False
base,active,881844.0,884436.0,884726.0,101 102 103 104 105 106 107 108 109 110 111 120 121 122 123 125,39806.0,False
base,active,,884436.0,887136.0,43 44 49 50 52 71 99 100,-1.0,
base,switching_on,,884436.0,887136.0,38 54 55 56 57 58 59 60,-3.0,
base,active,875340.0,884566.0,884702.0,0 1 2 3 4 5 6 7 8 9 10 11 12 13 14 15 16 17 18 19 20 21 22 23 24 25 26 27 28 29 30 31 32 33 34 35 36 37 39 40 41 42 48 62 63 65 66 69 70 75 76 78 79 80 81 82 89 90 91 92 93 94 95 97,39727.0,False
base,active,876067.0,884702.0,884848.0,0 1 2 3 4 5 6 7 8 9 10 11 12 13 14 15 16 17 18 19 20 21 22 23 24 25 26 27 28 29 30 31 32 33 34 35 36 37 39 40 41 42 48 62 63 65 66 69 70 75 76 78 79 80 81 82 89 90 91 92 93 94 95 97,39738.0,False
base,active,884664.0,884726.0,884745.0,125,39833.0,False
base,active,883104.0,884726.0,884756.0,109,39818.0,False
base,active,882395.0,884726.0,884758.0,102,39811.0,False
base,active,882289.0,884726.0,884792.0,101,39809.0,False
base,active,883473.0,884726.0,884795.0,110 111 120 121,39821.0,False
base,active,884105.0,884726.0,885639.0,122 123,39828.0,False
base,active,882451.0,884726.0,885670.0,107 108,39813.0,False
base,active,882430.0,884726.0,885689.0,103 104 105 106,39812.0,False
base,active,,884745.0,884792.0,125,-1.0,
base,active,,884756.0,884792.0,109,-1.0,
base,active,,884758.0,884792.0,102,-1.0,
base,active,883623.0,884792.0,885108.0,101 102 109 125,39823.0,False
base,active,884083.0,884795.0,885728.0,110 111 120 121,39827.0,False
base,active,876554.0,884848.0,884906.0,32 33 34 35 36 37 39 40 41 42 48 62 63 65 66 69 70 75 76 78 79 80 81 82 89 90 91 92 93 94 95 97,39745.0,False
base,active,876437.0,884848.0,886905.0,0 1 2 3 4 5 6 7 8 9 10 11 12 13 14 15 16 17 18 19 20 21 22 23 24 25 26 27 28 29 30 31,39744.0,False
base,active,876689.0,884906.0,885069.0,32 33 34 35 36 37 39 40 41 42 48 62 63 65 66 69 70 75 76 78 79 80 81 82 89 90 91 92 93 94 95 97,39747.0,False
base,active,877306.0,885069.0,885348.0,32 33 34 35 36 37 39 40 41 42 48 62 63 65 66 69 70 75 76 78 79 80 81 82 89 90 91 92 93 94 95 97,39756.0,False
base,active,884366.0,885108.0,885130.0,101 102 109 125,39830.0,False
base,active,884499.0,885130.0,885155.0,101 102 109 125,39832.0,False
base,active,884896.0,885155.0,886262.0,101 102 109 125,39835.0,False
base,sleeping,,885201.0,885561.0,45,-4.0,
base,sleeping,,885201.0,885602.0,73 74 77,-4.0,
base,sleeping,,885249.0,885602.0,96,-4.0,
base,sleeping,,885249.0,885623.0,112,-4.0,
base,active,,885306.0,885348.0,51 64 72 98,-1.0,
base,active,878393.0,885348.0,885479.0,32 33 34 35 36 37 39 40 41 42 48 51 62 63 64 65 66 69 70 72 75 76 78 79 80 81 82 89 90 91 92 98,39768.0,False
base,active,,885348.0,885479.0,93 94 95 97,-1.0,
base,sleeping,,885434.0,885623.0,113,-4.0,
base,active,,885479.0,885670.0,90 91 92 98,-1.0,
base,active,878508.0,885479.0,887528.0,32 33 34 35 36 37 39 40 41 42 48 51 62 63 64 65 66 69 70 72 75 76 78 79 80 81 82 89 93 94 95 97,39769.0,False
base,switching_on,,885561.0,888261.0,45,-3.0,
base,switching_on,,885602.0,888302.0,73 74 77 96,-3.0,
base,switching_on,,885623.0,888323.0,112 113,-3.0,
base,active,,885639.0,885670.0,122 123,-1.0,
base,active,883991.0,885670.0,893837.0,90 91 92 98 107 108 122 123,39826.0,False
base,active,,885689.0,885956.0,103 104 105 106,-1.0,
base,active,,885728.0,886091.0,110 111 120 121,-1.0,
base,active,885956.0,885956.0,886325.0,103 104 105 106,39839.0,False
base,active,886091.0,886091.0,892157.0,110 111 120 121,39841.0,False
base,sleeping,,886104.0,886338.0,61 67,-4.0,
base,sleeping,,886104.0,887425.0,68 124,-4.0,
base,sleeping,,886188.0,886338.0,46 47,-4.0,
base,sleeping,,886188.0,887425.0,83 84 85 86 87 88 114 115 116 117 118 119 126 127,-4.0,
base,active,,886262.0,886905.0,101 102 109 125,-1.0,
base,active,,886325.0,886905.0,103 104 105 106,-1.0,
base,switching_on,,886338.0,889038.0,46 47 61 67,-3.0,
base,active,879032.0,886905.0,887433.0,0 1 2 3 4 5 6 7 8 9 10 11 12 13 14 15 16 17 18 19 20 21 22 23 101 102 103 104 105 106 109 125,39776.0,False
base,active,,886905.0,890125.0,24 25 26 27 28 29 30 31,-1.0,
base,active,881159.0,887136.0,887425.0,38 43 44 49 50 52 54 55 56 57 58 59 60 71 99 100,39800.0,False
base,active,,887425.0,887433.0,56 57 58 59 60 71 99 100,-1.0,
base,active,,887425.0,890125.0,38 43 44 49 50 52 54 55,-1.0,
base,switching_on,,887425.0,890125.0,68 83 84 85 86 87 88 114 115 116 117 118 119 124 126 127,-3.0,
base,active,,887433.0,887528.0,101 102 103 104 105 106 109 125,-1.0,
base,active,880012.0,887433.0,890858.0,0 1 2 3 4 5 6 7 8 9 10 11 12 13 14 15 16 17 18 19 20 21 22 23 56 57 58 59 60 71 99 100,39789.0,False
base,active,880296.0,887528.0,887611.0,32 33 34 35 36 37 39 40 41 42 48 51 62 63 64 65 66 69 70 72 75 76 78 79 101 102 103 104 105 106 109 125,39792.0,False
base,active,,887528.0,887611.0,80 81 82 89 93 94 95 97,-1.0,
base,active,,887611.0,888511.0,101 102 103 104 105 106 109 125,-1.0,
base,active,880571.0,887611.0,889594.0,32 33 34 35 36 37 39 40 41 42 48 51 62 63 64 65 66 69 70 72 75 76 78 79 80 81 82 89 93 94 95 97,39794.0,False
base,active,885561.0,888261.0,888281.0,45,39836.0,False
base,active,,888281.0,888823.0,45,-1.0,
base,active,885602.0,888302.0,889225.0,73 74 77 96,39837.0,False
base,active,885623.0,888323.0,889227.0,112 113,39838.0,False
base,switching_off,,888511.0,890311.0,101 102 103 104 105 106 109 125,-2.0,
base,active,888823.0,888823.0,888839.0,45,39844.0,False
base,active,,888839.0,888856.0,45,-1.0,
base,active,888856.0,888856.0,888873.0,45,39845.0,False
base,active,,888873.0,888906.0,45,-1.0,
base,active,888906.0,888906.0,889130.0,45,39846.0,False
base,active,886338.0,889038.0,889205.0,46 47 61 67,39842.0,False
base,active,,889130.0,889222.0,45,-1.0,
base,active,,889205.0,889594.0,46 47 61 67,-1.0,
base,active,889222.0,889222.0,889318.0,45,39847.0,False
base,active,,889225.0,889594.0,73 74 77 96,-1.0,
base,active,,889227.0,889594.0,112 113,-1.0,
base,active,,889318.0,889594.0,45,-1.0,
base,active,881999.0,889594.0,889668.0,32 33 34 35 36 37 39 40 41 42 45 46 47 48 51 61 62 63 64 65 66 67 69 70 72 73 74 75 77 96 112 113,39807.0,False
base,active,,889594.0,889668.0,76 78 79 80 81 82 89 93 94 95 97,-1.0,
base,active,,889668.0,889669.0,37,-1.0,
base,active,882306.0,889668.0,890008.0,32 33 34 35 36 76 78 79 80 81 82 89 93 94 95 97,39810.0,False
base,active,,889668.0,890008.0,39 40 41 42 45 46 47 48 51 61 62 63 64 65 66 67 69 70 72 73 74 75 77 96 112 113,-1.0,
base,active,889669.0,889669.0,889749.0,37,39848.0,False
base,active,,889749.0,890008.0,37,-1.0,
base,active,882553.0,890008.0,890210.0,32 33 34 35 36 37 39 40 41 42 45 46 47 48 51 61 62 63 64 65 66 67 69 70 72 73 74 75 77 96 112 113,39814.0,False
base,active,,890008.0,890210.0,76 78 79 80 81 82 89 93 94 95 97,-1.0,
base,active,879257.0,890125.0,890302.0,24 25 26 27 28 29 30 31 38 43 44 49 50 52 54 55 68 83 84 85 86 87 88 114 115 116 117 118 119 124 126 127,39780.0,False
base,active,,890210.0,890302.0,67 69 70 72 73 74 75 77 96 112 113,-1.0,
base,active,882631.0,890210.0,890801.0,32 33 34 35 36 37 39 40 41 42 45 46 47 48 51 61 62 63 64 65 66 76 78 79 80 81 82 89 93 94 95 97,39815.0,False
base,active,883765.0,890302.0,890654.0,68 83 84 85 86 87 88 114 115 116 117 118 119 124 126 127,39824.0,False
base,active,882790.0,890302.0,890670.0,24 25 26 27 28 67 69 70 72 73 74 75 77 96 112 113,39816.0,False
base,active,,890302.0,893354.0,29 30 31 38 43 44 49 50 52 54 55,-1.0,
base,sleeping,,890311.0,890654.0,101 102 103 104 105 106 109 125,-4.0,
base,active,,890654.0,890801.0,124 126 127,-1.0,
base,active,,890654.0,893354.0,68 83 84 85 86 87 88 114 115 116 117 118 119,-1.0,
base,switching_on,,890654.0,893354.0,101 102 103 104 105 106 109 125,-3.0,
base,active,,890670.0,890801.0,24 25 26 27 28 67 69 70 72 73 74 75 77 96 112 113,-1.0,
base,active,,890801.0,890858.0,48 51 61 62 63 64 65 66 76 78 79 80 81 82 89 93 94 95 97,-1.0,
base,active,883293.0,890801.0,893066.0,24 25 26 27 28 32 33 34 35 36 37 39 40 41 42 45 46 47 67 69 70 72 73 74 75 77 96 112 113 124 126 127,39819.0,False
base,active,890858.0,890858.0,890937.0,13 14 15 16 17 18 19 20,39849.0,False
base,active,,890858.0,890941.0,21 22 23,-1.0,
base,active,883400.0,890858.0,890999.0,0 1 2 3 4 5 6 7 8 9 10 11 12 48 51 61 62 63 64 65 66 76 78 79 80 81 82 89 93 94 95 97,39820.0,False
base,active,,890858.0,890999.0,56 57 58 59 60 71 99 100,-1.0,
base,active,,890937.0,890941.0,13 14 15 16 17,-1.0,
base,active,,890937.0,890994.0,18 19 20,-1.0,
base,active,890941.0,890941.0,890975.0,13 14 15 16 17 21 22 23,39850.0,False
base,active,,890975.0,890994.0,13 14 15 16 17,-1.0,
base,active,,890975.0,890999.0,21 22 23,-1.0,
base,active,890994.0,890994.0,891028.0,13 14 15 16 17 18 19 20,39851.0,False
base,active,883564.0,890999.0,891375.0,0 1 2 3 4 5 6 7 8 9 10 11 12 21 22 23 48 51 56 57 58 59 60 61 62 63 64 65 66 71 99 100,39822.0,False
base,active,,890999.0,891375.0,76 78 79 80 81 82 89 93 94 95 97,-1.0,
base,active,,891014.0,891375.0,53,-1.0,
base,active,,891028.0,891059.0,13 14 15 16 17 18 19 20,-1.0,
base,active,891059.0,891059.0,891105.0,13 14 15 16 17 18 19 20,39852.0,False
base,active,,891105.0,891375.0,13 14 15 16 17 18 19 20,-1.0,
base,active,,891375.0,892275.0,12 21 22 23 48 51 56 57 58 59 60 61 62 63 64 65 66 71 99 100,-1.0,
base,active,883959.0,891375.0,899573.0,0 1 2 3 4 5 6 7 8 9 10 11 13 14 15 16 17 18 19 20 53 76 78 79 80 81 82 89 93 94 95 97,39825.0,False
base,active,,892157.0,892789.0,110 111 120 121,-1.0,
base,switching_off,,892275.0,894075.0,12 21 22 23 48 51 56 57 58 59 60 61 62 63 64 65 66 71 99 100,-2.0,
base,active,892789.0,892789.0,892832.0,110 111 120 121,39854.0,False
base,active,892832.0,892832.0,895143.0,110 111 120 121,39855.0,False
base,active,884300.0,893066.0,893153.0,24 25 26 27 28 32 33 34 35 36 37 39 40 41 42 45 46 47 67 69 70 72 73 74 75 77 96 112 113 124 126 127,39829.0,False
base,active,884440.0,893153.0,893236.0,24 25 26 27 28 32 33 34 35 36 37 39 40 41 42 45 46 47 67 69 70 72 73 74 75 77 96 112 113 124 126 127,39831.0,False
base,active,884823.0,893236.0,894418.0,24 25 26 27 28 32 33 34 35 36 37 39 40 41 42 45 46 47 67 69 70 72 73 74 75 77 96 112 113 124 126 127,39834.0,False
base,active,883005.0,893354.0,893428.0,29 30 31 38 43 44 49 50 52 54 55 68 83 84 85 86 87 88 101 102 103 104 105 106 109 114 115 116 117 118 119 125,39817.0,False
base,active,886028.0,893428.0,899556.0,29 30 31 38 43 44 49 50 52 54 55 68 83 84 85 86 87 88 101 102 103 104 105 106 109 114 115 116 117 118 119 125,39840.0,False
base,active,893155.0,893837.0,893856.0,107,39859.0,False
base,active,892877.0,893837.0,893873.0,90 91 92 98,39856.0,False
base,active,,893837.0,893873.0,108 122 123,-1.0,
base,active,,893856.0,893873.0,107,-1.0,
base,active,892916.0,893873.0,894012.0,90 91 92 98 107 108 122 123,39857.0,False
base,active,893063.0,894012.0,894046.0,90 91 92 98 107 108 122 123,39858.0,False
base,active,893265.0,894046.0,894081.0,90 91 92 98 107 108 122 123,39860.0,False
base,sleeping,,894075.0,894081.0,12 21 22 23 48 51 56 57,-4.0,
base,sleeping,,894075.0,895844.0,58 59 60 61,-4.0,
base,sleeping,,894075.0,916639.0,62 63 64 65 66 71 99 100,-4.0,
base,active,,894081.0,894418.0,90 91 92 98 107 108 122 123,-1.0,
base,switching_on,,894081.0,896781.0,12 21 22 23 48 51 56 57,-3.0,
base,active,,894418.0,894647.0,127,-1.0,
base,active,,894418.0,895318.0,75 77 96 112 113 124 126,-1.0,
base,active,886374.0,894418.0,900201.0,24 25 26 27 28 32 33 34 35 36 37 39 40 41 42 45 46 47 67 69 70 72 73 74 90 91 92 98 107 108 122 123,39843.0,False
base,active,894647.0,894647.0,894676.0,127,39865.0,False
base,active,,894676.0,895576.0,127,-1.0,
base,active,,895143.0,896043.0,110 111 120 121,-1.0,
base,switching_off,,895318.0,897118.0,75 77 96 112 113 124 126,-2.0,
base,switching_off,,895576.0,897376.0,127,-2.0,
base,switching_on,,895844.0,898544.0,58 59 60 61,-3.0,
base,switching_off,,896043.0,897843.0,110 111 120 121,-2.0,
base,active,893304.0,896781.0,896814.0,12 21 22 23 48 51 56 57,39861.0,False
base,active,,896814.0,897714.0,12 21 22 23 48 51 56 57,-1.0,
base,sleeping,,897118.0,916639.0,75 77 96 112 113 124 126,-4.0,
base,sleeping,,897376.0,916639.0,127,-4.0,
base,switching_off,,897714.0,899514.0,12 21 22 23 48 51 56 57,-2.0,
base,sleeping,,897843.0,916639.0,110 111 120 121,-4.0,
base,active,895844.0,898544.0,908719.0,58 59 60 61,39868.0,False
base,sleeping,,899514.0,916639.0,12 21 22 23 48 51 56 57,-4.0,
base,active,892759.0,899556.0,901940.0,29 30 31 38 43 44 49 50 52 54 55 68 83 84 85 86 87 88 101 102 103 104 105 106 109 114 115 116 117 118 119 125,39853.0,False
base,active,893351.0,899573.0,899614.0,0 1 2 3 4 5 6 7 8 9 10 11 13 14 15 16 17 18 19 20 53 76 78 79 80 81 82 89 93 94 95 97,39862.0,False
base,active,893374.0,899614.0,900758.0,0 1 2 3 4 5 6 7 8 9 10 11 13 14 15 16 17 18 19 20 53 76 78 79 80 81 82 89 93 94 95 97,39863.0,False
base,active,893403.0,900201.0,900227.0,24 25 26 27 28 32 33 34 35 36 37 39 40 41 42 45 46 47 67 69 70 72 73 74 90 91 92 98 107 108 122 123,39864.0,False
base,active,,900227.0,900758.0,24 25 26 27 28 32 33 34 35 36 37 39 40 41 42 45 46 47 67 69 70 72 73 74 90 91 92 98 107 108 122 123,-1.0,
base,active,895730.0,900758.0,911036.0,0 1 2 3 4 5 6 7 8 9 10 11 13 14 15 16 17 18 19 20 24 25 26 27 28 32 33 34 35 36 37 39 40 41 42 45 46 47 53 67 69 70 72 73 74 76 78 79 80 81 82 89 90 91 92 93 94 95 97 98 107 108 122 123,39866.0,False
base,active,895745.0,901940.0,912210.0,29 30 31 38 43 44 49 50 52 54 55 68 83 84 85 86 87 88 101 102 103 104 105 106 109 114 115 116 117 118 119 125,39867.0,False
base,active,906382.0,908719.0,910697.0,58 59 60 61,39872.0,False
base,active,,910697.0,911036.0,58 59 60 61,-1.0,
base,active,,911036.0,911936.0,0 1 2 3 4 5 6 7 8 9 10 11 13 14 15 16 17 18 19 20 24 25 26 27 28 32 33 34 35 36 37 39 40 41 42 45,-1.0,
base,active,906317.0,911036.0,913079.0,46 47 53 58 59 60 61 67 69 70 72 73 74 76 78 79 80 81 82 89 90 91 92 93 94 95 97 98 107 108 122 123,39871.0,False
base,switching_off,,911936.0,913736.0,0 1 2 3 4 5 6 7 8 9 10 11 13 14 15 16 17 18 19 20 24 25 26 27 28 32 33 34 35 36 37 39 40 41 42 45,-2.0,
base,active,,912210.0,913110.0,29 30 31 38 43 44 49 50 52 54 55 68 83 84 85 86 87 88 101 102 103 104 105 106 109 114 115 116 117 118 119 125,-1.0,
base,active,,913079.0,913339.0,123,-1.0,
base,active,,913079.0,913979.0,46 47 53 58 59 60 61 67 69 70 72 73 74 76 78 79 80 81 82 89 90 91 92 93 94 95 97 98 107 108 122,-1.0,
base,switching_off,,913110.0,914910.0,29 30 31 38 43 44 49 50 52 54 55 68 83 84 85 86 87 88 101 102 103 104 105 106 109 114 115 116 117 118 119 125,-2.0,
base,active,913339.0,913339.0,913443.0,123,39915.0,False
base,active,,913443.0,913517.0,123,-1.0,
base,active,913517.0,913517.0,913649.0,123,39916.0,False
base,active,,913649.0,913673.0,123,-1.0,
base,active,913673.0,913673.0,913939.0,123,39917.0,False
base,sleeping,,913736.0,916639.0,0 1 2 3 4 5 6 7 8 9 10 11 13 14 15 16 17 18 19 20 24 25 26 27 28 32 33 34 35 36 37 39 40 41 42 45,-4.0,
base,active,,913939.0,914839.0,123,-1.0,
base,switching_off,,913979.0,915779.0,46 47 53 58 59 60 61 67 69 70 72 73 74 76 78 79 80 81 82 89 90 91 92 93 94 95 97 98 107 108 122,-2.0,
base,switching_off,,914839.0,916639.0,123,-2.0,
base,sleeping,,914910.0,916639.0,29 30 31 38 43 44 49 50 52 54 55 68 83 84 85 86 87 88 101 102 103 104 105 106 109 114 115 116 117 118 119 125,-4.0,
base,sleeping,,915779.0,916639.0,46 47 53 58 59 60 61 67 69 70 72 73 74 76 78 79 80 81 82 89 90 91 92 93 94 95 97 98 107 108 122,-4.0,
base,switching_on,,916639.0,919339.0,0 1 2 3 4 5 6 7 8 9 10 11 12 13 14 15 16 17 18 19 20 21 22 23 24 25 26 27 28 29 30 31 32 33 34 35 36 37 38 39 40 41 42 43 44 45 46 47 48 49 50 51 52 53 54 55 56 57 58 59 60 61 62 63 64 65 66 67 68 69 70 71 72 73 74 75 76 77 78 79 80 81 82 83 84 85 86 87 88 89 90 91 92 93 94 95 96 97 98 99 100 101 102 103 104 105 106 107 108 109 110 111 112 113 114 115 116 117 118 119 120 121 122 123 124 125 126 127,-3.0,
base,active,906024.0,919339.0,919442.0,0 1 2 3 4 5 6 7 8 9 10 11 12 13 14 15 16 17 18 19 20 21 22 23 24 25 26 27 28 29 30 31 32 33 34 35 36 37 38 39 40 41 42 43 44 45 46 47 48 49 50 51 52 53 54 55 56 57 58 59 60 61 62 63 64 65 66 67 68 69 70 71 72 73 74 75 76 77 78 79 80 81 82 83 84 85 86 87 88 89 90 91 92 93 94 95 96 97 98 99 100 101 102 103 104 105 106 107 108 109 110 111 112 113 114 115 116 117 118 119 120 121 122 123 124 125 126 127,39869.0,False
base,active,,919442.0,920342.0,100 101 102 103 104 105 106 107 108 109 110 111 112 113 114 115 116 117 118 119 120 121 122 123 124 125 126 127,-1.0,
base,active,908878.0,919442.0,926880.0,96 97 98 99,39882.0,False
base,active,908803.0,919442.0,926952.0,64 65 66 67 68 69 70 71 72 73 74 75 76 77 78 79 80 81 82 83 84 85 86 87 88 89 90 91 92 93 94 95,39881.0,False
base,active,906131.0,919442.0,929619.0,0 1 2 3 4 5 6 7 8 9 10 11 12 13 14 15 16 17 18 19 20 21 22 23 24 25 26 27 28 29 30 31 32 33 34 35 36 37 38 39 40 41 42 43 44 45 46 47 48 49 50 51 52 53 54 55 56 57 58 59 60 61 62 63,39870.0,False
base,switching_off,,920342.0,922142.0,100 101 102 103 104 105 106 107 108 109 110 111 112 113 114 115 116 117 118 119 120 121 122 123 124 125 126 127,-2.0,
base,sleeping,,922142.0,929652.0,100 101 102 103 104 105 106 107 108 109 110 111 112 113 114 115 116 117 118 119 120 121 122 123 124 125 126 127,-4.0,
base,active,,926880.0,927780.0,96 97 98 99,-1.0,
base,active,,926952.0,927852.0,64 65 66 67 68 69 70 71 72 73 74 75 76 77 78 79 80 81 82 83 84 85 86 87 88 89 90 91 92 93 94 95,-1.0,
base,switching_off,,927780.0,929580.0,96 97 98 99,-2.0,
base,switching_off,,927852.0,929652.0,64 65 66 67 68 69 70 71 72 73 74 75 76 77 78 79 80 81 82 83 84 85 86 87 88 89 90 91 92 93 94 95,-2.0,
base,sleeping,,929580.0,929652.0,96 97 98 99,-4.0,
base,active,,929619.0,932352.0,0 1 2 3 4 5 6 7 8 9 10 11 12 13 14 15 16 17 18 19 20 21 22 23 24 25 26 27 28 29 30 31 32 33 34 35 36 37 38 39 40 41 42 43 44 45 46 47 48 49 50 51 52 53 54 55 56 57 58 59 60 61 62 63,-1.0,
base,switching_on,,929652.0,932352.0,64 65 66 67 68 69 70 71 72 73 74 75 76 77 78 79 80 81 82 83 84 85 86 87 88 89 90 91 92 93 94 95 96 97 98 99 100 101 102 103 104 105 106 107 108 109 110 111 112 113 114 115 116 117 118 119 120 121 122 123 124 125 126 127,-3.0,
base,active,916319.0,932352.0,932467.0,0 1 2 3 4 5 6 7 8 9 10 11 12 13 14 15 16 17 18 19 20 21 22 23 24 25 26 27 28 29 30 31 32 33 34 35 36 37 38 39 40 41 42 43 44 45 46 47 48 49 50 51 52 53 54 55 56 57 58 59 60 61 62 63 64 65 66 67 68 69 70 71 72 73 74 75 76 77 78 79 80 81 82 83 84 85 86 87 88 89 90 91 92 93 94 95 96 97 98 99 100 101 102 103 104 105 106 107 108 109 110 111 112 113 114 115 116 117 118 119 120 121 122 123 124 125 126 127,39938.0,False
base,active,929674.0,932467.0,932490.0,108,40046.0,False
base,active,,932467.0,933367.0,109 110 111 112 113 114 115 116 117 118 119 120 121 122 123 124 125 126 127,-1.0,
base,active,916439.0,932467.0,942633.0,0 1 2 3 4 5 6 7 8 9 10 11 12 13 14 15 16 17 18 19 20 21 22 23 24 25 26 27 28 29 30 31 32 33 34 35 36 37 38 39 40 41 42 43 44 45 46 47 48 49 50 51 52 53 54 55 56 57 58 59 60 61 62 63,39939.0,False
base,active,927735.0,932467.0,948062.0,100 101 102 103 104 105 106 107,40031.0,False
base,active,916688.0,932467.0,961005.0,96 97 98 99,39941.0,False
base,active,916619.0,932467.0,961073.0,64 65 66 67 68 69 70 71 72 73 74 75 76 77 78 79 80 81 82 83 84 85 86 87 88 89 90 91 92 93 94 95,39940.0,False
base,active,,932490.0,933390.0,108,-1.0,
base,switching_off,,933367.0,935167.0,109 110 111 112 113 114 115 116 117 118 119 120 121 122 123 124 125 126 127,-2.0,
base,switching_off,,933390.0,935190.0,108,-2.0,
base,sleeping,,935167.0,943571.0,109 110 111 112 113 114 115,-4.0,
base,sleeping,,935167.0,946832.0,116 117 118 119 120 121 122 123 124 125 126 127,-4.0,
base,sleeping,,935190.0,943571.0,108,-4.0,
base,active,929854.0,942633.0,943571.0,32 33 34 35 36 37 38 39 40 41 42 43 44 45 46 47 48 49 50 51 52 53 54 55 56 57 58 59 60 61 62 63,40051.0,False
base,active,927712.0,942633.0,958250.0,0 1 2 3 4 5 6 7 8 9 10 11 12 13 14 15 16 17 18 19 20 21 22 23 24 25 26 27 28 29 30 31,40030.0,False
base,switching_on,,943571.0,946271.0,108 109 110 111 112 113 114 115,-3.0,
base,active,930827.0,943571.0,947018.0,32 33 34 35 36 37 38 39 40 41 42 43 44 45 46 47 48 49 50 51 52 53 54 55 56 57 58 59 60 61 62 63,40060.0,False
base,active,933568.0,946271.0,946832.0,108 109 110 111 112 113 114 115,40082.0,False
base,active,941531.0,946832.0,946852.0,115,40137.0,False
base,active,940630.0,946832.0,946853.0,110 111 112 113,40122.0,False
base,active,941102.0,946832.0,946854.0,114,40128.0,False
base,active,,946832.0,949532.0,108 109,-1.0,
base,switching_on,,946832.0,949532.0,116 117 118 119 120 121 122 123 124 125 126 127,-3.0,
base,active,942652.0,946852.0,946870.0,115,40150.0,False
base,active,940764.0,946853.0,946874.0,110 111 112 113,40124.0,False
base,active,942825.0,946854.0,946875.0,114,40155.0,False
base,active,943779.0,946870.0,946891.0,115,40162.0,False
base,active,940979.0,946874.0,946929.0,110 111 112 113,40125.0,False
base,active,944967.0,946875.0,946898.0,114,40178.0,False
base,active,945754.0,946891.0,946937.0,115,40186.0,False
base,active,,946898.0,946929.0,114,-1.0,
base,active,,946929.0,946937.0,113,-1.0,
base,active,941008.0,946929.0,946951.0,110 111 112 114,40126.0,False
base,active,946812.0,946937.0,947813.0,113 115,40198.0,False
base,active,941070.0,946951.0,947007.0,110 111 112 114,40127.0,False
base,active,941145.0,947007.0,947031.0,110 111 112 114,40129.0,False
base,active,934298.0,947018.0,950161.0,32 33 34 35 36 37 38 39 40 41 42 43 44 45 46 47 48 49 50 51 52 53 54 55 56 57 58 59 60 61 62 63,40090.0,False
base,active,941171.0,947031.0,947101.0,110 111 112 114,40130.0,False
base,active,941244.0,947101.0,947180.0,110 111 112 114,40132.0,False
base,active,941266.0,947180.0,947201.0,110 111 112 114,40133.0,False
base,active,941401.0,947201.0,947253.0,110 111 112 114,40134.0,False
base,active,941462.0,947253.0,947308.0,110 111 112 114,40136.0,False
base,active,941549.0,947308.0,947329.0,110 111 112 114,40138.0,False
base,active,941633.0,947329.0,947373.0,110 111 112 114,40139.0,False
base,active,941678.0,947373.0,947691.0,110 111 112 114,40140.0,False
base,active,941753.0,947691.0,947713.0,110 111 112 114,40141.0,False
base,active,942008.0,947713.0,947735.0,110 111 112 114,40144.0,False
base,active,942066.0,947735.0,947796.0,110 111 112 114,40145.0,False
base,active,942072.0,947796.0,947843.0,110 111 112 114,40146.0,False
base,active,,947813.0,947843.0,113 115,-1.0,
base,active,,947843.0,948062.0,112 114,-1.0,
base,active,942218.0,947843.0,948379.0,110 111 113 115,40147.0,False
base,active,940710.0,948062.0,948108.0,100 101 102 103 104 105 112 114,40123.0,False
base,active,,948062.0,948108.0,106 107,-1.0,
base,active,,948108.0,948138.0,112,-1.0,
base,active,941446.0,948108.0,948286.0,100 101 102 103 104 105 106 107,40135.0,False
base,active,,948108.0,948286.0,114,-1.0,
base,active,948138.0,948138.0,948153.0,112,40210.0,False
base,active,,948153.0,948286.0,112,-1.0,
base,active,942556.0,948286.0,948331.0,100 101 112 114,40149.0,False
base,active,,948286.0,948331.0,106 107,-1.0,
base,active,942878.0,948286.0,948430.0,102 103 104 105,40157.0,False
base,active,942959.0,948331.0,948377.0,100 101 106 107,40159.0,False
base,active,,948331.0,948377.0,112 114,-1.0,
base,active,,948377.0,948379.0,106 107,-1.0,
base,active,943783.0,948377.0,948419.0,100 101 112 114,40163.0,False
base,active,,948379.0,948419.0,113 115,-1.0,
base,active,943849.0,948379.0,948421.0,106 107 110 111,40164.0,False
base,active,,948419.0,948421.0,112 114,-1.0,
base,active,943896.0,948419.0,948466.0,100 101 113 115,40165.0,False
base,active,,948421.0,948430.0,110 111,-1.0,
base,active,944184.0,948421.0,948554.0,106 107 112 114,40169.0,False
base,active,,948430.0,948466.0,104 105,-1.0,
base,active,944513.0,948430.0,948500.0,102 103 110 111,40172.0,False
base,active,,948466.0,948500.0,113 115,-1.0,
base,active,945413.0,948466.0,948511.0,100 101 104 105,40182.0,False
base,active,,948500.0,948511.0,110 111,-1.0,
base,active,945514.0,948500.0,950615.0,102 103 113 115,40184.0,False
base,active,945659.0,948511.0,948550.0,100 101 110 111,40185.0,False
base,active,,948511.0,948550.0,104 105,-1.0,
base,active,,948550.0,948554.0,110 111,-1.0,
base,active,945870.0,948550.0,948595.0,100 101 104 105,40188.0,False
base,active,,948554.0,948890.0,112,-1.0,
base,active,,948554.0,948952.0,114,-1.0,
base,active,946790.0,948554.0,949449.0,106 107 110 111,40197.0,False
base,active,,948595.0,948980.0,100 101 104 105,-1.0,
base,active,948890.0,948890.0,948930.0,112,40212.0,False
base,active,,948930.0,949002.0,112,-1.0,
base,active,948952.0,948952.0,948974.0,114,40213.0,False
base,active,,948974.0,949002.0,114,-1.0,
base,active,948980.0,948980.0,949035.0,100 101 104 105,40214.0,False
base,active,949002.0,949002.0,949032.0,112 114,40215.0,False
base,active,,949032.0,949099.0,112,-1.0,
base,active,,949032.0,949347.0,114,-1.0,
base,active,,949035.0,949429.0,100,-1.0,
base,active,,949035.0,949449.0,101 104 105,-1.0,
base,active,949099.0,949099.0,949116.0,112,40216.0,False
base,active,,949116.0,949449.0,112,-1.0,
base,active,949347.0,949347.0,949352.0,114,40218.0,False
base,active,,949352.0,949449.0,114,-1.0,
base,active,949429.0,949429.0,949439.0,100,40219.0,False
base,active,,949439.0,949449.0,100,-1.0,
base,active,942712.0,949449.0,949450.0,100 101 104 105 106 107 112 114,40151.0,False
base,active,,949449.0,949450.0,110 111,-1.0,
base,active,,949450.0,949476.0,112,-1.0,
base,active,942724.0,949450.0,949499.0,100 101 104 105 106 107 110 111,40152.0,False
base,active,,949450.0,949499.0,114,-1.0,
base,active,949476.0,949476.0,949485.0,112,40220.0,False
base,active,,949485.0,949499.0,112,-1.0,
base,active,,949499.0,949621.0,110 111,-1.0,
base,active,945013.0,949499.0,950637.0,100 101 104 105 106 107 112 114,40180.0,False
base,active,937040.0,949532.0,949553.0,125,40103.0,False
base,active,940591.0,949532.0,949554.0,108 109 126 127,40121.0,False
base,active,935898.0,949532.0,949557.0,120,40098.0,False
base,active,936510.0,949532.0,949590.0,121 122 123 124,40101.0,False
base,active,935071.0,949532.0,949639.0,116 117 118 119,40093.0,False
base,active,,949553.0,949621.0,125,-1.0,
base,active,,949554.0,949621.0,108,-1.0,
base,active,,949554.0,949716.0,109,-1.0,
base,active,,949554.0,949757.0,126,-1.0,
base,active,,949554.0,949877.0,127,-1.0,
base,active,,949557.0,949877.0,120,-1.0,
base,active,,949590.0,949877.0,121 122 123 124,-1.0,
base,active,949621.0,949621.0,949877.0,108 110 111 125,40224.0,False
base,active,,949639.0,949877.0,116 117 118 119,-1.0,
base,active,949716.0,949716.0,949752.0,109,40226.0,False
base,active,,949752.0,949877.0,109,-1.0,
base,active,949757.0,949757.0,949784.0,126,40228.0,False
base,active,,949784.0,949877.0,126,-1.0,
base,active,938527.0,949877.0,950069.0,108 109 110 111 116 117 118 119 120 121 122 123 124 125 126 127,40112.0,False
base,active,938904.0,950069.0,950124.0,108 109 110 111 116 117 118 119 120 121 122 123 124 125 126 127,40115.0,False
base,active,939015.0,950124.0,950159.0,108 109 110 111 116 117 118 119 120 121 122 123 124 125 126 127,40116.0,False
base,active,941965.0,950159.0,950221.0,108 109 110 111 116 117 118 119 120 121 122 123 124 125 126 127,40143.0,False
base,active,937478.0,950161.0,951528.0,32 33 34 35 36 37 38 39 40 41 42 43 44 45 46 47 48 49 50 51 52 53 54 55 56 57 58 59 60 61 62 63,40105.0,False
base,active,944045.0,950221.0,950379.0,108 109 110 111 116 117 118 119 120 121 122 123 124 125 126 127,40167.0,False
base,active,944275.0,950379.0,950521.0,108 109 110 111 116 117 118 119 120 121 122 123 124 125 126 127,40170.0,False
base,active,944456.0,950521.0,950902.0,108 109 110 111 116 117 118 119 120 121 122 123 124 125 126 127,40171.0,False
base,active,949896.0,950615.0,952960.0,102 103 113 115,40229.0,False
base,active,949937.0,950637.0,950638.0,104,40231.0,False
base,active,950621.0,950637.0,950638.0,107,40236.0,False
base,active,950167.0,950637.0,950665.0,105,40232.0,False
base,active,950407.0,950637.0,950776.0,106,40234.0,False
base,active,,950637.0,950902.0,114,-1.0,
base,active,950629.0,950637.0,951012.0,112,40237.0,False
base,active,949918.0,950637.0,952961.0,100 101,40230.0,False
base,active,,950638.0,950902.0,104 107,-1.0,
base,active,,950665.0,950902.0,105,-1.0,
base,active,,950776.0,950902.0,106,-1.0,
base,active,950458.0,950902.0,951066.0,104 105 106 107 108 109 110 114,40235.0,False
base,active,,950902.0,951305.0,111,-1.0,
base,active,,950902.0,951528.0,116 117 118 119 120 121 122 123 124 125 126 127,-1.0,
base,active,,951012.0,951528.0,112,-1.0,
base,active,,951066.0,951528.0,104 105 106 107 108 109 110 114,-1.0,
base,active,951305.0,951305.0,951326.0,111,40244.0,False
base,active,,951326.0,951528.0,111,-1.0,
base,active,,951528.0,951674.0,42,-1.0,
base,active,,951528.0,951767.0,43,-1.0,
base,active,,951528.0,951834.0,44,-1.0,
base,active,,951528.0,952106.0,45,-1.0,
base,active,,951528.0,952126.0,46 47 48 49 50 51 52 53 54 55 56 57 58 59 60 61,-1.0,
base,active,,951528.0,952428.0,62 63,-1.0,
base,active,938882.0,951528.0,958395.0,32 33 34 35 36 37 38 39 40 41 104 105 106 107 108 109 110 111 112 114 116 117 118 119 120 121 122 123 124 125 126 127,40114.0,False
base,active,951674.0,951674.0,951695.0,42,40246.0,False
base,active,,951695.0,952595.0,42,-1.0,
base,active,951767.0,951767.0,951814.0,43,40247.0,False
base,active,,951814.0,952714.0,43,-1.0,
base,active,951834.0,951834.0,951923.0,44,40249.0,False
base,active,,951923.0,952823.0,44,-1.0,
base,active,952106.0,952106.0,952314.0,45,40250.0,False
base,active,952126.0,952126.0,952171.0,46 47 48 49 50 51 52 53 54 55 56 57 58 59 60 61,40251.0,False
base,active,,952171.0,953071.0,46 47 48 49 50 51 52 53 54 55 56 57 58 59 60 61,-1.0,
base,active,,952314.0,953214.0,45,-1.0,
base,switching_off,,952428.0,954228.0,62 63,-2.0,
base,switching_off,,952595.0,954395.0,42,-2.0,
base,switching_off,,952714.0,954514.0,43,-2.0,
base,switching_off,,952823.0,954623.0,44,-2.0,
base,active,,952960.0,953860.0,102 103 113 115,-1.0,
base,active,,952961.0,953861.0,100 101,-1.0,
base,switching_off,,953071.0,954871.0,46 47 48 49 50 51 52 53 54 55 56 57 58 59 60 61,-2.0,
base,switching_off,,953214.0,955014.0,45,-2.0,
base,switching_off,,953860.0,955660.0,102 103 113 115,-2.0,
base,switching_off,,953861.0,955661.0,100 101,-2.0,
base,sleeping,,954228.0,961005.0,62 63,-4.0,
base,sleeping,,954395.0,960705.0,42,-4.0,
base,sleeping,,954514.0,960705.0,43,-4.0,
base,sleeping,,954623.0,960705.0,44,-4.0,
base,sleeping,,954871.0,960760.0,46 47,-4.0,
base,sleeping,,954871.0,961005.0,48 49 50 51 52 53 54 55 56 57 58 59 60 61,-4.0,
base,sleeping,,955014.0,960705.0,45,-4.0,
base,sleeping,,955660.0,961005.0,102 103 113 115,-4.0,
base,sleeping,,955661.0,961005.0,100 101,-4.0,
base,active,943990.0,958250.0,958372.0,0 1 2 3 4 5 6 7 8 9 10 11 12 13 14 15 16 17 18 19 20 21 22 23 24 25 26 27 28 29 30 31,40166.0,False
base,active,944968.0,958372.0,959553.0,0 1 2 3 4 5 6 7 8 9 10 11 12 13 14 15 16 17 18 19 20 21 22 23 24 25 26 27 28 29 30 31,40179.0,False
base,active,945441.0,958395.0,960584.0,32 33 34 35 36 37 38 39 40 41 104 105 106 107 108 109 110 111 112 114 116 117 118 119 120 121 122 123 124 125 126 127,40183.0,False
base,active,945786.0,959553.0,959619.0,0 1 2 3 4 5 6 7 8 9 10 11 12 13 14 15 16 17 18 19 20 21 22 23 24 25 26 27 28 29 30 31,40187.0,False
base,active,946561.0,959619.0,963344.0,0 1 2 3 4 5 6 7 8 9 10 11 12 13 14 15 16 17 18 19 20 21 22 23 24 25 26 27 28 29 30 31,40195.0,False
base,active,946682.0,960584.0,960641.0,32 33 34 35 36 37 38 39 40 41 104 105 106 107 108 109 110 111 112 114 116 117 118 119 120 121 122 123 124 125 126 127,40196.0,False
base,active,947337.0,960641.0,960705.0,32 33 34 35 36 37 38 39 40 41 104 105 106 107 108 109 110 111 112 114 116 117 118 119 120 121 122 123 124 125 126 127,40200.0,False
base,active,947819.0,960705.0,960760.0,32 33 34 35 36 37 38 39 40 41 104 105 106 107 108 109 110 111 112 114 116 117 118 119 120 121 122 123 124 125 126 127,40204.0,False
base,switching_on,,960705.0,963405.0,42 43 44 45,-3.0,
base,active,955060.0,960760.0,963139.0,32 33 34 35 36 37 38 39 40 41 104 105 106 107 108 109 110 111 112 114 116 117 118 119 120 121 122 123 124 125 126 127,40260.0,False
base,switching_on,,960760.0,963460.0,46 47,-3.0,
base,active,958514.0,961005.0,961997.0,96 97 98 99,40295.0,False
base,switching_on,,961005.0,963705.0,48 49 50 51 52 53 54 55 56 57 58 59 60 61 62 63 100 101 102 103 113 115,-3.0,
base,active,955119.0,961073.0,962768.0,64 65 66 67 68 69 70 71 72 73 74 75 76 77 78 79 80 81 82 83 84 85 86 87 88 89 90 91 92 93 94 95,40262.0,False
base,active,958819.0,961997.0,962015.0,98,40298.0,False
base,active,960039.0,961997.0,962018.0,99,40308.0,False
base,active,958536.0,961997.0,962970.0,96 97,40296.0,False
base,active,961626.0,962015.0,962033.0,98,40330.0,False
base,active,,962018.0,962033.0,99,-1.0,
base,active,960074.0,962033.0,962037.0,98 99,40311.0,False
base,active,960767.0,962037.0,963016.0,98 99,40315.0,False
base,active,955790.0,962768.0,962804.0,72 73 74 75 76 77 78 79,40271.0,False
base,active,960052.0,962768.0,962806.0,88 89 90 91,40309.0,False
base,active,959353.0,962768.0,963198.0,80 81 82 83 84 85 86 87,40302.0,False
base,active,960743.0,962768.0,963769.0,92 93 94 95,40314.0,False
base,active,955188.0,962768.0,964395.0,64 65 66 67 68 69 70 71,40263.0,False
base,active,960872.0,962804.0,962998.0,72 73 74 75 76 77 78 79,40317.0,False
base,active,961188.0,962806.0,963087.0,88 89 90 91,40322.0,False
base,active,961894.0,962970.0,963896.0,96 97,40334.0,False
base,active,961103.0,962998.0,963115.0,72 73 74 75 76 77 78 79,40320.0,False
base,active,962732.0,963016.0,963031.0,98,40344.0,False
base,active,,963016.0,963087.0,99,-1.0,
base,active,,963031.0,963087.0,98,-1.0,
base,active,961370.0,963087.0,963106.0,88 89 98 99,40325.0,False
base,active,,963087.0,963106.0,90 91,-1.0,
base,active,,963106.0,963115.0,98 99,-1.0,
base,active,961396.0,963106.0,963187.0,88 89 90 91,40326.0,False
base,active,,963115.0,963139.0,78 79,-1.0,
base,active,961142.0,963115.0,963818.0,72 73 74 75 76 77 98 99,40321.0,False
base,active,955189.0,963139.0,963170.0,32 33 34 35 36 37 38 39 40 41 78 79 104 105 106 107 108 109 110 111 112 114 116 117 118 119 120 121 122 123 124 125,40264.0,False
base,active,,963139.0,963170.0,126 127,-1.0,
base,active,,963170.0,963187.0,124 125,-1.0,
base,active,955507.0,963170.0,973345.0,32 33 34 35 36 37 38 39 40 41 78 79 104 105 106 107 108 109 110 111 112 114 116 117 118 119 120 121 122 123 126 127,40269.0,False
base,active,,963187.0,963198.0,90 91,-1.0,
base,active,961490.0,963187.0,963409.0,88 89 124 125,40327.0,False
base,active,961646.0,963198.0,963286.0,80 81 90 91,40331.0,False
base,active,,963198.0,963344.0,86 87,-1.0,
base,active,961873.0,963198.0,964143.0,82 83 84 85,40333.0,False
base,active,,963286.0,963344.0,80 81 90 91,-1.0,
base,active,956831.0,963344.0,963393.0,0 1 2 3 4 5 6 7 8 9 10 11 12 13 14 15 16 17 18 19 20 21 22 23 24 25 80 81 86 87 90 91,40278.0,False
base,active,,963344.0,963393.0,26 27 28 29 30 31,-1.0,
base,active,,963393.0,963409.0,86 87 90 91,-1.0,
base,active,,963393.0,963502.0,80,-1.0,
base,active,,963393.0,963675.0,81,-1.0,
base,active,957559.0,963393.0,964692.0,0 1 2 3 4 5 6 7 8 9 10 11 12 13 14 15 16 17 18 19 20 21 22 23 24 25 26 27 28 29 30 31,40283.0,False
base,active,955042.0,963405.0,964414.0,42 43 44 45,40259.0,False
base,active,961749.0,963409.0,963478.0,86 87 88 89 90 91 124 125,40332.0,False
base,active,955065.0,963460.0,964447.0,46 47,40261.0,False
base,active,962095.0,963478.0,963554.0,86 87 88 89 90 91 124 125,40336.0,False
base,active,963502.0,963502.0,963520.0,80,40359.0,False
base,active,,963520.0,963747.0,80,-1.0,
base,active,962183.0,963554.0,963622.0,86 87 88 89 90 91 124 125,40337.0,False
base,active,962302.0,963622.0,963680.0,86 87 88 89 90 91 124 125,40338.0,False
base,active,963675.0,963675.0,963718.0,81,40361.0,False
base,active,962367.0,963680.0,963742.0,86 87 88 89 90 91 124 125,40339.0,False
base,active,955389.0,963705.0,963715.0,49,40266.0,False
base,active,958491.0,963705.0,963725.0,115,40294.0,False
base,active,957570.0,963705.0,963726.0,57,40284.0,False
base,active,957344.0,963705.0,963733.0,55,40280.0,False
base,active,957518.0,963705.0,963742.0,56,40282.0,False
base,active,958204.0,963705.0,963747.0,100 101 102 103,40292.0,False
base,active,955209.0,963705.0,963748.0,48,40265.0,False
base,active,958435.0,963705.0,963748.0,113,40293.0,False
base,active,955459.0,963705.0,963754.0,50,40268.0,False
base,active,957618.0,963705.0,964600.0,62 63,40286.0,False
base,active,957595.0,963705.0,964622.0,58 59 60 61,40285.0,False
base,active,955569.0,963705.0,973816.0,51 52 53 54,40270.0,False
base,active,,963715.0,963731.0,49,-1.0,
base,active,,963718.0,963747.0,81,-1.0,
base,active,,963725.0,963742.0,115,-1.0,
base,active,,963726.0,963747.0,57,-1.0,
base,active,963731.0,963731.0,963770.0,49,40362.0,False
base,active,,963733.0,963818.0,55,-1.0,
base,active,,963742.0,963747.0,86,-1.0,
base,active,962438.0,963742.0,963804.0,87 88 89 90 91 115 124 125,40340.0,False
base,active,,963742.0,963818.0,56,-1.0,
base,active,962627.0,963747.0,963809.0,57 80 81 86 100 101 102 103,40343.0,False
base,active,,963748.0,963818.0,48 113,-1.0,
base,active,,963754.0,963818.0,50,-1.0,
base,active,,963769.0,963818.0,92 93 94 95,-1.0,
base,active,,963770.0,963818.0,49,-1.0,
base,active,,963804.0,963818.0,87 88 89 90 91 115 124 125,-1.0,
base,active,,963809.0,963818.0,57 80 81 86 100 101 102 103,-1.0,
base,active,,963818.0,964050.0,98,-1.0,
base,active,,963818.0,964085.0,99,-1.0,
base,active,958912.0,963818.0,964942.0,48 49 50 55 56 57 72 73 74 75 76 77 80 81 86 87 88 89 90 91 92 93 94 95 100 101 102 103 113 115 124 125,40299.0,False
base,active,,963896.0,964085.0,96 97,-1.0,
base,active,964050.0,964050.0,964078.0,98,40366.0,False
base,active,,964078.0,964085.0,98,-1.0,
base,active,964085.0,964085.0,965183.0,96 97 98 99,40367.0,False
base,active,,964143.0,964395.0,84 85,-1.0,
base,active,964107.0,964143.0,965221.0,82 83,40368.0,False
base,active,,964395.0,964447.0,70 71,-1.0,
base,active,962509.0,964395.0,964468.0,64 65 66 67 68 69 84 85,40341.0,False
base,active,,964414.0,964447.0,42 43 44 45,-1.0,
base,active,962795.0,964447.0,964507.0,42 43 44 45 46 47 70 71,40345.0,False
base,active,962861.0,964468.0,964537.0,64 65 66 67 68 69 84 85,40346.0,False
base,active,962938.0,964507.0,965114.0,42 43 44 45 46 47 70 71,40348.0,False
base,active,962962.0,964537.0,964594.0,64 65 66 67 68 69 84 85,40349.0,False
base,active,963116.0,964594.0,964682.0,64 65 66 67 68 69 84 85,40351.0,False
base,active,,964600.0,964682.0,62 63,-1.0,
base,active,,964622.0,964682.0,58 59 60 61,-1.0,
base,active,,964682.0,964692.0,66 67 68 69 84 85,-1.0,
base,active,963136.0,964682.0,965089.0,58 59 60 61 62 63 64 65,40352.0,False
base,active,,964692.0,964807.0,26,-1.0,
base,active,,964692.0,964942.0,27 28 29 30 31,-1.0,
base,active,959324.0,964692.0,965151.0,0 1 2 3 4 5 6 7 8 9 10 11 12 13 14 15 16 17 18 19 20 21 22 23 24 25 66 67 68 69 84 85,40301.0,False
base,active,964807.0,964807.0,964827.0,26,40372.0,False
base,active,,964827.0,964942.0,26,-1.0,
base,active,,964942.0,965089.0,102 103 113 115 124 125,-1.0,
base,active,960066.0,964942.0,965386.0,26 27 28 29 30 31 48 49 50 55 56 57 72 73 74 75 76 77 80 81 86 87 88 89 90 91 92 93 94 95 100 101,40310.0,False
base,active,,965089.0,965114.0,60 61 62 63 64 65,-1.0,
base,active,963231.0,965089.0,965159.0,58 59 102 103 113 115 124 125,40354.0,False
base,active,,965114.0,965151.0,44 45 46 47 70 71,-1.0,
base,active,963478.0,965114.0,965242.0,42 43 60 61 62 63 64 65,40358.0,False
base,active,,965151.0,965159.0,66 67 68 69 84 85,-1.0,
base,active,960557.0,965151.0,968093.0,0 1 2 3 4 5 6 7 8 9 10 11 12 13 14 15 16 17 18 19 20 21 22 23 24 25 44 45 46 47 70 71,40313.0,False
base,active,,965159.0,965183.0,102 103 113 115 124 125,-1.0,
base,active,963866.0,965159.0,965826.0,58 59 66 67 68 69 84 85,40364.0,False
base,active,965057.0,965183.0,965258.0,96 97 102 103 113 115 124 125,40377.0,False
base,active,,965183.0,965376.0,98 99,-1.0,
base,active,,965221.0,965376.0,82 83,-1.0,
base,active,,965242.0,965376.0,42 43 60 61,-1.0,
base,active,,965242.0,965386.0,62 63 64 65,-1.0,
base,active,,965258.0,965386.0,96 97 102 103 113 115 124 125,-1.0,
base,active,965376.0,965376.0,965442.0,42 43 60 61 82 83 98 99,40378.0,False
base,active,,965386.0,965388.0,86 87 88 89 90 91 92 93,-1.0,
base,active,,965386.0,965477.0,94 95 100 101,-1.0,
base,active,960827.0,965386.0,965624.0,26 27 28 29 30 31 48 49 50 55 56 57 62 63 64 65 72 73 74 75 76 77 80 81 96 97 102 103 113 115 124 125,40316.0,False
base,active,965388.0,965388.0,965443.0,86 87 88 89 90 91 92 93,40379.0,False
base,active,,965442.0,965477.0,42 43 60 61,-1.0,
base,active,,965442.0,965552.0,82 83 98 99,-1.0,
base,active,,965443.0,965552.0,86 87 88 89,-1.0,
base,active,,965443.0,965583.0,90 91 92 93,-1.0,
base,active,965477.0,965477.0,965539.0,42 43 60 61 94 95 100 101,40381.0,False
base,active,,965539.0,965583.0,42 43 60 61,-1.0,
base,active,,965539.0,965609.0,94 95 100 101,-1.0,
base,active,965552.0,965552.0,965609.0,82 83 86 87 88 89 98 99,40383.0,False
base,active,965583.0,965583.0,965720.0,42 43 60 61 90 91 92 93,40384.0,False
base,active,,965609.0,965624.0,88 89 98 99,-1.0,
base,active,965601.0,965609.0,965669.0,82 83 86 87 94 95 100 101,40385.0,False
base,active,,965624.0,965669.0,113 115 124 125,-1.0,
base,active,961087.0,965624.0,966380.0,26 27 28 29 30 31 48 49 50 55 56 57 62 63 64 65 72 73 74 75 76 77 80 81 88 89 96 97 98 99 102 103,40319.0,False
base,active,,965669.0,965720.0,94 95 100 101,-1.0,
base,active,965665.0,965669.0,965723.0,82 83 86 87 113 115 124 125,40386.0,False
base,active,,965720.0,965723.0,90 91 92 93,-1.0,
base,active,965672.0,965720.0,965772.0,42 43 60 61 94 95 100 101,40387.0,False
base,active,965721.0,965723.0,965817.0,82 83 86 87 90 91 92 93,40388.0,False
base,active,,965723.0,965830.0,113 115 124 125,-1.0,
base,active,,965772.0,965840.0,42 43 60 61 94 95 100 101,-1.0,
base,active,,965817.0,965933.0,82 83 86 87 90 91 92 93,-1.0,
base,active,,965826.0,965945.0,58 59 66 67 68 69 84 85,-1.0,
base,active,965830.0,965830.0,968021.0,113 115 124 125,40390.0,False
base,active,965840.0,965840.0,965942.0,42 43 60 61 94 95 100 101,40391.0,False
base,active,965933.0,965933.0,966004.0,82 83 86 87 90 91 92 93,40392.0,False
base,active,,965942.0,966015.0,42 43 60 61 94 95 100 101,-1.0,
base,active,965945.0,965945.0,966035.0,58 59 66 67 68 69 84 85,40393.0,False
base,active,,966004.0,966050.0,82 83 86 87 90 91 92 93,-1.0,
base,active,966015.0,966015.0,966081.0,42 43 60 61 94 95 100 101,40396.0,False
base,active,,966035.0,966107.0,58 59 66 67 68 69 84 85,-1.0,
base,active,966050.0,966050.0,966130.0,82 83 86 87 90 91 92 93,40397.0,False
base,active,,966081.0,966146.0,42 43 60 61 94 95 100 101,-1.0,
base,active,966107.0,966107.0,966165.0,58 59 66 67 68 69 84 85,40398.0,False
base,active,,966130.0,966174.0,82 83 86 87 90 91 92 93,-1.0,
base,active,966146.0,966146.0,966154.0,42 43 60 61 94 95 100 101,40399.0,False
base,active,,966154.0,966194.0,42 43 60 61 94 95 100 101,-1.0,
base,active,,966165.0,966380.0,58 59 66 67 68 69 84 85,-1.0,
base,active,966174.0,966174.0,966180.0,82 83 86 87 90 91 92 93,40400.0,False
base,active,,966180.0,966380.0,82 83 86 87 90 91 92 93,-1.0,
base,active,966194.0,966194.0,966248.0,42 43 60 61 94 95 100 101,40401.0,False
base,active,,966248.0,966380.0,42 43 60 61 94 95 100 101,-1.0,
base,active,,966380.0,966491.0,50 55 56 57 62 63 64 65,-1.0,
base,active,,966380.0,966699.0,72 73 74 75,-1.0,
base,active,,966380.0,966724.0,76 77,-1.0,
base,active,,966380.0,966932.0,80 81 88 89 96 97 98 99,-1.0,
base,active,,966380.0,967013.0,102 103,-1.0,
base,active,962902.0,966380.0,967024.0,26 27 28 29 30 31 42 43 48 49 58 59 60 61 66 67 68 69 82 83 84 85 86 87 90 91 92 93 94 95 100 101,40347.0,False
base,active,966491.0,966491.0,967144.0,50 55 56 57 62 63 64 65,40404.0,False
base,active,966699.0,966699.0,967806.0,72 73 74 75,40407.0,False
base,active,966724.0,966724.0,967808.0,76 77,40408.0,False
base,active,966932.0,966932.0,966995.0,80 81 88 89 96 97 98 99,40409.0,False
base,active,,966995.0,967013.0,80 81 88 89 96 97,-1.0,
base,active,,966995.0,967024.0,98 99,-1.0,
base,active,967013.0,967013.0,967119.0,80 81 88 89 96 97 102 103,40411.0,False
base,active,,967024.0,967228.0,100 101,-1.0,
base,active,963536.0,967024.0,968276.0,26 27 28 29 30 31 42 43 48 49 58 59 60 61 66 67 68 69 82 83 84 85 86 87 90 91 92 93 94 95 98 99,40360.0,False
base,active,,967119.0,967228.0,80 81 88 89 96 97,-1.0,
base,active,,967119.0,967713.0,102 103,-1.0,
base,active,,967144.0,967713.0,50 55,-1.0,
base,active,,967144.0,967743.0,56,-1.0,
base,active,,967144.0,967874.0,57 62 63 64 65,-1.0,
base,active,967228.0,967228.0,967534.0,80 81 88 89 96 97 100 101,40415.0,False
base,active,,967534.0,967874.0,80 81 88,-1.0,
base,active,,967534.0,968050.0,89 96 97 100 101,-1.0,
base,active,967713.0,967713.0,967767.0,50 55 102 103,40417.0,False
base,active,967743.0,967743.0,967763.0,56,40419.0,False
base,active,,967763.0,968050.0,56,-1.0,
base,active,,967767.0,968050.0,50 55,-1.0,
base,active,,967767.0,968093.0,102 103,-1.0,
base,active,,967806.0,968093.0,72 73 74 75,-1.0,
base,active,,967808.0,968093.0,76 77,-1.0,
base,active,967874.0,967874.0,967936.0,57 62 63 64 65 80 81 88,40420.0,False
base,active,,967936.0,968093.0,57 62 63 64 65 80 81 88,-1.0,
base,active,,968021.0,968093.0,113 115 124 125,-1.0,
base,active,968050.0,968050.0,968166.0,50 55 56 89 96 97 100 101,40422.0,False
base,active,,968093.0,968128.0,12 13 14 15,-1.0,
base,active,,968093.0,968276.0,16 17 18 19 20 21 22 23 24 25 44 45 46 47 70 71,-1.0,
base,active,963835.0,968093.0,968789.0,0 1 2 3 4 5 6 7 8 9 10 11 57 62 63 64 65 72 73 74 75 76 77 80 81 88 102 103 113 115 124 125,40363.0,False
base,active,968128.0,968128.0,979627.0,12 13 14 15,40424.0,False
base,active,,968166.0,968276.0,50 55 56 89 96 97 100 101,-1.0,
base,active,,968276.0,968378.0,48 49 58 59,-1.0,
base,active,,968276.0,968789.0,60 61 66 67 68 69 82 83 84 85 86 87 90 91 92 93 94 95 98 99,-1.0,
base,active,964876.0,968276.0,971138.0,16 17 18 19 20 21 22 23 24 25 26 27 28 29 30 31 42 43 44 45 46 47 50 55 56 70 71 89 96 97 100 101,40374.0,False
base,active,968378.0,968378.0,968733.0,48 49 58 59,40427.0,False
base,active,,968733.0,968789.0,48 49 58 59,-1.0,
base,active,965548.0,968789.0,968962.0,0 1 2 3 4 5 6 7 48 49 58 59 60 61 66 67 68 69 82 83 84 85 86 87 90 91 92 93 94 95 98 99,40382.0,False
base,active,,968789.0,968962.0,8 9 10 11 57 62 63 64 65 72 73 74 75 76 77 80 81 88 102 103 113 115 124 125,-1.0,
base,active,,968962.0,968977.0,48 49 58 59,-1.0,
base,active,,968962.0,969330.0,60,-1.0,
base,active,,968962.0,969862.0,61 66 67 68 69 82 83 84 85 86 87 90 91 92 93 94 95 98 99,-1.0,
base,active,965748.0,968962.0,971235.0,0 1 2 3 4 5 6 7 8 9 10 11 57 62 63 64 65 72 73 74 75 76 77 80 81 88 102 103 113 115 124 125,40389.0,False
base,active,968977.0,968977.0,969167.0,48 49 58 59,40433.0,False
base,active,,969167.0,970067.0,48 49 58 59,-1.0,
base,active,969330.0,969330.0,969351.0,60,40435.0,False
base,active,,969351.0,970251.0,60,-1.0,
base,switching_off,,969862.0,971662.0,61 66 67 68 69 82 83 84 85 86 87 90 91 92 93 94 95 98 99,-2.0,
base,switching_off,,970067.0,971867.0,48 49 58 59,-2.0,
base,switching_off,,970251.0,972051.0,60,-2.0,
base,active,966451.0,971138.0,971828.0,16 17 18 19 20 21 22 23 24 25 26 27 28 29 30 31 42 43 44 45 46 47 50 55 56 70 71 89 96 97 100 101,40403.0,False
base,active,968051.0,971235.0,982811.0,0 1 2 3 4 5 6 7 8 9 10 11 57 62 63 64 65 72 73 74 75 76 77 80 81 88 102 103 113 115 124 125,40423.0,False
base,sleeping,,971662.0,973345.0,61 66 67 68 69 82 83 84 85 86,-4.0,
base,sleeping,,971662.0,973816.0,87 90 91 92 93 94 95,-4.0,
base,sleeping,,971662.0,974198.0,98,-4.0,
base,sleeping,,971662.0,974362.0,99,-4.0,
base,active,968236.0,971828.0,974639.0,16 17 18 19 20 21 22 23 24 25 26 27 28 29 30 31 42 43 44 45 46 47 50 55 56 70 71 89 96 97 100 101,40426.0,False
base,sleeping,,971867.0,973345.0,48 49 58 59,-4.0,
base,sleeping,,972051.0,973345.0,60,-4.0,
base,active,970597.0,973345.0,973892.0,32 33 34 35 36 37 38 39 40 41 78 79 104 105 106 107 108 109 110 111 112 114 116 117 118 119 120 121 122 123 126 127,40439.0,False
base,switching_on,,973345.0,976045.0,48 49 58 59 60 61 66 67 68 69 82 83 84 85 86,-3.0,
base,active,,973816.0,973892.0,51 52 53 54,-1.0,
base,switching_on,,973816.0,976516.0,87 90 91 92 93 94 95,-3.0,
base,active,,973892.0,974639.0,122 123 126 127,-1.0,
base,active,971314.0,973892.0,976773.0,32 33 34 35 36 37 38 39 40 41 51 52 53 54 78 79 104 105 106 107 108 109 110 111 112 114 116 117 118 119 120 121,40446.0,False
base,switching_on,,974198.0,976898.0,98,-3.0,
base,switching_on,,974362.0,977062.0,99,-3.0,
base,active,971930.0,974639.0,975157.0,16 17 18 19 20 21 22 23 24 25 26 27 28 29 30 31 42 43 44 45 46 47 50 55 56 70 71 89 122 123 126 127,40454.0,False
base,active,,974639.0,975157.0,96 97 100 101,-1.0,
base,active,,975157.0,975223.0,20,-1.0,
base,active,,975157.0,975226.0,21,-1.0,
base,active,973426.0,975157.0,975336.0,24 25 26 27 28 29 30 31 42 43 44 45 46 47 50 55,40467.0,False
base,active,972506.0,975157.0,975403.0,56 70 71 89 122 123 126 127,40459.0,False
base,active,,975157.0,975452.0,22,-1.0,
base,active,,975157.0,975634.0,23,-1.0,
base,active,971962.0,975157.0,975644.0,16 17 18 19 96 97 100 101,40455.0,False
base,active,975223.0,975223.0,975242.0,20,40486.0,False
base,active,975226.0,975226.0,975256.0,21,40487.0,False
base,active,,975242.0,975634.0,20,-1.0,
base,active,,975256.0,975634.0,21,-1.0,
base,active,974317.0,975336.0,975461.0,24 25 26 27 28 29 30 31,40476.0,False
base,active,973886.0,975336.0,975610.0,42 43 44 45 46 47 50 55,40471.0,False
base,active,,975403.0,975644.0,56 70 71 89 122 123 126 127,-1.0,
base,active,975452.0,975452.0,975475.0,22,40488.0,False
base,active,,975461.0,975644.0,24 25 26 27 28 29 30 31,-1.0,
base,active,,975475.0,975634.0,22,-1.0,
base,active,,975610.0,975644.0,42 43 44 45 46 47 50 55,-1.0,
base,active,975634.0,975634.0,976693.0,20 21 22 23,40489.0,False
base,active,972459.0,975644.0,975650.0,16 17 18 19 24 25 26 27 28 29 30 31 42 43 44 45 46 47 50 55 56 70 71 89 96 97 100 101 122 123 126 127,40457.0,False
base,active,972471.0,975650.0,975930.0,16 17 18 19 24 25 26 27 28 29 30 31 42 43 44 45 46 47 50 55 56 70 71 89 96 97 100 101 122 123 126 127,40458.0,False
base,active,973157.0,975930.0,976156.0,16 17 18 19 24 25 26 27 28 29 30 31 42 43 44 45 46 47 50 55 56 70 71 89 96 97 100 101 122 123 126 127,40466.0,False
base,active,971240.0,976045.0,976052.0,86,40445.0,False
base,active,971049.0,976045.0,976062.0,69,40443.0,False
base,active,970732.0,976045.0,976065.0,68,40441.0,False
base,active,971086.0,976045.0,976085.0,82 83 84 85,40444.0,False
base,active,970628.0,976045.0,976561.0,48 49 58 59 60 61 66 67,40440.0,False
base,active,,976052.0,976062.0,86,-1.0,
base,active,975655.0,976062.0,977102.0,69 86,40490.0,False
base,active,,976065.0,976141.0,68,-1.0,
base,active,,976085.0,976156.0,82 83 84 85,-1.0,
base,active,976141.0,976141.0,976161.0,68,40491.0,False
base,active,973862.0,976156.0,976453.0,16 17 18 19 24 25 26 27 28 29 30 31 42 43 44 45 46 47 50 55 56 70 71 82 83 84 85 89 96 97 100 101,40470.0,False
base,active,,976156.0,976453.0,122 123 126 127,-1.0,
base,active,,976161.0,976453.0,68,-1.0,
base,active,,976453.0,976561.0,89 96 97 100 101,-1.0,
base,active,974275.0,976453.0,976622.0,16 17 18 19 24 25 26 27 28 29 30 31 42 43 44 45 46 47 50 55 56 68 70 71 82 83 84 85 122 123 126 127,40475.0,False
base,active,973469.0,976516.0,976533.0,95,40468.0,False
base,active,971531.0,976516.0,977557.0,93 94,40451.0,False
base,active,971509.0,976516.0,977576.0,87 90 91 92,40450.0,False
base,active,,976533.0,976561.0,95,-1.0,
base,active,,976561.0,976608.0,58,-1.0,
base,active,,976561.0,976622.0,59 60 61 66 67,-1.0,
base,active,975178.0,976561.0,977158.0,48 49 89 95 96 97 100 101,40485.0,False
base,active,976608.0,976608.0,976626.0,58,40494.0,False
base,active,,976622.0,976693.0,85 122 123 126 127,-1.0,
base,active,974352.0,976622.0,979518.0,16 17 18 19 24 25 26 27 28 29 30 31 42 43 44 45 46 47 50 55 56 59 60 61 66 67 68 70 71 82 83 84,40477.0,False
base,active,,976626.0,976693.0,58,-1.0,
base,active,,976693.0,976773.0,22 23,-1.0,
base,active,976466.0,976693.0,982366.0,20 21 58 85 122 123 126 127,40493.0,False
base,active,975131.0,976773.0,977415.0,22 23 32 33 34 35 36 37 38 39 40 41 51 52 53 54 78 79 104 105 106 107 108 109 110 111 112 114 116 117 118 119,40484.0,False
base,active,,976773.0,977415.0,120 121,-1.0,
base,active,974198.0,976898.0,976921.0,98,40472.0,False
base,active,,976921.0,977415.0,98,-1.0,
base,active,974362.0,977062.0,977083.0,99,40478.0,False
base,active,,977083.0,977415.0,99,-1.0,
base,active,,977102.0,977415.0,69 86,-1.0,
base,active,,977158.0,977415.0,48 49 89 95 96 97 100 101,-1.0,
base,active,977251.0,977415.0,977432.0,104,40495.0,False
base,active,,977415.0,978315.0,105 106 107 108 109 110 111 112 114 116 117 118 119,-1.0,
base,active,976440.0,977415.0,983114.0,22 23 32 33 34 35 36 37 38 39 40 41 48 49 51 52 53 54 69 78 79 86 89 95 96 97 98 99 100 101 120 121,40492.0,False
base,active,,977432.0,978332.0,104,-1.0,
base,active,,977557.0,978457.0,93 94,-1.0,
base,active,,977576.0,978476.0,87 90 91 92,-1.0,
base,switching_off,,978315.0,980115.0,105 106 107 108 109 110 111 112 114 116 117 118 119,-2.0,
base,switching_off,,978332.0,980132.0,104,-2.0,
base,switching_off,,978457.0,980257.0,93 94,-2.0,
base,switching_off,,978476.0,980276.0,87 90 91 92,-2.0,
base,active,979500.0,979518.0,979532.0,16,40497.0,False
base,active,,979518.0,979721.0,17 18 19 24 25 26 27 28 29 30 31 42 43 44 45 46 47 50 55 56 59 60 61 66 67 68 70 71 82 83 84,-1.0,
base,active,,979532.0,979721.0,16,-1.0,
base,active,,979627.0,979785.0,12 13 14 15,-1.0,
base,active,979721.0,979721.0,979959.0,16 17 18 19 24 25 26 27 28 29 30 31 42 43 44 45 46 47 50 55 56 59 60 61 66 67 68 70 71 82 83 84,40499.0,False
base,active,979785.0,979785.0,979961.0,12 13 14 15,40500.0,False
base,active,979857.0,979959.0,979978.0,17,40502.0,False
base,active,979802.0,979959.0,980002.0,16,40501.0,False
base,active,,979959.0,980115.0,70 71 82 83,-1.0,
base,active,,979959.0,980859.0,84,-1.0,
base,active,979903.0,979959.0,982036.0,26 27,40504.0,False
base,active,979881.0,979959.0,982056.0,18 19 24 25,40503.0,False
base,active,,979959.0,982815.0,28 29 30 31 42 43 44 45 46 47 50 55 56 59 60 61 66 67 68,-1.0,
base,active,,979961.0,980861.0,12 13 14 15,-1.0,
base,active,,979978.0,980878.0,17,-1.0,
base,active,,980002.0,980902.0,16,-1.0,
base,active,980064.0,980115.0,980635.0,70 71 82 83,40506.0,False
base,switching_on,,980115.0,982815.0,105 106 107 108 109 110 111 112 114 116 117 118 119,-3.0,
base,sleeping,,980132.0,987072.0,104,-4.0,
base,sleeping,,980257.0,987072.0,93 94,-4.0,
base,sleeping,,980276.0,987072.0,87 90 91 92,-4.0,
base,active,,980635.0,981535.0,70 71 82 83,-1.0,
base,switching_off,,980859.0,982659.0,84,-2.0,
base,switching_off,,980861.0,982661.0,12 13 14 15,-2.0,
base,switching_off,,980878.0,982678.0,17,-2.0,
base,switching_off,,980902.0,982702.0,16,-2.0,
base,switching_off,,981535.0,983335.0,70 71 82 83,-2.0,
base,active,,982036.0,982070.0,26 27,-1.0,
base,active,,982056.0,982070.0,24 25,-1.0,
base,active,,982056.0,982092.0,18 19,-1.0,
base,active,982070.0,982070.0,982150.0,24 25 26 27,40518.0,False
base,active,982092.0,982092.0,982144.0,18 19,40519.0,False
base,active,,982144.0,982811.0,18 19,-1.0,
base,active,,982150.0,982811.0,24 25 26 27,-1.0,
base,active,,982366.0,982811.0,20 21 58 85 122 123 126 127,-1.0,
base,sleeping,,982659.0,987072.0,84,-4.0,
base,sleeping,,982661.0,987072.0,12 13 14 15,-4.0,
base,sleeping,,982678.0,987072.0,17,-4.0,
base,sleeping,,982702.0,987072.0,16,-4.0,
base,active,,982811.0,983410.0,77 80 81 88 102 103 113 115 124 125,-1.0,
base,active,980676.0,982811.0,984296.0,73 74 75 76,40512.0,False
base,active,980611.0,982811.0,984372.0,0 1 2 3 4 5 6 7 8 9 10 11 18 19 20 21 24 25 26 27 57 58 62 63 64 65 72 85 122 123 126 127,40510.0,False
base,active,979988.0,982815.0,983410.0,28 29 30 31 42 43 44 45 46 47 50 55 56 59 60 61 66 67 68 105 106 107 108 109 110 111 112 114 116 117 118 119,40505.0,False
base,active,,983114.0,983410.0,22 23 32 33 34 35 36 37 38 39 40 41 48 49 51 52 53 54 69 78 79 86 89 95 96 97 98 99 100 101 120 121,-1.0,
base,sleeping,,983335.0,987072.0,70 71 82 83,-4.0,
base,active,,983410.0,984310.0,108 109 110 111 112 114 116 117 118 119,-1.0,
base,active,982148.0,983410.0,993309.0,22 23 28 29 30 31 32 33 34 35 36 37 38 39 40 41 42 43 44 45 46 47 48 49 50 51 52 53 54 55 56 59 60 61 66 67 68 69 77 78 79 80 81 86 88 89 95 96 97 98 99 100 101 102 103 105 106 107 113 115 120 121 124 125,40521.0,False
base,active,,984296.0,985196.0,73 74 75 76,-1.0,
base,switching_off,,984310.0,986110.0,108 109 110 111 112 114 116 117 118 119,-2.0,
base,active,,984372.0,985272.0,0 1 2 3 4 5 6 7 8 9 10 11 18 19 20 21 24 25 26 27 57 58 62 63 64 65 72 85 122 123 126 127,-1.0,
base,switching_off,,985196.0,986996.0,73 74 75 76,-2.0,
base,switching_off,,985272.0,987072.0,0 1 2 3 4 5 6 7 8 9 10 11 18 19 20 21 24 25 26 27 57 58 62 63 64 65 72 85 122 123 126 127,-2.0,
base,sleeping,,986110.0,987072.0,108 109 110 111 112 114 116 117 118 119,-4.0,
base,sleeping,,986996.0,987072.0,73 74 75 76,-4.0,
base,switching_on,,987072.0,989772.0,0 1 2 3 4 5 6 7 8 9 10 11 12 13 14 15 16 17 18 19 20 21 24 25 26 27 57 58 62 63 64 65 70 71 72 73 74 75 76 82 83 84 85 87 90 91 92 93 94 104 108 109 110 111 112 114 116 117 118 119 122 123 126 127,-3.0,
base,active,982195.0,989772.0,995505.0,0 1 2 3 4 5 6 7 8 9 10 11 12 13 14 15 16 17 18 19 20 21 24 25 26 27 57 58 62 63 64 65 70 71 72 73 74 75 76 82 83 84 85 87 90 91 92 93 94 104 108 109 110 111 112 114 116 117 118 119 122 123 126 127,40522.0,False
base,active,990666.0,993309.0,993318.0,81,40537.0,False
base,active,,993309.0,994209.0,86 88 89 95 96 97 98 99 100 101 102 103 105 106 107 113 115 120 121 124 125,-1.0,
base,active,987965.0,993309.0,995287.0,30 31,40524.0,False
base,active,987941.0,993309.0,995308.0,22 23 28 29,40523.0,False
base,active,988257.0,993309.0,997107.0,77 78 79 80,40527.0,False
base,active,988203.0,993309.0,997158.0,32 33 34 35 36 37 38 39 40 41 42 43 44 45 46 47 48 49 50 51 52 53 54 55 56 59 60 61 66 67 68 69,40526.0,False
base,active,,993318.0,994218.0,81,-1.0,
base,switching_off,,994209.0,996009.0,86 88 89 95 96 97 98 99 100 101 102 103 105 106 107 113 115 120 121 124 125,-2.0,
base,switching_off,,994218.0,996018.0,81,-2.0,
base,active,,995287.0,996187.0,30 31,-1.0,
base,active,,995308.0,996208.0,22 23 28 29,-1.0,
base,active,,995505.0,996405.0,0 1 2 3 4 5 6 7 8 9 10 11 12 13 14 15 16 17 18 19 20 21 24 25 26 27 57 58 62 63 64 65 70 71 72 73 74 75 76 82 83 84 85 87 90 91 92 93 94 104 108 109 110 111 112 114 116 117 118 119 122 123 126 127,-1.0,
base,sleeping,,996009.0,999858.0,86 88 89 95 96 97 98 99 100 101 102 103 105 106 107 113 115 120 121 124 125,-4.0,
base,sleeping,,996018.0,999858.0,81,-4.0,
base,switching_off,,996187.0,997987.0,30 31,-2.0,
base,switching_off,,996208.0,998008.0,22 23 28 29,-2.0,
base,switching_off,,996405.0,998205.0,0 1 2 3 4 5 6 7 8 9 10 11 12 13 14 15 16 17 18 19 20 21 24 25 26 27 57 58 62 63 64 65 70 71 72 73 74 75 76 82 83 84 85 87 90 91 92 93 94 104 108 109 110 111 112 114 116 117 118 119 122 123 126 127,-2.0,
base,active,,997107.0,998007.0,77 78 79 80,-1.0,
base,active,,997158.0,998058.0,32 33 34 35 36 37 38 39 40 41 42 43 44 45 46 47 48 49 50 51 52 53 54 55 56 59 60 61 66 67 68 69,-1.0,
base,sleeping,,997987.0,999858.0,30 31,-4.0,
base,switching_off,,998007.0,999807.0,77 78 79 80,-2.0,
base,sleeping,,998008.0,999858.0,22 23 28 29,-4.0,
base,switching_off,,998058.0,999858.0,32 33 34 35 36 37 38 39 40 41 42 43 44 45 46 47 48 49 50 51 52 53 54 55 56 59 60 61 66 67 68 69,-2.0,
base,sleeping,,998205.0,999858.0,0 1 2 3 4 5 6 7 8 9 10 11 12 13 14 15 16 17 18 19 20 21 24 25 26 27 57 58 62 63 64 65 70 71 72 73 74 75 76 82 83 84 85 87 90 91 92 93 94 104 108 109 110 111 112 114 116 117 118 119 122 123 126 127,-4.0,
base,sleeping,,999807.0,999858.0,77 78 79 80,-4.0,
base,switching_on,,999858.0,1002558.0,0 1 2 3 4 5 6 7 8 9 10 11 12 13 14 15 16 17 18 19 20 21 22 23 24 25 26 27 28 29 30 31 32 33 34 35 36 37 38 39 40 41 42 43 44 45 46 47 48 49 50 51 52 53 54 55 56 57 58 59 60 61 62 63 64 65 66 67 68 69 70 71 72 73 74 75 76 77 78 79 80 81 82 83 84 85 86 87 88 89 90 91 92 93 94 95 96 97 98 99 100 101 102 103 104 105 106 107 108 109 110 111 112 113 114 115 116 117 118 119 120 121 122 123 124 125 126 127,-3.0,
base,active,992059.0,1002558.0,1002664.0,0 1 2 3 4 5 6 7 8 9 10 11 12 13 14 15 16 17 18 19 20 21 22 23 24 25 26 27 28 29 30 31 32 33 34 35 36 37 38 39 40 41 42 43 44 45 46 47 48 49 50 51 52 53 54 55 56 57 58 59 60 61 62 63 64 65 66 67 68 69 70 71 72 73 74 75 76 77 78 79 80 81 82 83 84 85 86 87 88 89 90 91 92 93 94 95 96 97 98 99 100 101 102 103 104 105 106 107 108 109 110 111 112 113 114 115 116 117 118 119 120 121 122 123 124 125 126 127,40545.0,False
base,active,,1002664.0,1003564.0,100 101 102 103 104 105 106 107 108 109 110 111 112 113 114 115 116 117 118 119 120 121 122 123 124 125 126 127,-1.0,
base,active,992417.0,1002664.0,1012259.0,96 97 98 99,40552.0,False
base,active,992354.0,1002664.0,1012317.0,64 65 66 67 68 69 70 71 72 73 74 75 76 77 78 79 80 81 82 83 84 85 86 87 88 89 90 91 92 93 94 95,40550.0,False
base,active,992171.0,1002664.0,1012499.0,0 1 2 3 4 5 6 7 8 9 10 11 12 13 14 15 16 17 18 19 20 21 22 23 24 25 26 27 28 29 30 31 32 33 34 35 36 37 38 39 40 41 42 43 44 45 46 47 48 49 50 51 52 53 54 55 56 57 58 59 60 61 62 63,40546.0,False
base,switching_off,,1003564.0,1005364.0,100 101 102 103 104 105 106 107 108 109 110 111 112 113 114 115 116 117 118 119 120 121 122 123 124 125 126 127,-2.0,
base,sleeping,,1005364.0,1012259.0,100 101 102 103,-4.0,
base,sleeping,,1005364.0,1022326.0,104 105 106 107 108 109 110 111 112 113 114 115 116 117 118 119 120 121 122 123 124 125 126 127,-4.0,
base,active,,1012259.0,1012499.0,96 97 98 99,-1.0,
base,switching_on,,1012259.0,1014959.0,100 101 102 103,-3.0,
base,active,,1012317.0,1012499.0,64 65 66 67 68 69 70 71 72 73 74 75 76 77 78 79 80 81 82 83 84 85 86 87 88 89 90 91 92 93 94 95,-1.0,
base,active,,1012499.0,1013399.0,60 61 62 63,-1.0,
base,active,1002023.0,1012499.0,1022326.0,0 1 2 3 4 5 6 7 8 9 10 11 12 13 14 15 16 17 18 19 20 21 22 23 24 25 26 27 64 65 66 67 68 69 70 71 72 73 74 75 76 77 78 79 80 81 82 83 84 85 86 87 88 89 90 91 92 93 94 95 96 97 98 99,40624.0,False
base,active,1002309.0,1012499.0,1041603.0,28 29 30 31 32 33 34 35 36 37 38 39 40 41 42 43 44 45 46 47 48 49 50 51 52 53 54 55 56 57 58 59,40626.0,False
base,switching_off,,1013399.0,1015199.0,60 61 62 63,-2.0,
base,active,1002374.0,1014959.0,1043999.0,100 101 102 103,40627.0,False
base,sleeping,,1015199.0,1022326.0,60 61 62 63,-4.0,
base,active,1014484.0,1022326.0,1022356.0,0 1 2 3 4 5 6 7 8 9 10 11 12 13 14 15 16 17 18 19 20 21 22 23 24 25 26 27 64 65 66 67,40630.0,False
base,active,1016966.0,1022326.0,1022356.0,69,40648.0,False
base,active,,1022326.0,1022962.0,82 83 84 85 86 87 88 89 90 91 92 93 94 95 96 97,-1.0,
base,active,1016070.0,1022326.0,1023196.0,68,40638.0,False
base,active,,1022326.0,1023226.0,98 99,-1.0,
base,active,,1022326.0,1025026.0,70 71 72 73,-1.0,
base,switching_on,,1022326.0,1025026.0,60 61 62 63 104 105 106 107 108 109 110 111 112 113 114 115 116 117 118 119 120 121 122 123 124 125 126 127,-3.0,
base,active,1019485.0,1022326.0,1040278.0,74 75 76 77 78 79 80 81,40653.0,False
base,active,,1022356.0,1023228.0,0 1 2 3 4 5 6 7 8 9 10 11 12 13 14 15,-1.0,
base,active,,1022356.0,1023256.0,16 17 18 19 20 21 22 23 24 25 26 27 64 65 66 67 69,-1.0,
base,active,1022962.0,1022962.0,1023019.0,82 83 84 85 86 87 88 89 90 91 92 93 94 95 96 97,40665.0,False
base,active,,1023019.0,1023320.0,82 83 84 85 86 87 88 89 90 91 92 93 94 95 96 97,-1.0,
base,active,,1023196.0,1023320.0,68,-1.0,
base,switching_off,,1023226.0,1025026.0,98 99,-2.0,
base,active,1023228.0,1023228.0,1023302.0,0 1 2 3 4 5 6 7 8 9 10 11 12 13 14 15,40666.0,False
base,switching_off,,1023256.0,1025056.0,16 17 18 19 20 21 22 23 24 25 26 27 64 65 66 67 69,-2.0,
base,active,,1023302.0,1023320.0,0 1 2 3 4 5 6 7 8 9 10 11 12 13 14,-1.0,
base,active,,1023302.0,1024202.0,15,-1.0,
base,active,1023320.0,1023320.0,1023403.0,0 1 2 3 4 5 6 7 8 9 10 11 12 13 14 68 82 83 84 85 86 87 88 89 90 91 92 93 94 95 96 97,40667.0,False
base,active,,1023403.0,1024303.0,0 1 2 3 4 5 6 7 8 9 10 11 12 13 14 68 82 83 84 85 86 87 88 89 90 91 92 93 94 95 96 97,-1.0,
base,switching_off,,1024202.0,1026002.0,15,-2.0,
base,switching_off,,1024303.0,1026103.0,0 1 2 3 4 5 6 7 8 9 10 11 12 13 14 68 82 83 84 85 86 87 88 89 90 91 92 93 94 95 96 97,-2.0,
base,sleeping,,1025026.0,1027772.0,98 99,-4.0,
base,active,1019461.0,1025026.0,1042998.0,60 61 62 63 70 71 72 73 104 105 106 107 108 109 110 111 112 113 114 115 116 117 118 119 120 121 122 123 124 125 126 127,40652.0,False
base,switching_on,,1025056.0,1027756.0,16 17 18 19 20 21 22 23 24 25 26 27 64 65 66 67 69,-3.0,
base,sleeping,,1026002.0,1027772.0,15,-4.0,
base,sleeping,,1026103.0,1027772.0,4 5 6 7 8 9 10 11 12 13 14 68 82 83 84 85 86 87 88 89 90 91 92 93 94 95 96 97,-4.0,
base,switching_on,,1026103.0,1028803.0,0 1 2 3,-3.0,
base,active,1024876.0,1027756.0,1027772.0,69,40669.0,False
base,active,1024858.0,1027756.0,1027947.0,16 17 18 19 20 21 22 23 24 25 26 27 64 65 66 67,40668.0,False
base,active,,1027772.0,1030472.0,69,-1.0,
base,switching_on,,1027772.0,1030472.0,4 5 6 7 8 9 10 11 12 13 14 15 68 82 83 84 85 86 87 88 89 90 91 92 93 94 95 96 97 98 99,-3.0,
base,active,1025800.0,1027947.0,1027966.0,16,40674.0,False
base,active,1027669.0,1027947.0,1027989.0,25 26 27 64,40692.0,False
base,active,1027550.0,1027947.0,1027999.0,17 18 19 20 21 22 23 24,40689.0,False
base,active,,1027947.0,1028367.0,65 66 67,-1.0,
base,active,,1027966.0,1028367.0,16,-1.0,
base,active,,1027989.0,1028889.0,25 26 27 64,-1.0,
base,active,,1027999.0,1028899.0,17 18 19 20 21 22 23 24,-1.0,
base,active,1028367.0,1028367.0,1028421.0,16 65 66 67,40694.0,False
base,active,,1028421.0,1028988.0,16,-1.0,
base,active,,1028421.0,1029137.0,65,-1.0,
base,active,,1028421.0,1029202.0,66,-1.0,
base,active,,1028421.0,1029222.0,67,-1.0,
base,active,1025042.0,1028803.0,1028865.0,0 1 2 3,40670.0,False
base,active,,1028865.0,1029668.0,0,-1.0,
base,active,,1028865.0,1029735.0,1,-1.0,
base,active,,1028865.0,1029765.0,2 3,-1.0,
base,switching_off,,1028889.0,1030689.0,25 26 27 64,-2.0,
base,switching_off,,1028899.0,1030699.0,17 18 19 20 21 22 23 24,-2.0,
base,active,1028988.0,1028988.0,1029012.0,16,40699.0,False
base,active,,1029012.0,1029912.0,16,-1.0,
base,active,1029137.0,1029137.0,1029158.0,65,40702.0,False
base,active,,1029158.0,1029967.0,65,-1.0,
base,active,1029202.0,1029202.0,1029228.0,66,40703.0,False
base,active,1029222.0,1029222.0,1029243.0,67,40704.0,False
base,active,,1029228.0,1030008.0,66,-1.0,
base,active,,1029243.0,1030011.0,67,-1.0,
base,active,1029668.0,1029668.0,1029689.0,0,40706.0,False
base,active,,1029689.0,1030041.0,0,-1.0,
base,active,1029735.0,1029735.0,1029739.0,1,40707.0,False
base,active,,1029739.0,1030440.0,1,-1.0,
base,switching_off,,1029765.0,1031565.0,2 3,-2.0,
base,switching_off,,1029912.0,1031712.0,16,-2.0,
base,active,1029967.0,1029967.0,1029972.0,65,40708.0,False
base,active,,1029972.0,1030544.0,65,-1.0,
base,active,1030008.0,1030008.0,1030024.0,66,40710.0,False
base,active,1030011.0,1030011.0,1030032.0,67,40711.0,False
base,active,,1030024.0,1030544.0,66,-1.0,
base,active,,1030032.0,1030544.0,67,-1.0,
base,active,1030041.0,1030041.0,1030063.0,0,40712.0,False
base,active,,1030063.0,1030544.0,0,-1.0,
base,active,1030440.0,1030440.0,1030449.0,1,40716.0,False
base,active,,1030449.0,1030544.0,1,-1.0,
base,active,1025142.0,1030472.0,1030544.0,4 5 6 7 8 9 10 11 12 13 14 15 68 69 82 83 84 85 86 87 88 89 90 91 92 93 94 95 96 97 98 99,40671.0,False
base,active,1025339.0,1030544.0,1030573.0,0 1 4 5 6 7 8 9 10 11 12 13 14 15 65 66 67 68 69 82 83 84 85 86 87 88 89 90 91 92 93 94,40672.0,False
base,active,,1030544.0,1030573.0,95 96 97 98 99,-1.0,
base,active,,1030573.0,1031473.0,94,-1.0,
base,active,,1030573.0,1033389.0,90 91 92 93,-1.0,
base,active,1026026.0,1030573.0,1039811.0,0 1 4 5 6 7 8 9 10 11 12 13 14 15 65 66 67 68 69 82 83 84 85 86 87 88 89 95 96 97 98 99,40676.0,False
base,switching_on,,1030689.0,1033389.0,25 26 27 64,-3.0,
base,sleeping,,1030699.0,1030796.0,21 22 23 24,-4.0,
base,switching_on,,1030699.0,1033399.0,17 18 19 20,-3.0,
base,switching_on,,1030796.0,1033496.0,21 22 23 24,-3.0,
base,switching_off,,1031473.0,1033273.0,94,-2.0,
base,sleeping,,1031565.0,1033273.0,2 3,-4.0,
base,sleeping,,1031712.0,1033273.0,16,-4.0,
base,switching_on,,1033273.0,1035973.0,2 3 16 94,-3.0,
base,active,1030205.0,1033389.0,1034064.0,25 26 27 64 90 91 92 93,40714.0,False
base,active,1030645.0,1033399.0,1033443.0,17 18 19 20,40720.0,False
base,active,,1033443.0,1033522.0,17 18 19 20,-1.0,
base,active,1030796.0,1033496.0,1033522.0,21 22 23 24,40722.0,False
base,active,1030930.0,1033522.0,1034158.0,17 18 19 20 21 22 23 24,40724.0,False
base,active,1033091.0,1034064.0,1034070.0,92,40750.0,False
base,active,1031526.0,1034064.0,1034080.0,90,40731.0,False
base,active,1032696.0,1034064.0,1034081.0,93,40747.0,False
base,active,1031563.0,1034064.0,1034083.0,91,40732.0,False
base,active,1031095.0,1034064.0,1034093.0,25 26 27 64,40726.0,False
base,active,,1034070.0,1034093.0,92,-1.0,
base,active,,1034080.0,1034093.0,90,-1.0,
base,active,,1034081.0,1034093.0,93,-1.0,
base,active,,1034083.0,1034093.0,91,-1.0,
base,active,1031624.0,1034093.0,1034746.0,25 26 27 64 90 91 92 93,40733.0,False
base,active,1031867.0,1034158.0,1034184.0,21 22 23 24,40736.0,False
base,active,1031755.0,1034158.0,1034194.0,17 18 19 20,40734.0,False
base,active,1031901.0,1034184.0,1034210.0,21 22 23 24,40737.0,False
base,active,1031972.0,1034194.0,1034232.0,17 18 19 20,40738.0,False
base,active,1032026.0,1034210.0,1034248.0,21 22 23 24,40739.0,False
base,active,,1034232.0,1034248.0,17 18 19 20,-1.0,
base,active,1032499.0,1034248.0,1034885.0,17 18 19 20 21 22 23 24,40744.0,False
base,active,1032661.0,1034746.0,1034834.0,25 26 27 64 90 91 92 93,40746.0,False
base,active,1033575.0,1034834.0,1034853.0,90 91 92 93,40751.0,False
base,active,1032746.0,1034834.0,1034875.0,25 26 27 64,40748.0,False
base,active,1033580.0,1034853.0,1035199.0,90 91 92 93,40752.0,False
base,active,1033724.0,1034875.0,1034918.0,25 26 27 64,40754.0,False
base,active,1033827.0,1034885.0,1034936.0,17 18 19 20,40755.0,False
base,active,1033977.0,1034885.0,1035247.0,21 22 23 24,40756.0,False
base,active,1034151.0,1034918.0,1034971.0,25 26 27 64,40757.0,False
base,active,1034213.0,1034936.0,1034988.0,17 18 19 20,40759.0,False
base,active,1034808.0,1034971.0,1034978.0,27,40771.0,False
base,active,,1034971.0,1034988.0,64,-1.0,
base,active,1034576.0,1034971.0,1034992.0,26,40768.0,False
base,active,1034217.0,1034971.0,1034998.0,25,40760.0,False
base,active,,1034978.0,1034988.0,27,-1.0,
base,active,,1034988.0,1034998.0,19 20,-1.0,
base,active,1034479.0,1034988.0,1036661.0,17 18 27 64,40766.0,False
base,active,,1034992.0,1034998.0,26,-1.0,
base,active,1034485.0,1034998.0,1035018.0,19 20 25 26,40767.0,False
base,active,1034586.0,1035018.0,1035022.0,19 20 25 26,40769.0,False
base,active,1034618.0,1035022.0,1035334.0,19 20 25 26,40770.0,False
base,active,1034966.0,1035199.0,1035202.0,90 91 92 93,40772.0,False
base,active,,1035202.0,1035267.0,90 91 92 93,-1.0,
base,active,,1035247.0,1035267.0,21,-1.0,
base,active,,1035247.0,1035508.0,22,-1.0,
base,active,,1035247.0,1035862.0,23,-1.0,
base,active,,1035247.0,1036118.0,24,-1.0,
base,active,1035267.0,1035267.0,1035292.0,21,40775.0,False
base,active,1035144.0,1035267.0,1035610.0,90 91 92 93,40774.0,False
base,active,,1035292.0,1036118.0,21,-1.0,
base,active,,1035334.0,1036118.0,19 20,-1.0,
base,active,,1035334.0,1036234.0,25 26,-1.0,
base,active,1035276.0,1035508.0,1035526.0,22,40776.0,False
base,active,,1035526.0,1036272.0,22,-1.0,
base,active,,1035610.0,1036272.0,90 91 92,-1.0,
base,active,,1035610.0,1036311.0,93,-1.0,
base,active,1035862.0,1035862.0,1035871.0,23,40780.0,False
base,active,,1035871.0,1036311.0,23,-1.0,
base,active,1030919.0,1035973.0,1036020.0,2 3 16 94,40723.0,False
base,active,,1036020.0,1036311.0,2 3,-1.0,
base,active,,1036020.0,1036390.0,16 94,-1.0,
base,active,1036118.0,1036118.0,1036266.0,19 20 21 24,40784.0,False
base,switching_off,,1036234.0,1038034.0,25 26,-2.0,
base,active,,1036266.0,1036390.0,19 20,-1.0,
base,active,,1036266.0,1036508.0,21 24,-1.0,
base,active,1036272.0,1036272.0,1038904.0,22 90 91 92,40787.0,False
base,active,1036311.0,1036311.0,1036352.0,2 3 23 93,40788.0,False
base,active,,1036352.0,1036508.0,2 3,-1.0,
base,active,,1036352.0,1036519.0,23 93,-1.0,
base,active,1036390.0,1036390.0,1036435.0,16 19 20 94,40789.0,False
base,active,,1036435.0,1036519.0,16 19,-1.0,
base,active,,1036435.0,1036734.0,20 94,-1.0,
base,active,1036508.0,1036508.0,1036570.0,2 3 21 24,40790.0,False
base,active,1036519.0,1036519.0,1036606.0,16 19 23 93,40791.0,False
base,active,,1036570.0,1036734.0,2 3 21 24,-1.0,
base,active,,1036606.0,1036734.0,16 19,-1.0,
base,active,,1036606.0,1036928.0,23,-1.0,
base,active,,1036606.0,1037079.0,93,-1.0,
base,active,,1036661.0,1037101.0,17,-1.0,
base,active,,1036661.0,1037242.0,18 27 64,-1.0,
base,active,1036734.0,1036734.0,1036802.0,2 3 16 19 20 21 24 94,40793.0,False
base,active,,1036802.0,1037242.0,2,-1.0,
base,active,,1036802.0,1037281.0,3 16 19 20 21 24 94,-1.0,
base,active,1036928.0,1036928.0,1036944.0,23,40795.0,False
base,active,,1036944.0,1037281.0,23,-1.0,
base,active,1037079.0,1037079.0,1037120.0,93,40797.0,False
base,active,1037101.0,1037101.0,1037107.0,17,40798.0,False
base,active,,1037107.0,1037391.0,17,-1.0,
base,active,,1037120.0,1037391.0,93,-1.0,
base,active,1037242.0,1037242.0,1037287.0,2 18 27 64,40801.0,False
base,active,1037281.0,1037281.0,1037340.0,3 16 19 20 21 23 24 94,40802.0,False
base,active,,1037287.0,1037391.0,2 18 27 64,-1.0,
base,active,,1037340.0,1037391.0,3 16,-1.0,
base,active,,1037340.0,1037412.0,19 20 21 23,-1.0,
base,active,,1037340.0,1037510.0,24 94,-1.0,
base,active,1037391.0,1037391.0,1037457.0,2 3 16 17 18 27 64 93,40803.0,False
base,active,1037412.0,1037412.0,1037471.0,19 20 21 23,40804.0,False
base,active,,1037457.0,1037510.0,2 3 16 17 18 27,-1.0,
base,active,,1037457.0,1037652.0,64 93,-1.0,
base,active,,1037471.0,1037652.0,19 20 21 23,-1.0,
base,active,1037510.0,1037510.0,1037565.0,2 3 16 17 18 24 27 94,40805.0,False
base,active,,1037565.0,1037652.0,2 3,-1.0,
base,active,,1037565.0,1037718.0,16 17 18 24,-1.0,
base,active,,1037565.0,1037724.0,27 94,-1.0,
base,active,1037652.0,1037652.0,1037724.0,2 3 19 20 21 23 64 93,40808.0,False
base,active,1037718.0,1037718.0,1037780.0,16 17 18 24,40811.0,False
base,active,1037715.0,1037724.0,1037796.0,2 3 19 20 21 23 27 94,40810.0,False
base,active,,1037724.0,1037966.0,64,-1.0,
base,active,,1037724.0,1038007.0,93,-1.0,
base,active,,1037780.0,1038007.0,16,-1.0,
base,active,,1037780.0,1041091.0,17 18 24,-1.0,
base,active,,1037796.0,1038535.0,21,-1.0,
base,active,,1037796.0,1038696.0,23 27 94,-1.0,
base,active,,1037796.0,1041091.0,2 3 19 20,-1.0,
base,active,1037966.0,1037966.0,1037972.0,64,40814.0,False
base,active,,1037972.0,1038698.0,64,-1.0,
base,active,1038007.0,1038007.0,1038149.0,16 93,40815.0,False
base,sleeping,,1038034.0,1038351.0,25,-4.0,
base,sleeping,,1038034.0,1038391.0,26,-4.0,
base,active,,1038149.0,1038698.0,16,-1.0,
base,active,,1038149.0,1038904.0,93,-1.0,
base,switching_on,,1038351.0,1041051.0,25,-3.0,
base,switching_on,,1038391.0,1041091.0,26,-3.0,
base,active,1038535.0,1038535.0,1038557.0,21,40821.0,False
base,active,,1038557.0,1038904.0,21,-1.0,
base,switching_off,,1038696.0,1040496.0,23 27 94,-2.0,
base,active,1038698.0,1038698.0,1038891.0,16 64,40823.0,False
base,active,,1038891.0,1038904.0,16 64,-1.0,
base,active,1038583.0,1038904.0,1038976.0,16 21 22 64 90 91 92 93,40822.0,False
base,active,,1038976.0,1039027.0,16 21 22 64,-1.0,
base,active,,1038976.0,1039038.0,90 91 92 93,-1.0,
base,active,1039027.0,1039027.0,1039057.0,16 21 22 64,40826.0,False
base,active,1039038.0,1039038.0,1039061.0,90 91 92 93,40827.0,False
base,active,1039046.0,1039057.0,1039275.0,16 21 22 64,40828.0,False
base,active,,1039061.0,1039275.0,90 91 92 93,-1.0,
base,active,1039226.0,1039275.0,1040181.0,16 21 22 64 90 91 92 93,40830.0,False
base,active,1034393.0,1039811.0,1041575.0,0 1 4 5 6 7 8 9 10 11 12 13 14 15 65 66 67 68 69 82 83 84 85 86 87 88 89 95 96 97 98 99,40764.0,False
base,active,1039284.0,1040181.0,1040395.0,16 21 22 64 90 91 92 93,40832.0,False
base,active,1039425.0,1040278.0,1040317.0,74 75 76 77,40836.0,False
base,active,1039571.0,1040278.0,1040321.0,78 79 80 81,40839.0,False
base,active,1039851.0,1040317.0,1040344.0,74 75 76 77,40842.0,False
base,active,1040003.0,1040321.0,1040369.0,78 79 80 81,40843.0,False
base,active,,1040344.0,1040395.0,74 75 76 77,-1.0,
base,active,,1040369.0,1040395.0,78 79 80 81,-1.0,
base,active,1036854.0,1040395.0,1040467.0,16 21 22 64 74 75 76 77 78 79 80 81 90 91 92 93,40794.0,False
base,active,1037006.0,1040467.0,1040619.0,16 21 22 64 74 75 76 77 78 79 80 81 90 91 92 93,40796.0,False
base,sleeping,,1040496.0,1040619.0,23 27 94,-4.0,
base,active,1040616.0,1040619.0,1040664.0,81,40849.0,False
base,active,,1040619.0,1041343.0,90,-1.0,
base,active,,1040619.0,1041519.0,91 92 93,-1.0,
base,active,1040427.0,1040619.0,1042799.0,79 80,40848.0,False
base,active,1040398.0,1040619.0,1042823.0,75 76 77 78,40847.0,False
base,active,,1040619.0,1043319.0,16 21 22 64 74,-1.0,
base,switching_on,,1040619.0,1043319.0,23 27 94,-3.0,
base,active,,1040664.0,1041564.0,81,-1.0,
base,active,1038351.0,1041051.0,1041068.0,25,40819.0,False
base,active,,1041068.0,1041575.0,25,-1.0,
base,active,1038391.0,1041091.0,1047522.0,2 3 17 18 19 20 24 26,40820.0,False
base,active,1041343.0,1041343.0,1041369.0,90,40860.0,False
base,active,,1041369.0,1041575.0,90,-1.0,
base,switching_off,,1041519.0,1043319.0,91 92 93,-2.0,
base,switching_off,,1041564.0,1043364.0,81,-2.0,
base,active,,1041575.0,1041603.0,98 99,-1.0,
base,active,1035508.0,1041575.0,1043142.0,0 1 4 5 6 7 8 9 10 11 12 13 14 15 25 65 66 67 68 69 82 83 84 85 86 87 88 89 90 95 96 97,40777.0,False
base,active,,1041603.0,1042503.0,58 59,-1.0,
base,active,1036178.0,1041603.0,1044028.0,28 29 30 31 32 33 34 35 36 37 38 39 40 41 42 43 44 45 46 47 48 49 50 51 52 53 54 55 56 57 98 99,40785.0,False
base,switching_off,,1042503.0,1044303.0,58 59,-2.0,
base,active,,1042799.0,1042998.0,79 80,-1.0,
base,active,,1042823.0,1042933.0,75,-1.0,
base,active,,1042823.0,1042998.0,76 77 78,-1.0,
base,active,1042933.0,1042933.0,1042940.0,75,40870.0,False
base,active,,1042940.0,1042998.0,75,-1.0,
base,active,,1042998.0,1043013.0,122 123 124 125,-1.0,
base,active,,1042998.0,1043018.0,126,-1.0,
base,active,,1042998.0,1043049.0,127,-1.0,
base,active,1037162.0,1042998.0,1045190.0,60 61 62 63 70 71 72 73 75 76 77 78 79 80 104 105 106 107 108 109 110 111 112 113 114 115 116 117 118 119 120 121,40799.0,False
base,active,1043013.0,1043013.0,1043071.0,122 123 124 125,40872.0,False
base,active,1043018.0,1043018.0,1043060.0,126,40873.0,False
base,active,1043049.0,1043049.0,1043125.0,127,40874.0,False
base,active,,1043060.0,1043093.0,126,-1.0,
base,active,,1043071.0,1043093.0,122 123 124,-1.0,
base,active,,1043071.0,1043142.0,125,-1.0,
base,active,1043093.0,1043093.0,1043138.0,122 123 124 126,40875.0,False
base,active,,1043125.0,1043142.0,127,-1.0,
base,active,,1043138.0,1043142.0,122 123 124 126,-1.0,
base,active,,1043142.0,1043220.0,88 89 90 95,-1.0,
base,active,,1043142.0,1043230.0,96,-1.0,
base,active,1038198.0,1043142.0,1043261.0,0 1 4 5 6 7 8 9 10 11 12 13 14 15 25 65 66 67 68 69 82 83 84 85 86 87 122 123 124 125 126 127,40816.0,False
base,active,,1043142.0,1043261.0,97,-1.0,
base,active,1043220.0,1043220.0,1047797.0,88 89 90 95,40877.0,False
base,active,1043230.0,1043230.0,1043377.0,96,40878.0,False
base,active,,1043261.0,1046224.0,127,-1.0,
base,active,1038343.0,1043261.0,1049738.0,0 1 4 5 6 7 8 9 10 11 12 13 14 15 25 65 66 67 68 69 82 83 84 85 86 87 97 122 123 124 125 126,40818.0,False
base,sleeping,,1043319.0,1043429.0,91 92,-4.0,
base,active,1040395.0,1043319.0,1043524.0,16 21 22 23 27 64 74 94,40846.0,False
base,sleeping,,1043319.0,1043524.0,93,-4.0,
base,sleeping,,1043364.0,1043404.0,81,-4.0,
base,active,,1043377.0,1046224.0,96,-1.0,
base,switching_on,,1043404.0,1046104.0,81,-3.0,
base,switching_on,,1043429.0,1046129.0,91 92,-3.0,
base,active,,1043524.0,1043527.0,64,-1.0,
base,active,,1043524.0,1043602.0,74,-1.0,
base,active,,1043524.0,1043999.0,94,-1.0,
base,active,,1043524.0,1046224.0,16 21 22 23 27,-1.0,
base,switching_on,,1043524.0,1046224.0,93,-3.0,
base,active,1043527.0,1043527.0,1043558.0,64,40884.0,False
base,active,,1043558.0,1043999.0,64,-1.0,
base,active,1043602.0,1043602.0,1043713.0,74,40885.0,False
base,active,,1043713.0,1043999.0,74,-1.0,
base,active,,1043999.0,1044028.0,101 102 103,-1.0,
base,active,1043351.0,1043999.0,1044083.0,64 74 94 100,40879.0,False
base,active,,1044028.0,1044083.0,57 98 99,-1.0,
base,active,1038909.0,1044028.0,1044148.0,28 29 30 31 32 33 34 35 36 37 38 39 40 41 42 43 44 45 46 47 48 49 50 51 52 53 54 55 56 101 102 103,40825.0,False
base,active,,1044083.0,1044148.0,74 94 100,-1.0,
base,active,1043397.0,1044083.0,1046457.0,57 64 98 99,40880.0,False
base,active,1039329.0,1044148.0,1044273.0,28 29 30 31 32 33 34 35 36 37 38 39 40 41 42 43 44 45 46 47 48 49 50 51 52 53 54 55 56 74 94 100,40833.0,False
base,active,,1044148.0,1044273.0,101 102 103,-1.0,
base,active,,1044273.0,1044870.0,74 94,-1.0,
base,active,,1044273.0,1044921.0,100,-1.0,
base,active,1039370.0,1044273.0,1046241.0,28 29 30 31 32 33 34 35 36 37 38 39 40 41 42 43 44 45 46 47 48 49 50 51 52 53 54 55 56 101 102 103,40835.0,False
base,sleeping,,1044303.0,1044466.0,58,-4.0,
base,sleeping,,1044303.0,1044849.0,59,-4.0,
base,switching_on,,1044466.0,1047166.0,58,-3.0,
base,switching_on,,1044849.0,1047549.0,59,-3.0,
base,active,1044870.0,1044870.0,1045012.0,74 94,40899.0,False
base,active,1044921.0,1044921.0,1044947.0,100,40900.0,False
base,active,,1044947.0,1045067.0,100,-1.0,
base,active,,1045012.0,1045190.0,74 94,-1.0,
base,active,1045067.0,1045067.0,1045074.0,100,40902.0,False
base,active,,1045074.0,1045190.0,100,-1.0,
base,active,1039751.0,1045190.0,1045570.0,60 61 62 63 70 71 72 73 74 75 76 77 78 79 80 94 100 104 105 106 107 108 109 110 111 112 113 114 115 116 117 118,40840.0,False
base,active,,1045190.0,1045570.0,119 120 121,-1.0,
base,active,1045379.0,1045570.0,1045578.0,117,40907.0,False
base,active,1045295.0,1045570.0,1045605.0,118,40905.0,False
base,active,1041000.0,1045570.0,1045618.0,71 72 73 74 75 76 77 78,40853.0,False
base,active,1045422.0,1045570.0,1045644.0,116,40909.0,False
base,active,1041061.0,1045570.0,1045696.0,79 80 94 100 104 105 106 107,40855.0,False
base,active,1040713.0,1045570.0,1045700.0,60 61 62 63 70 119 120 121,40852.0,False
base,active,1041242.0,1045570.0,1045786.0,108 109 110 111 112 113 114 115,40858.0,False
base,active,,1045578.0,1045618.0,117,-1.0,
base,active,,1045605.0,1045618.0,118,-1.0,
base,active,1043718.0,1045618.0,1045686.0,73 74 75 76 77 78 117 118,40886.0,False
base,active,,1045618.0,1045786.0,71 72,-1.0,
base,active,,1045644.0,1045786.0,116,-1.0,
base,active,,1045686.0,1045786.0,73 74 75 76 77 78 117 118,-1.0,
base,active,,1045696.0,1045786.0,79 80 94 100 104 105 106 107,-1.0,
base,active,,1045700.0,1045786.0,60 61 62 63 70 119 120 121,-1.0,
base,active,,1045786.0,1046241.0,113 114 115,-1.0,
base,active,1041375.0,1045786.0,1047810.0,60 61 62 63 70 71 72 73 74 75 76 77 78 79 80 94 100 104 105 106 107 108 109 110 111 112 116 117 118 119 120 121,40861.0,False
base,active,1043404.0,1046104.0,1046178.0,81,40881.0,False
base,active,1043429.0,1046129.0,1048474.0,91 92,40882.0,False
base,active,,1046178.0,1046241.0,81,-1.0,
base,active,1040635.0,1046224.0,1046261.0,16 21 22 23 27 93 96 127,40850.0,False
base,active,,1046241.0,1046261.0,32 33 34 35 36 37 38 39 40 41 42 43 44 45 46 47 48 49 50 51 52 53 54 55 56 101 102 103,-1.0,
base,active,1042511.0,1046241.0,1047155.0,28 29 30 31 81 113 114 115,40865.0,False
base,active,1043933.0,1046261.0,1046311.0,27 93 96 127,40887.0,False
base,active,1043154.0,1046261.0,1050903.0,16 21 22 23 32 33 34 35 36 37 38 39 40 41 42 43 44 45 46 47 48 49 50 51 52 53 54 55 56 101 102 103,40876.0,False
base,active,1044005.0,1046311.0,1046371.0,27 93 96 127,40888.0,False
base,active,1044157.0,1046371.0,1046559.0,27 93 96 127,40890.0,False
base,active,1044496.0,1046457.0,1046519.0,57 64 98 99,40893.0,False
base,active,1044597.0,1046519.0,1046604.0,57 64 98 99,40894.0,False
base,active,1044688.0,1046559.0,1046622.0,27 93 96 127,40895.0,False
base,active,1046138.0,1046604.0,1046608.0,99,40920.0,False
base,active,1045948.0,1046604.0,1046703.0,57,40917.0,False
base,active,1046051.0,1046604.0,1046903.0,64 98,40918.0,False
base,active,1046176.0,1046608.0,1046774.0,99,40921.0,False
base,active,,1046622.0,1046669.0,93,-1.0,
base,active,1046546.0,1046622.0,1046693.0,27,40927.0,False
base,active,,1046622.0,1046751.0,96,-1.0,
base,active,,1046622.0,1046753.0,127,-1.0,
base,active,1046669.0,1046669.0,1046697.0,93,40929.0,False
base,active,,1046693.0,1046753.0,27,-1.0,
base,active,,1046697.0,1046753.0,93,-1.0,
base,active,,1046703.0,1046753.0,57,-1.0,
base,active,1046751.0,1046751.0,1046802.0,96,40931.0,False
base,active,1046753.0,1046753.0,1046765.0,27 57 93 127,40932.0,False
base,active,,1046765.0,1046903.0,27 57 93 127,-1.0,
base,active,,1046774.0,1046903.0,99,-1.0,
base,active,,1046802.0,1046903.0,96,-1.0,
base,active,1044075.0,1046903.0,1046981.0,27 57 64 93 96 98 99 127,40889.0,False
base,active,1045413.0,1046981.0,1049964.0,27 57 64 93 96 98 99 127,40908.0,False
base,active,1045650.0,1047155.0,1047193.0,28 29 30 31 81 113 114 115,40911.0,False
base,active,1044466.0,1047166.0,1047175.0,58,40891.0,False
base,active,1046957.0,1047175.0,1047183.0,58,40933.0,False
base,active,,1047183.0,1047193.0,58,-1.0,
base,active,,1047193.0,1047295.0,115,-1.0,
base,active,1045743.0,1047193.0,1047547.0,28 29 30 31 58 81 113 114,40913.0,False
base,active,1047295.0,1047295.0,1047347.0,115,40937.0,False
base,active,,1047347.0,1047427.0,115,-1.0,
base,active,1047427.0,1047427.0,1047492.0,115,40939.0,False
base,active,,1047492.0,1047522.0,115,-1.0,
base,active,,1047522.0,1047547.0,26,-1.0,
base,active,1046235.0,1047522.0,1047594.0,2 3 17 18 19 20 24 115,40922.0,False
base,active,,1047547.0,1047594.0,114,-1.0,
base,active,1046491.0,1047547.0,1049797.0,26 28 29 30 31 58 81 113,40924.0,False
base,active,1044849.0,1047549.0,1048043.0,59,40898.0,False
base,active,1046495.0,1047594.0,1047714.0,2 3 17 18 19 20 24 114,40926.0,False
base,active,,1047594.0,1047714.0,115,-1.0,
base,active,,1047714.0,1047797.0,114,-1.0,
base,active,1046992.0,1047714.0,1047802.0,18 19,40935.0,False
base,active,1046969.0,1047714.0,1047823.0,2 3 17 115,40934.0,False
base,active,1047549.0,1047714.0,1049845.0,20 24,40941.0,False
base,active,,1047797.0,1047810.0,95,-1.0,
base,active,1047528.0,1047797.0,1049946.0,88 89 90 114,40940.0,False
base,active,,1047802.0,1047810.0,18 19,-1.0,
base,active,,1047810.0,1047837.0,119,-1.0,
base,active,,1047810.0,1048043.0,120 121,-1.0,
base,active,1043437.0,1047810.0,1049285.0,18 19 60 61 62 63 70 71 72 73 74 75 76 77 78 79 80 94 95 100 104 105 106 107 108 109 110 111 112 116 117 118,40883.0,False
base,active,,1047823.0,1048043.0,2 3 17 115,-1.0,
base,active,1047837.0,1047837.0,1047870.0,119,40942.0,False
base,active,,1047870.0,1048043.0,119,-1.0,
base,active,1047416.0,1048043.0,1048136.0,2 3 17 59 115 119 120 121,40938.0,False
base,active,1047866.0,1048136.0,1048214.0,2 3 17 59 115 119 120 121,40943.0,False
base,active,,1048214.0,1048385.0,2 3 17 59,-1.0,
base,active,,1048214.0,1049114.0,115 119 120 121,-1.0,
base,active,1048385.0,1048385.0,1052027.0,2 3 17 59,40954.0,False
base,active,,1048474.0,1049285.0,91 92,-1.0,
base,switching_off,,1049114.0,1050914.0,115 119 120 121,-2.0,
base,active,1045106.0,1049285.0,1049379.0,18 19 60 61 62 63 70 71 72 73 74 75 76 77 91 92,40903.0,False
base,active,,1049285.0,1049379.0,78 79 80 94 95 100 104 105 106 107 108 109 110 111 112 116 117 118,-1.0,
base,active,1045263.0,1049379.0,1049522.0,18 19 60 61 62 63 70 71 72 73 74 75 76 77 78 79 80 94 95 100 104 105 106 107 108 109 110 111 112 116 117 118,40904.0,False
base,active,,1049379.0,1049522.0,91 92,-1.0,
base,active,,1049522.0,1049738.0,117 118,-1.0,
base,active,1045363.0,1049522.0,1052554.0,18 19 60 61 62 63 70 71 72 73 74 75 76 77 78 79 80 91 92 94 95 100 104 105 106 107 108 109 110 111 112 116,40906.0,False
base,active,1045708.0,1049738.0,1049779.0,0 1 4 5 6 7 8 9 10 11 12 13 14 15 25 65 66 67 68 69 82 83 84 85 86 87 97 117 118 122 123 124,40912.0,False
base,active,,1049738.0,1049779.0,125 126,-1.0,
base,active,,1049779.0,1049797.0,123 124,-1.0,
base,active,1045768.0,1049779.0,1049811.0,0 1 4 5 6 7 8 9 10 11 12 13 14 15 25 65 66 67 68 69 82 83 84 85 86 87 97 117 118 122 125 126,40914.0,False
base,active,,1049797.0,1049811.0,81 113,-1.0,
base,active,1048795.0,1049797.0,1062303.0,26 28 29 30 31 58 123 124,40957.0,False
base,active,1045844.0,1049811.0,1049860.0,0 1 4 5 6 7 8 9 10 11 12 13 14 15 25 65 66 67 68 69 81 82 83 84 85 86 87 97 113 117 118 122,40915.0,False
base,active,,1049811.0,1049860.0,125 126,-1.0,
base,active,,1049845.0,1049860.0,20 24,-1.0,
base,active,,1049860.0,1049946.0,113 117 118 122,-1.0,
base,active,1045897.0,1049860.0,1051798.0,0 1 4 5 6 7 8 9 10 11 12 13 14 15 20 24 25 65 66 67 68 69 81 82 83 84 85 86 87 97 125 126,40916.0,False
base,active,1048856.0,1049946.0,1052205.0,88 89 90 113 114 117 118 122,40958.0,False
base,active,,1049964.0,1050262.0,27,-1.0,
base,active,,1049964.0,1050370.0,57,-1.0,
base,active,,1049964.0,1050537.0,64,-1.0,
base,active,,1049964.0,1050594.0,93,-1.0,
base,active,,1049964.0,1050617.0,96,-1.0,
base,active,,1049964.0,1050743.0,98,-1.0,
base,active,,1049964.0,1050864.0,99 127,-1.0,
base,active,1050262.0,1050262.0,1050298.0,27,40964.0,False
base,active,,1050298.0,1050903.0,27,-1.0,
base,active,1050370.0,1050370.0,1050407.0,57,40965.0,False
base,active,,1050407.0,1050903.0,57,-1.0,
base,active,1050537.0,1050537.0,1050584.0,64,40966.0,False
base,active,,1050584.0,1050903.0,64,-1.0,
base,active,1050594.0,1050594.0,1050612.0,93,40967.0,False
base,active,,1050612.0,1050903.0,93,-1.0,
base,active,1050617.0,1050617.0,1050663.0,96,40968.0,False
base,active,,1050663.0,1050903.0,96,-1.0,
base,active,1050743.0,1050743.0,1050785.0,98,40971.0,False
base,active,,1050785.0,1050903.0,98,-1.0,
base,switching_off,,1050864.0,1052664.0,99 127,-2.0,
base,active,1048033.0,1050903.0,1050947.0,16 21 22 23 27 32 33 34 35 36 37 38 39 40 41 42 43 44 45 46 47 48 49 50 51 52 53 57 64 93 96 98,40944.0,False
base,active,,1050903.0,1050947.0,54 55 56 101 102 103,-1.0,
base,sleeping,,1050914.0,1051040.0,119,-4.0,
base,sleeping,,1050914.0,1051241.0,120,-4.0,
base,sleeping,,1050914.0,1051325.0,121,-4.0,
base,switching_on,,1050914.0,1053614.0,115,-3.0,
base,active,,1050947.0,1051462.0,53 57,-1.0,
base,active,,1050947.0,1051654.0,64,-1.0,
base,active,,1050947.0,1051798.0,93 96 98,-1.0,
base,active,1048055.0,1050947.0,1053425.0,16 21 22 23 27 32 33 34 35 36 37 38 39 40 41 42 43 44 45 46 47 48 49 50 51 52 54 55 56 101 102 103,40946.0,False
base,switching_on,,1051040.0,1053740.0,119,-3.0,
base,switching_on,,1051241.0,1053941.0,120,-3.0,
base,switching_on,,1051325.0,1054025.0,121,-3.0,
base,active,1051462.0,1051462.0,1051606.0,53 57,40977.0,False
base,active,,1051606.0,1051798.0,53 57,-1.0,
base,active,1051654.0,1051654.0,1051701.0,64,40980.0,False
base,active,,1051701.0,1051798.0,64,-1.0,
base,active,1048099.0,1051798.0,1051802.0,0 1 4 5 6 7 8 9 10 11 12 13 14 15 20 24 25 53 57 64 65 66 67 68 69 81 82 83 84 93 96 98,40947.0,False
base,active,,1051798.0,1051802.0,85 86 87 97 125 126,-1.0,
base,active,1048200.0,1051802.0,1051874.0,0 1 4 5 6 7 8 9 10 11 12 13 14 15 20 24 25 53 57 64 65 66 67 68 69 81 85 86 87 97 125 126,40950.0,False
base,active,,1051802.0,1051874.0,82 83 84 93 96 98,-1.0,
base,active,,1051874.0,1051936.0,85,-1.0,
base,active,,1051874.0,1052046.0,86 87 97 125,-1.0,
base,active,,1051874.0,1052128.0,126,-1.0,
base,active,1048313.0,1051874.0,1055588.0,0 1 4 5 6 7 8 9 10 11 12 13 14 15 20 24 25 53 57 64 65 66 67 68 69 81 82 83 84 93 96 98,40952.0,False
base,active,1051936.0,1051936.0,1051974.0,85,40984.0,False
base,active,,1051974.0,1052128.0,85,-1.0,
base,active,,1052027.0,1052128.0,2 3,-1.0,
base,active,,1052027.0,1052554.0,17 59,-1.0,
base,active,1052046.0,1052046.0,1058398.0,86 87 97 125,40985.0,False
base,active,1052128.0,1052128.0,1054642.0,2 3 85 126,40987.0,False
base,active,,1052205.0,1052554.0,88 89 90 113 114 117 118 122,-1.0,
base,active,1048546.0,1052554.0,1052591.0,17 18 19 59 60 61 62 63 70 71 72 73 74 75 76 77 78 79 80 88 89 90 91 92 94 95 100 113 114 117 118 122,40955.0,False
base,active,,1052554.0,1052591.0,104 105 106 107 108 109 110 111 112 116,-1.0,
base,active,,1052591.0,1052869.0,114 117 118 122,-1.0,
base,active,,1052591.0,1055374.0,91 92 94 95 100 113,-1.0,
base,active,1048754.0,1052591.0,1065137.0,17 18 19 59 60 61 62 63 70 71 72 73 74 75 76 77 78 79 80 88 89 90 104 105 106 107 108 109 110 111 112 116,40956.0,False
base,sleeping,,1052664.0,1052674.0,99 127,-4.0,
base,switching_on,,1052674.0,1055374.0,99 127,-3.0,
base,active,1052869.0,1052869.0,1052965.0,114 117 118 122,40992.0,False
base,active,1052890.0,1052965.0,1053041.0,114 117,40993.0,False
base,active,,1052965.0,1053156.0,118,-1.0,
base,active,,1052965.0,1053308.0,122,-1.0,
base,active,,1053041.0,1053308.0,114 117,-1.0,
base,active,1053156.0,1053156.0,1053178.0,118,40995.0,False
base,active,,1053178.0,1053308.0,118,-1.0,
base,active,1053308.0,1053308.0,1055881.0,114 117 118 122,40999.0,False
base,active,1050687.0,1053425.0,1055891.0,16 21 22 23 27 32 33 34 35 36 37 38 39 40 41 42 43 44 45 46 47 48 49 50 51 52 54 55 56 101 102 103,40969.0,False
base,active,1050914.0,1053614.0,1053652.0,115,40972.0,False
base,active,,1053652.0,1053779.0,115,-1.0,
base,active,1051040.0,1053740.0,1053779.0,119,40973.0,False
base,active,1053334.0,1053779.0,1056330.0,115 119,41000.0,False
base,active,1051241.0,1053941.0,1053981.0,120,40975.0,False
base,active,,1053981.0,1054869.0,120,-1.0,
base,active,1051325.0,1054025.0,1054119.0,121,40976.0,False
base,active,,1054119.0,1054869.0,121,-1.0,
base,active,,1054642.0,1054869.0,2 3,-1.0,
base,active,,1054642.0,1055405.0,85 126,-1.0,
base,active,1054869.0,1054869.0,1056146.0,2 3 120 121,41006.0,False
base,active,1052674.0,1055374.0,1055405.0,91 92 94 95 99 100 113 127,40989.0,False
base,active,1052709.0,1055405.0,1055442.0,85 91 92 94 95 99 100 126,40990.0,False
base,active,,1055405.0,1055588.0,113 127,-1.0,
base,active,,1055442.0,1055588.0,85 91 92 94 95 99 100 126,-1.0,
base,active,,1055588.0,1055891.0,67 68 69 81 82 83 84 93 96 98,-1.0,
base,active,1052053.0,1055588.0,1058176.0,0 1 4 5 6 7 8 9 10 11 12 13 14 15 20 24 25 53 57 64 65 66 85 91 92 94 95 99 100 113 126 127,40986.0,False
base,active,,1055881.0,1055891.0,114 117 118 122,-1.0,
base,active,,1055891.0,1056214.0,45 46 47 48,-1.0,
base,active,,1055891.0,1056304.0,49 50 51 52,-1.0,
base,active,,1055891.0,1056326.0,54 55,-1.0,
base,active,1054147.0,1055891.0,1056341.0,16 21 22 23 27 32 33 34 35 36 37 38 39 40 41 42 43 44 67 68 69 81 82 83 84 93 96 98 114 117 118 122,41003.0,False
base,active,,1055891.0,1056341.0,56 101 102 103,-1.0,
base,active,,1056146.0,1056341.0,2 3 120 121,-1.0,
base,active,1056214.0,1056214.0,1061239.0,45 46 47 48,41009.0,False
base,active,1056304.0,1056304.0,1058362.0,49 50 51 52,41010.0,False
base,active,1056326.0,1056326.0,1058365.0,54 55,41011.0,False
base,active,,1056330.0,1056341.0,115 119,-1.0,
base,active,,1056341.0,1057241.0,82 83 84 93 96 98 114 117 118 122,-1.0,
base,active,1054627.0,1056341.0,1057689.0,2 3 16 21 22 23 27 32 33 34 35 36 37 38 39 40 41 42 43 44 56 67 68 69 81 101 102 103 115 119 120 121,41004.0,False
base,switching_off,,1057241.0,1059041.0,82 83 84 93 96 98 114 117 118 122,-2.0,
base,active,1054804.0,1057689.0,1059031.0,2 3 16 21 22 23 27 32 33 34 35 36 37 38 39 40 41 42 43 44 56 67 68 69 81 101 102 103 115 119 120 121,41005.0,False
base,active,1056018.0,1058176.0,1060564.0,0 1 4 5 6 7 8 9 10 11 12 13 14 15 20 24 25 53 57 64 65 66 85 91 92 94 95 99 100 113 126 127,41007.0,False
base,active,,1058362.0,1058427.0,49 50 51 52,-1.0,
base,active,,1058365.0,1058427.0,54,-1.0,
base,active,,1058365.0,1058783.0,55,-1.0,
base,active,,1058398.0,1059019.0,86,-1.0,
base,active,,1058398.0,1059031.0,87 97 125,-1.0,
base,active,1058411.0,1058427.0,1058449.0,49,41012.0,False
base,active,1058427.0,1058427.0,1058753.0,50 51 52 54,41013.0,False
base,active,,1058449.0,1059031.0,49,-1.0,
base,active,,1058753.0,1059031.0,50 51 52 54,-1.0,
base,active,1058783.0,1058783.0,1058792.0,55,41015.0,False
base,active,,1058792.0,1059031.0,55,-1.0,
base,active,1059019.0,1059019.0,1059024.0,86,41016.0,False
base,active,,1059024.0,1059031.0,86,-1.0,
base,active,,1059031.0,1059931.0,68 69 81 101 102 103 115 119 120 121,-1.0,
base,active,1056151.0,1059031.0,1064119.0,2 3 16 21 22 23 27 32 33 34 35 36 37 38 39 40 41 42 43 44 49 50 51 52 54 55 56 67 86 87 97 125,41008.0,False
base,sleeping,,1059041.0,1059390.0,82 83 84 93,-4.0,
base,sleeping,,1059041.0,1059896.0,96,-4.0,
base,sleeping,,1059041.0,1061239.0,98 114 117,-4.0,
base,sleeping,,1059041.0,1061387.0,118 122,-4.0,
base,switching_on,,1059390.0,1062090.0,82 83 84 93,-3.0,
base,switching_on,,1059896.0,1062596.0,96,-3.0,
base,switching_off,,1059931.0,1061731.0,68 69 81 101 102 103 115 119 120 121,-2.0,
base,active,1058626.0,1060564.0,1061303.0,0 1 4 5 6 7 8 9 10 11 12 13 14 15 20 24 25 53 57 64 65 66 85 91 92 94 95 99 100 113 126 127,41014.0,False
base,active,,1061239.0,1061303.0,45 46 47 48,-1.0,
base,switching_on,,1061239.0,1063939.0,98 114 117,-3.0,
base,active,,1061303.0,1061626.0,126,-1.0,
base,active,1059390.0,1061303.0,1061949.0,0 1 4 5 6 7 8 9 10 11 12 13 14 15 20 24 25 45 46 47 48 53 57 64 65 66 85 91 92 94 95 99,41018.0,False
base,active,,1061303.0,1061949.0,127,-1.0,
base,active,,1061303.0,1064087.0,100 113,-1.0,
base,switching_on,,1061387.0,1064087.0,118 122,-3.0,
base,active,1061626.0,1061626.0,1061645.0,126,41028.0,False
base,active,,1061645.0,1061949.0,126,-1.0,
base,sleeping,,1061731.0,1062303.0,68 69 81 101 102 103 115 119 120 121,-4.0,
base,active,,1061949.0,1065003.0,95 99,-1.0,
base,active,1060063.0,1061949.0,1070416.0,0 1 4 5 6 7 8 9 10 11 12 13 14 15 20 24 25 45 46 47 48 53 57 64 65 66 85 91 92 94 126 127,41021.0,False
base,active,1059077.0,1062090.0,1062811.0,82 83 84 93,41017.0,False
base,active,,1062303.0,1062920.0,26 28 29 30 31 58 123 124,-1.0,
base,switching_on,,1062303.0,1065003.0,68 69 81 101 102 103 115 119 120 121,-3.0,
base,active,1059896.0,1062596.0,1062649.0,96,41019.0,False
base,active,,1062649.0,1063549.0,96,-1.0,
base,active,,1062811.0,1063711.0,82 83 84 93,-1.0,
base,active,1062920.0,1062920.0,1072513.0,26 28 29 30 31 58 123 124,41033.0,False
base,switching_off,,1063549.0,1065349.0,96,-2.0,
base,switching_off,,1063711.0,1065511.0,82 83 84 93,-2.0,
base,active,1059981.0,1063939.0,1063973.0,98,41020.0,False
base,active,1060134.0,1063939.0,1063977.0,117,41023.0,False
base,active,1060064.0,1063939.0,1063982.0,114,41022.0,False
base,active,,1063973.0,1064119.0,98,-1.0,
base,active,,1063977.0,1064119.0,117,-1.0,
base,active,,1063982.0,1064119.0,114,-1.0,
base,active,1061387.0,1064087.0,1064914.0,100 113 118 122,41025.0,False
base,active,1061327.0,1064119.0,1065005.0,2 3 16 21 22 23 27 32 33 34 35 36 37 38 39 40 41 42 43 44 49 50 51 52 54 55 56 67 86 98 114 117,41024.0,False
base,active,,1064119.0,1065005.0,87 97 125,-1.0,
base,active,,1064914.0,1065005.0,100 113 118 122,-1.0,
base,active,1061558.0,1065003.0,1065231.0,68 69 81 101 102 103 115 119,41027.0,False
base,active,1062294.0,1065003.0,1071545.0,95 99 120 121,41030.0,False
base,active,,1065005.0,1065137.0,55 56 67 86 98 114 117,-1.0,
base,active,1061532.0,1065005.0,1065257.0,2 3 16 21 22 23 27 32 33 34 35 36 37 38 39 40 41 42 43 44 49 50 51 52 54 87 97 100 113 118 122 125,41026.0,False
base,active,,1065137.0,1065257.0,107 108 109 110 111 112 116,-1.0,
base,active,1062222.0,1065137.0,1071451.0,17 18 19 55 56 59 60 61 62 63 67 70 71 72 73 74 75 76 77 78 79 80 86 88 89 90 98 104 105 106 114 117,41029.0,False
base,active,,1065231.0,1065257.0,68 69 81 101 102 103 115 119,-1.0,
base,active,1062512.0,1065257.0,1065627.0,2 3 16 21 22 23 27 32 33 34 35 36 37 38 39 40 41 68 69 81 101 102 103 107 108 109 110 111 112 115 116 119,41031.0,False
base,active,,1065257.0,1065627.0,42 43 44 49 50 51 52 54 87 97 100 113 118 122 125,-1.0,
base,sleeping,,1065349.0,1074151.0,96,-4.0,
base,sleeping,,1065511.0,1074151.0,82 83 84 93,-4.0,
base,active,,1065627.0,1066527.0,68 69 81 101 102 103 107 108 109 110 111 112 115 116 119,-1.0,
base,active,1062896.0,1065627.0,1075244.0,2 3 16 21 22 23 27 32 33 34 35 36 37 38 39 40 41 42 43 44 49 50 51 52 54 87 97 100 113 118 122 125,41032.0,False
base,switching_off,,1066527.0,1068327.0,68 69 81 101 102 103 107 108 109 110 111 112 115 116 119,-2.0,
base,sleeping,,1068327.0,1068539.0,68,-4.0,
base,sleeping,,1068327.0,1074151.0,69 81,-4.0,
base,sleeping,,1068327.0,1080153.0,101 102 103 107 108 109 110 111 112 115 116 119,-4.0,
base,switching_on,,1068539.0,1071239.0,68,-3.0,
base,active,,1070416.0,1071316.0,0 1 4 5 6 7 8 9 10 11 12 13 14 15 20 24 25 45 46 47 48 53 57 64 65 66 85 91 92 94 126 127,-1.0,
base,active,1068539.0,1071239.0,1071280.0,68,41034.0,False
base,active,,1071280.0,1072180.0,68,-1.0,
base,switching_off,,1071316.0,1073116.0,0 1 4 5 6 7 8 9 10 11 12 13 14 15 20 24 25 45 46 47 48 53 57 64 65 66 85 91 92 94 126 127,-2.0,
base,active,,1071451.0,1072351.0,17 18 19 55 56 59 60 61 62 63 67 70 71 72 73 74 75 76 77 78 79 80 86 88 89 90 98 104 105 106 114 117,-1.0,
base,active,,1071545.0,1072445.0,95 99 120 121,-1.0,
base,switching_off,,1072180.0,1073980.0,68,-2.0,
base,switching_off,,1072351.0,1074151.0,17 18 19 55 56 59 60 61 62 63 67 70 71 72 73 74 75 76 77 78 79 80 86 88 89 90 98 104 105 106 114 117,-2.0,
base,switching_off,,1072445.0,1074245.0,95 99 120 121,-2.0,
base,active,,1072513.0,1072573.0,26 28 29 30 31 58 123 124,-1.0,
base,active,1072573.0,1072573.0,1080153.0,26 28 29 30 31 58 123 124,41037.0,False
base,sleeping,,1073116.0,1074151.0,0 1 4 5 6 7 8 9 10 11 12 13 14 15 20 24 25 45 46 47 48 53 57 64 65 66 85 91 92 94,-4.0,
base,sleeping,,1073116.0,1080153.0,126 127,-4.0,
base,sleeping,,1073980.0,1074151.0,68,-4.0,
base,switching_on,,1074151.0,1076851.0,0 1 4 5 6 7 8 9 10 11 12 13 14 15 17 18 19 20 24 25 45 46 47 48 53 55 56 57 59 60 61 62 63 64 65 66 67 68 69 70 71 72 73 74 75 76 77 78 79 80 81 82 83 84 85 86 88 89 90 91 92 93 94 96,-3.0,
base,sleeping,,1074151.0,1080153.0,98 104 105 106 114 117,-4.0,
base,sleeping,,1074245.0,1080153.0,95 99 120 121,-4.0,
base,active,1072544.0,1075244.0,1082853.0,2 3 16 21 22 23 27 32 33 34 35 36 37 38 39 40 41 42 43 44 49 50 51 52 54 87 97 100 113 118 122 125,41036.0,False
base,active,1068541.0,1076851.0,1087786.0,0 1 4 5 6 7 8 9 10 11 12 13 14 15 17 18 19 20 24 25 45 46 47 48 53 55 56 57 59 60 61 62 63 64 65 66 67 68 69 70 71 72 73 74 75 76 77 78 79 80 81 82 83 84 85 86 88 89 90 91 92 93 94 96,41035.0,False
base,active,,1080153.0,1082853.0,26 28 29 30 31 58 123 124,-1.0,
base,switching_on,,1080153.0,1082853.0,95 98 99 101 102 103 104 105 106 107 108 109 110 111 112 114 115 116 117 119 120 121 126 127,-3.0,
base,active,1080707.0,1082853.0,1082858.0,23,41042.0,False
base,active,1080492.0,1082853.0,1082863.0,22,41041.0,False
base,active,,1082853.0,1083753.0,27 32 33 34 35 36 37 38 39 40 41 42 43 44 49 50 51 52 54 87 97 100 113 118 122 125,-1.0,
base,active,1079754.0,1082853.0,1089662.0,2 3 16 21,41039.0,False
base,active,1079691.0,1082853.0,1089722.0,26 28 29 30 31 58 95 98 99 101 102 103 104 105 106 107 108 109 110 111 112 114 115 116 117 119 120 121 123 124 126 127,41038.0,False
base,active,,1082858.0,1083758.0,23,-1.0,
base,active,,1082863.0,1083763.0,22,-1.0,
base,switching_off,,1083753.0,1085553.0,27 32 33 34 35 36 37 38 39 40 41 42 43 44 49 50 51 52 54 87 97 100 113 118 122 125,-2.0,
base,switching_off,,1083758.0,1085558.0,23,-2.0,
base,switching_off,,1083763.0,1085563.0,22,-2.0,
base,sleeping,,1085553.0,1089662.0,27 32 33 34 35 36 37 38 39 40 41 42 43 44 49 50 51 52 54 87 97 100 113 118 122 125,-4.0,
base,sleeping,,1085558.0,1089662.0,23,-4.0,
base,sleeping,,1085563.0,1086546.0,22,-4.0,
base,switching_on,,1086546.0,1089246.0,22,-3.0,
base,active,1086575.0,1087786.0,1098725.0,0 1 4 5 6 7 8 9 10 11 12 13 14 15 17 18 19 20 24 25 45 46 47 48 53 55 56 57 59 60 61 62 63 64 65 66 67 68 69 70 71 72 73 74 75 76 77 78 79 80 81 82 83 84 85 86 88 89 90 91 92 93 94 96,41088.0,False
base,active,1086546.0,1089246.0,1089255.0,22,41087.0,False
base,active,,1089255.0,1092362.0,22,-1.0,
base,active,,1089662.0,1092362.0,2 3 16 21,-1.0,
base,switching_on,,1089662.0,1092362.0,23 27 32 33 34 35 36 37 38 39 40 41 42 43 44 49 50 51 52 54 87 97 100 113 118 122 125,-3.0,
base,active,,1089722.0,1090622.0,31 58 95 98 99 101 102 103 104 105 106 107 108 109 110 111 112 114 115 116 117 119 120 121 123 124 126 127,-1.0,
base,active,1086930.0,1089722.0,1119501.0,26 28 29 30,41092.0,False
base,switching_off,,1090622.0,1092422.0,31 58 95 98 99 101 102 103 104 105 106 107 108 109 110 111 112 114 115 116 117 119 120 121 123 124 126 127,-2.0,
base,active,1086862.0,1092362.0,1122210.0,2 3 16 21 22 23 27 32 33 34 35 36 37 38 39 40 41 42 43 44 49 50 51 52 54 87 97 100 113 118 122 125,41091.0,False
base,sleeping,,1092422.0,1101582.0,31 58,-4.0,
base,sleeping,,1092422.0,1102032.0,95 98 99 101 102 103,-4.0,
base,sleeping,,1092422.0,1105233.0,104 105 106 107 108 109 110 111 112 114 115 116 117 119 120 121,-4.0,
base,sleeping,,1092422.0,1112252.0,123 124 126 127,-4.0,
base,active,,1098725.0,1099625.0,0 1 4 5 6 7 8 9 10 11 12 13 14 15 17 18 19 20 24 25 45 46 47 48 53 55 56 57 59 60 61 62 63 64 65 66 67 68 69 70 71 72 73 74 75 76 77 78 79 80 81 82 83 84 85 86 88 89 90 91 92 93 94 96,-1.0,
base,switching_off,,1099625.0,1101425.0,0 1 4 5 6 7 8 9 10 11 12 13 14 15 17 18 19 20 24 25 45 46 47 48 53 55 56 57 59 60 61 62 63 64 65 66 67 68 69 70 71 72 73 74 75 76 77 78 79 80 81 82 83 84 85 86 88 89 90 91 92 93 94 96,-2.0,
base,sleeping,,1101425.0,1101506.0,0 1 4 5 6 7 8 9,-4.0,
base,sleeping,,1101425.0,1101582.0,10 11 12 13 14 15 17 18 19 20 24 25 45 46 47 48 53 55 56 57 59 60 61 62 63 64 65 66 67 68,-4.0,
base,sleeping,,1101425.0,1102032.0,69 70 71 72 73 74 75 76 77 78 79 80 81 82 83 84 85 86 88 89 90 91 92 93 94 96,-4.0,
base,switching_on,,1101506.0,1104206.0,0 1 4 5 6 7 8 9,-3.0,
base,switching_on,,1101582.0,1104282.0,10 11 12 13 14 15 17 18 19 20 24 25 31 45 46 47 48 53 55 56 57 58 59 60 61 62 63 64 65 66 67 68,-3.0,
base,switching_on,,1102032.0,1104732.0,69 70 71 72 73 74 75 76 77 78 79 80 81 82 83 84 85 86 88 89 90 91 92 93 94 95 96 98 99 101 102 103,-3.0,
base,active,1101506.0,1104206.0,1104275.0,0 1 4 5 6 7 8 9,41249.0,False
base,active,,1104275.0,1105175.0,0 1 4 5 6 7 8 9,-1.0,
base,active,1101582.0,1104282.0,1104573.0,10 11 12 13 14 15 17 18 19 20 24 25 31 45 46 47 48 53 55 56 57 58 59 60 61 62 63 64 65 66 67 68,41250.0,False
base,active,,1104573.0,1105186.0,10 11 12 13 14 15 17 18 19 20 24 25 31 45 46 47 48 53 55 56 57 58 59 60 61 62 63 64 65 66 67 68,-1.0,
base,active,1102032.0,1104732.0,1105186.0,69 70 71 72 73 74 75 76 77 78 79 80 81 82 83 84 85 86 88 89 90 91 92 93 94 95 96 98 99 101 102 103,41259.0,False
base,switching_off,,1105175.0,1106975.0,0 1 4 5 6 7 8 9,-2.0,
base,active,1104211.0,1105186.0,1105233.0,10 11 12 13 14 15 17 18 19 20 24 25 31 45 46 47 48 53 55 56 57 58 59 60 61 62 63 64 65 66 67 68 69 70 71 72 73 74 75 76 77 78 79 80 81 82 83 84 85 86 88 89 90 91 92 93 94 95 96 98 99 101 102 103,41301.0,False
base,active,1104325.0,1105233.0,1105418.0,10 11 12 13 14 15 17 18 19 20 24 25 31 45 46 47 48 53 55 56 57 58 59 60 61 62 63 64 65 66 67 68 69 70 71 72 73 74 75 76 77 78 79 80 81 82 83 84 85 86 88 89 90 91 92 93 94 95 96 98 99 101 102 103,41305.0,False
base,switching_on,,1105233.0,1107933.0,104 105 106 107 108 109 110 111 112 114 115 116 117 119 120 121,-3.0,
base,active,1105390.0,1105418.0,1105474.0,48 53 55 56 57 58 59 60 61 62 63 64 65 66 67 68,41325.0,False
base,active,1105294.0,1105418.0,1105488.0,10 11 12 13 14 15 17 18 19 20 24 25 31 45 46 47,41321.0,False
base,active,,1105418.0,1105555.0,69 70 71 72 73 74 75 76 77 78 79 80 81 82 83 84,-1.0,
base,active,,1105418.0,1105627.0,85 86 88 89 90 91 92 93 94 95 96 98 99 101 102 103,-1.0,
base,active,,1105474.0,1105758.0,48 53 55 56 57 58 59 60 61 62 63 64 65 66 67 68,-1.0,
base,active,,1105488.0,1105855.0,10,-1.0,
base,active,,1105488.0,1105864.0,11 12 13 14 15 17 18 19 20 24 25 31 45 46 47,-1.0,
base,active,1105555.0,1105555.0,1105617.0,69 70 71 72 73 74 75 76 77 78 79 80 81 82 83 84,41328.0,False
base,active,,1105617.0,1105864.0,69,-1.0,
base,active,,1105617.0,1105881.0,70 71 72 73 74 75 76 77 78 79 80 81 82 83 84,-1.0,
base,active,1105627.0,1105627.0,1105697.0,85 86 88 89 90 91 92 93 94 95 96 98 99 101 102 103,41330.0,False
base,active,,1105697.0,1105881.0,85 86 88 89 90 91 92 93 94 95 96 98 99 101 102 103,-1.0,
base,active,1105758.0,1105758.0,1105839.0,48 53 55 56 57 58 59 60 61 62 63 64 65 66 67 68,41337.0,False
base,active,,1105839.0,1105881.0,48,-1.0,
base,active,,1105839.0,1106049.0,53 55 56 57 58 59 60 61 62 63 64 65 66 67 68,-1.0,
base,active,1105855.0,1105855.0,1105879.0,10,41340.0,False
base,active,1105864.0,1105864.0,1105937.0,11 12 13 14 15 17 18 19 20 24 25 31 45 46 47 69,41341.0,False
base,active,,1105879.0,1106049.0,10,-1.0,
base,active,1105881.0,1105881.0,1113115.0,48 70 71 72 73 74 75 76 77 78 79 80 81 82 83 84 85 86 88 89 90 91 92 93 94 95 96 98 99 101 102 103,41342.0,False
base,active,,1105937.0,1106148.0,11 12 13 14 15 17 18 19 20 24 25 31 45 46 47 69,-1.0,
base,active,1106049.0,1106049.0,1106121.0,10 53 55 56 57 58 59 60 61 62 63 64 65 66 67 68,41345.0,False
base,active,,1106121.0,1106303.0,10 53 55 56 57 58 59 60 61 62 63 64 65 66 67 68,-1.0,
base,active,1106148.0,1106148.0,1106221.0,11 12 13 14 15 17 18 19 20 24 25 31 45 46 47 69,41348.0,False
base,active,,1106221.0,1106413.0,11 12 13 14 15 17 18 19 20 24 25 31 45 46 47 69,-1.0,
base,active,1106303.0,1106303.0,1106315.0,10 53 55 56 57 58 59 60 61 62 63 64 65 66 67 68,41351.0,False
base,active,,1106315.0,1106511.0,10 53 55 56 57 58 59 60 61 62 63 64 65 66 67 68,-1.0,
base,active,1106413.0,1106413.0,1106448.0,11 12 13 14 15 17 18 19 20 24 25 31 45 46 47 69,41352.0,False
base,active,,1106448.0,1106572.0,11 12 13 14 15 17 18 19 20 24 25 31 45 46 47 69,-1.0,
base,active,1106511.0,1106511.0,1106571.0,10 53 55 56 57 58 59 60 61 62 63 64 65 66 67 68,41354.0,False
base,active,,1106571.0,1107268.0,10,-1.0,
base,active,,1106571.0,1107372.0,53 55 56 57 58 59 60 61 62 63 64 65 66 67 68,-1.0,
base,active,1106572.0,1106572.0,1107233.0,11 12 13 14 15 17 18 19 20 24 25 31 45 46 47 69,41355.0,False
base,sleeping,,1106975.0,1107412.0,0 1 4 5 6 7 8 9,-4.0,
base,active,,1107233.0,1107372.0,11 12 13 14 15 17 18 19 20 24 25 31 45 46 47 69,-1.0,
base,active,1107268.0,1107268.0,1107272.0,10,41361.0,False
base,active,,1107272.0,1107372.0,10,-1.0,
base,active,1107372.0,1107372.0,1109318.0,10 11 12 13 14 15 17 18 19 20 24 25 31 45 46 47 53 55 56 57 58 59 60 61 62 63 64 65 66 67 68 69,41365.0,False
base,switching_on,,1107412.0,1110112.0,0 1 4 5 6 7 8 9,-3.0,
base,active,1105152.0,1107933.0,1108025.0,104 105 106 107 108 109 110 111 112 114 115 116 117 119 120 121,41318.0,False
base,active,1108017.0,1108025.0,1108089.0,104 105 106 107 108 109 110 111 112 114 115 116 117 119 120 121,41371.0,False
base,active,,1108089.0,1108492.0,104 105 106 107 108 109 110 111 112 114 115 116 117 119 120 121,-1.0,
base,active,1108492.0,1108492.0,1108512.0,104 105 106 107 108 109 110 111 112 114 115 116 117 119 120 121,41374.0,False
base,active,,1108512.0,1108527.0,104 105 106 107 108 109 110 111 112 114 115 116 117 119 120 121,-1.0,
base,active,1108527.0,1108527.0,1108878.0,104 105 106 107 108 109 110 111 112 114 115 116 117 119 120 121,41375.0,False
base,active,,1108878.0,1109491.0,104 105 106 107 108 109 110 111 112 114 115 116 117 119 120 121,-1.0,
base,active,,1109318.0,1109491.0,10 11 12 13 14 15 17 18 19 20 24 25 31 45 46 47,-1.0,
base,active,,1109318.0,1110218.0,53 55 56 57 58 59 60 61 62 63 64 65 66 67 68 69,-1.0,
base,active,1109491.0,1109491.0,1109627.0,10 11 12 13 14 15 17 18 19 20 24 25 31 45 46 47 104 105 106 107 108 109 110 111 112 114 115 116 117 119 120 121,41384.0,False
base,active,,1109627.0,1110410.0,10 11 12 13 14 15 17 18 19 20 24 25 31 45 46 47 104 105 106 107 108 109 110 111 112 114 115 116 117 119 120 121,-1.0,
base,active,1107412.0,1110112.0,1112020.0,0 1 4 5 6 7 8 9,41366.0,False
base,switching_off,,1110218.0,1112018.0,53 55 56 57 58 59 60 61 62 63 64 65 66 67 68 69,-2.0,
base,active,1110410.0,1110410.0,1110442.0,10 11 12 13 14 15 17 18 19 20 24 25 31 45 46 47 104 105 106 107 108 109 110 111 112 114 115 116 117 119 120 121,41392.0,False
base,active,,1110442.0,1110496.0,10 11 12 13 14 15 17 18 19 20 24 25 31 45 46 47 104 105 106 107 108 109 110 111 112 114 115 116 117 119 120 121,-1.0,
base,active,1110496.0,1110496.0,1110686.0,10 11 12 13 14 15 17 18 19 20 24 25 31 45 46 47 104 105 106 107 108 109 110 111 112 114 115 116 117 119 120 121,41395.0,False
base,active,,1110686.0,1111112.0,10 11 12 13 14 15 17 18 19 20 24 25 31 45 46 47 104 105 106 107 108 109 110 111 112 114 115 116 117 119 120 121,-1.0,
base,active,1111112.0,1111112.0,1111578.0,10 11 12 13 14 15 17 18 19 20 24 25 31 45 46 47 104 105 106 107 108 109 110 111 112 114 115 116 117 119 120 121,41400.0,False
base,active,,1111578.0,1111945.0,10 11 12 13 14 15 17 18 19 20 24 25 31 45 46 47,-1.0,
base,active,,1111578.0,1112231.0,104 105 106 107 108 109 110 111 112 114 115 116 117 119 120 121,-1.0,
base,active,1111945.0,1111945.0,1112008.0,10 11 12 13 14 15 17 18 19 20 24 25 31 45 46 47,41405.0,False
base,active,,1112008.0,1112908.0,31 45 46 47,-1.0,
base,active,,1112008.0,1114952.0,10 11 12 13 14 15 17 18 19 20 24 25,-1.0,
base,sleeping,,1112018.0,1112252.0,53 55 56 57 58 59 60 61 62 63 64 65 66 67 68 69,-4.0,
base,active,,1112020.0,1112920.0,0 1 4 5 6 7 8 9,-1.0,
base,active,1112231.0,1112231.0,1112493.0,104 105 106 107 108 109 110 111 112 114 115 116 117 119 120 121,41410.0,False
base,switching_on,,1112252.0,1114952.0,53 55 56 57 58 59 60 61 62 63 64 65 66 67 68 69 123 124 126 127,-3.0,
base,active,,1112493.0,1113115.0,104 105 106 107 108 109 110 111 112 114 115 116 117 119 120 121,-1.0,
base,switching_off,,1112908.0,1114708.0,31 45 46 47,-2.0,
base,switching_off,,1112920.0,1114720.0,0 1 4 5 6 7 8 9,-2.0,
base,active,1112796.0,1113115.0,1113364.0,85 86 88 89 90 91 92 93 94 95 96 98 99 101 102 103,41415.0,False
base,active,1112738.0,1113115.0,1113427.0,48 70 71 72 73 74 75 76 77 78 79 80 81 82 83 84 104 105 106 107 108 109 110 111 112 114 115 116 117 119 120 121,41414.0,False
base,active,1113295.0,1113364.0,1113379.0,86,41422.0,False
base,active,1113228.0,1113364.0,1113386.0,85,41421.0,False
base,active,,1113364.0,1113427.0,88 89 90 91 92 93 94 95 96 98 99 101 102 103,-1.0,
base,active,,1113379.0,1113427.0,86,-1.0,
base,active,,1113386.0,1113427.0,85,-1.0,
base,active,1113389.0,1113427.0,1113523.0,104 105 106 107 108 109 110 111 112 114 115 116 117 119 120 121,41425.0,False
base,active,1113311.0,1113427.0,1114176.0,48 70 71 72 73 74 75 76 77 78 79 80 81 82 83 84 85 86 88 89 90 91 92 93 94 95 96 98 99 101 102 103,41423.0,False
base,active,,1113523.0,1113909.0,104 105 106 107 108 109 110 111 112 114 115 116 117 119 120 121,-1.0,
base,active,1113801.0,1113909.0,1114074.0,104 105 106 107 108 109 110 111 112 114 115 116 117 119 120 121,41431.0,False
base,active,1113909.0,1114074.0,1114268.0,104 105 106 107 108 109 110 111 112 114 115 116 117 119 120 121,41432.0,False
base,active,1113568.0,1114176.0,1114507.0,48 70 71 72 73 74 75 76 77 78 79 80 81 82 83 84 85 86 88 89 90 91 92 93 94 95 96 98 99 101 102 103,41428.0,False
base,active,1114047.0,1114268.0,1114345.0,104 105 106 107 108 109 110 111 112 114 115 116 117 119 120 121,41433.0,False
base,active,1114304.0,1114345.0,1114351.0,105,41438.0,False
base,active,1114133.0,1114345.0,1114364.0,104,41434.0,False
base,active,,1114345.0,1114507.0,106 107 108 109 110 111 112 114 115 116 117 119 120 121,-1.0,
base,active,,1114351.0,1114507.0,105,-1.0,
base,active,,1114364.0,1114507.0,104,-1.0,
base,active,1114220.0,1114507.0,1114536.0,85 86 88 89 90 91 92 93 94 95 96 98 99 101 102 103,41436.0,False
base,active,1114155.0,1114507.0,1117503.0,48 70 71 72 73 74 75 76 77 78 79 80 81 82 83 84 104 105 106 107 108 109 110 111 112 114 115 116 117 119 120 121,41435.0,False
base,active,,1114536.0,1115436.0,85 86 88 89 90 91 92 93 94 95 96 98 99 101 102 103,-1.0,
base,sleeping,,1114708.0,1118067.0,31 45 46 47,-4.0,
base,sleeping,,1114720.0,1117503.0,0 1 4 5,-4.0,
base,sleeping,,1114720.0,1117528.0,6 7,-4.0,
base,sleeping,,1114720.0,1118067.0,8 9,-4.0,
base,active,1112252.0,1114952.0,1115254.0,10 11 12 13 14 15 17 18 19 20 24 25 53 55 56 57 58 59 60 61 62 63 64 65 66 67 68 69 123 124 126 127,41411.0,False
base,active,,1115254.0,1115466.0,10 11 12 13 14 15 17 18 19 20 24 25 53 55 56 57,-1.0,
base,active,,1115254.0,1115544.0,58 59 60 61 62 63 64 65 66 67 68 69 123 124 126 127,-1.0,
base,switching_off,,1115436.0,1117236.0,85 86 88 89 90 91 92 93 94 95 96 98 99 101 102 103,-2.0,
base,active,1115466.0,1115466.0,1115495.0,10 11 12 13 14 15 17 18 19 20 24 25 53 55 56 57,41444.0,False
base,active,,1115495.0,1115636.0,10,-1.0,
base,active,,1115495.0,1116395.0,11 12 13 14 15 17 18 19 20 24 25 53 55 56 57,-1.0,
base,active,1115544.0,1115544.0,1115672.0,58 59 60 61 62 63 64 65 66 67 68 69 123 124 126 127,41445.0,False
base,active,1115636.0,1115636.0,1115655.0,10,41446.0,False
base,active,,1115655.0,1116555.0,10,-1.0,
base,active,,1115672.0,1116572.0,58 59 60 61 62 63 64 65 66 67 68 69 123 124 126 127,-1.0,
base,switching_off,,1116395.0,1118195.0,11 12 13 14 15 17 18 19 20 24 25 53 55 56 57,-2.0,
base,switching_off,,1116555.0,1118355.0,10,-2.0,
base,switching_off,,1116572.0,1118372.0,58 59 60 61 62 63 64 65 66 67 68 69 123 124 126 127,-2.0,
base,sleeping,,1117236.0,1118067.0,85 86,-4.0,
base,sleeping,,1117236.0,1118148.0,88,-4.0,
base,sleeping,,1117236.0,1118372.0,89 90 91 92 93 94 95 96 98 99 101 102 103,-4.0,
base,active,1116915.0,1117503.0,1117528.0,48 70 71 72 73 74 75 76 77 78 79 80 81 82 83 84 104 105 106 107 108 109 110 111 112 114 115 116 117 119 120 121,41454.0,False
base,switching_on,,1117503.0,1120203.0,0 1 4 5,-3.0,
base,active,1117095.0,1117528.0,1117854.0,48 70 71 72 73 74 75 76 77 78 79 80 81 82 83 84 104 105 106 107 108 109 110 111 112 114 115 116 117 119 120 121,41456.0,False
base,switching_on,,1117528.0,1120228.0,6 7,-3.0,
base,active,1117319.0,1117854.0,1119588.0,48 70 71 72 73 74 75 76 77 78 79 80 81 82 83 84 104 105 106 107 108 109 110 111 112 114 115 116 117 119 120 121,41460.0,False
base,switching_on,,1118067.0,1120767.0,8 9 31 45 46 47 85 86,-3.0,
base,switching_on,,1118148.0,1120848.0,88,-3.0,
base,sleeping,,1118195.0,1118372.0,11 12 13 14 15 17 18 19 20 24 25 53 55 56 57,-4.0,
base,sleeping,,1118355.0,1118372.0,10,-4.0,
base,sleeping,,1118372.0,1119501.0,127,-4.0,
base,switching_on,,1118372.0,1121072.0,10 11 12 13 14 15 17 18 19 20 24 25 53 55 56 57 58 59 60 61 62 63 64 65 66 67 68 69 89 90 91 92 93 94 95 96 98 99 101 102 103 123 124 126,-3.0,
base,active,1119083.0,1119501.0,1119514.0,28,41477.0,False
base,active,1119132.0,1119501.0,1119694.0,29 30,41479.0,False
base,active,,1119501.0,1122201.0,26,-1.0,
base,switching_on,,1119501.0,1122201.0,127,-3.0,
base,active,,1119514.0,1119588.0,28,-1.0,
base,active,1118411.0,1119588.0,1119712.0,28 48 70 71 72 73 74 75 76 77 78 79 80 81 82 83 84 104 105 106 107 108 109 110 111 112 114 115 116 117 119 120,41472.0,False
base,active,,1119588.0,1119712.0,121,-1.0,
base,active,,1119694.0,1119712.0,29 30,-1.0,
base,active,1118565.0,1119712.0,1119765.0,28 29 30 48 70 71 72 121,41473.0,False
base,active,1118976.0,1119712.0,1119778.0,73 74 75 76 77 78 79 80,41476.0,False
base,active,,1119712.0,1119778.0,81 82 83 84 104 105 106 107 108 109 110 111 112 114 115 116 117 119 120,-1.0,
base,active,,1119765.0,1119778.0,28 29 30 48 70 71 72 121,-1.0,
base,active,,1119778.0,1119901.0,78,-1.0,
base,active,,1119778.0,1120248.0,79 80,-1.0,
base,active,1119098.0,1119778.0,1120533.0,28 29 30 48 70 71 72 73 74 75 76 77 81 82 83 84 104 105 106 107 108 109 110 111 112 114 115 116 117 119 120 121,41478.0,False
base,active,1119901.0,1119901.0,1119938.0,78,41491.0,False
base,active,,1119938.0,1120248.0,78,-1.0,
base,active,1116944.0,1120203.0,1120275.0,0 1 4 5,41455.0,False
base,active,1117298.0,1120228.0,1120248.0,7,41459.0,False
base,active,1117184.0,1120228.0,1120272.0,6,41457.0,False
base,active,1119391.0,1120248.0,1120471.0,7 78 79 80,41484.0,False
base,active,,1120272.0,1120275.0,6,-1.0,
base,active,,1120275.0,1120533.0,5,-1.0,
base,active,1119696.0,1120275.0,1120563.0,0 1 4 6,41489.0,False
base,active,,1120471.0,1120533.0,7 78 79 80,-1.0,
base,active,,1120533.0,1120563.0,116 117 119 120 121,-1.0,
base,active,1119354.0,1120533.0,1120671.0,5 7 28 29 30 48 70 71 72 73 74 75 76 77 78 79 80 81 82 83 84 104 105 106 107 108 109 110 111 112 114 115,41482.0,False
base,active,1119689.0,1120563.0,1120619.0,0 1 4 116 117 119 120 121,41488.0,False
base,active,,1120563.0,1120619.0,6,-1.0,
base,active,,1120619.0,1120671.0,121,-1.0,
base,active,1119769.0,1120619.0,1120680.0,0 1 4 6 116 117 119 120,41490.0,False
base,active,,1120671.0,1120680.0,115,-1.0,
base,active,1119559.0,1120671.0,1121222.0,5 7 28 29 30 48 70 71 72 73 74 75 76 77 78 79 80 81 82 83 84 104 105 106 107 108 109 110 111 112 114 121,41487.0,False
base,active,1119906.0,1120680.0,1120730.0,0 1 4 6 115 116 117 119,41492.0,False
base,active,,1120680.0,1120730.0,120,-1.0,
base,active,1120009.0,1120730.0,1120788.0,0 1 4 6 115 116 117 120,41493.0,False
base,active,,1120730.0,1120788.0,119,-1.0,
base,active,1118067.0,1120767.0,1120820.0,8 9 31 45 46 47 85 86,41466.0,False
base,active,1120238.0,1120788.0,1120870.0,1 4 6 115 116 117 119 120,41496.0,False
base,active,,1120788.0,1121222.0,0,-1.0,
base,active,1120494.0,1120820.0,1120906.0,8 9 31 45 46 47 85 86,41497.0,False
base,active,1118148.0,1120848.0,1120866.0,88,41467.0,False
base,active,,1120866.0,1120870.0,88,-1.0,
base,active,1120615.0,1120870.0,1120928.0,4 6 88 115 116 117 119 120,41499.0,False
base,active,,1120870.0,1121222.0,1,-1.0,
base,active,1120813.0,1120906.0,1120969.0,8 9 31 45 46 47 85 86,41500.0,False
base,active,,1120928.0,1121222.0,4 6 88 115 116 117 119 120,-1.0,
base,active,,1120969.0,1121222.0,8 9 31 45 46 47 85 86,-1.0,
base,active,1118286.0,1121072.0,1121135.0,93 94 95 96 98 99 101 102,41469.0,False
base,active,1118302.0,1121072.0,1126854.0,103 123 124 126,41470.0,False
base,active,1118215.0,1121072.0,1126941.0,10 11 12 13 14 15 17 18 19 20 24 25 53 55 56 57 58 59 60 61 62 63 64 65 66 67 68 69 89 90 91 92,41468.0,False
base,active,,1121135.0,1121222.0,93 94 95 96 98 99 101 102,-1.0,
base,active,,1121222.0,1121405.0,107 108 109 110 111 112 114 121,-1.0,
base,active,1120891.0,1121222.0,1121668.0,70 71 72 73,41501.0,False
base,active,,1121222.0,1122122.0,74 75 76 77 78 79 80 81 82 83 84 104 105 106,-1.0,
base,active,1120025.0,1121222.0,1128445.0,0 1 4 5 6 7 8 9 28 29 30 31 45 46 47 48 85 86 88 93 94 95 96 98 99 101 102 115 116 117 119 120,41494.0,False
base,active,1121194.0,1121405.0,1121547.0,107 108 109 110 111 112 114 121,41508.0,False
base,active,,1121547.0,1122122.0,107 108 109,-1.0,
base,active,,1121547.0,1122210.0,110 111 112 114 121,-1.0,
base,active,,1121668.0,1122122.0,70,-1.0,
base,active,,1121668.0,1122210.0,71 72 73,-1.0,
base,active,1121706.0,1122122.0,1122405.0,70 107 108 109,41512.0,False
base,switching_off,,1122122.0,1123922.0,74 75 76 77 78 79 80 81 82 83 84 104 105 106,-2.0,
base,active,1118831.0,1122201.0,1122331.0,26 127,41474.0,False
base,active,1121170.0,1122210.0,1122375.0,2 3 16 21 22 23 27 32 33 34 35 36 37 38 39 40 41 42 43 44 49 50 51 52 71 72 73 110 111 112 114 121,41507.0,False
base,active,1121821.0,1122210.0,1129473.0,54 87 97 100 113 118 122 125,41515.0,False
base,active,,1122331.0,1122375.0,26 127,-1.0,
base,active,,1122375.0,1122405.0,114 121,-1.0,
base,active,1121405.0,1122375.0,1122715.0,2 3 16 21 22 23 26 27 32 33 34 35 36 37 38 39 40 41 42 43 44 49 50 51 52 71 72 73 110 111 112 127,41509.0,False
base,active,1122218.0,1122405.0,1122570.0,70 107 114 121,41517.0,False
base,active,,1122405.0,1122715.0,108 109,-1.0,
base,active,,1122570.0,1122715.0,70 107 114 121,-1.0,
base,active,1122625.0,1122715.0,1122755.0,52 71 72 73 110 111 112 127,41522.0,False
base,active,1121503.0,1122715.0,1122905.0,2 3 16 21 22 23 26 27 32 33 70 107 108 109 114 121,41510.0,False
base,active,,1122715.0,1122905.0,34 35 36 37 38 39 40 41 42 43 44 49 50 51,-1.0,
base,active,,1122755.0,1122905.0,52 71 72 73 110 111 112 127,-1.0,
base,active,1121756.0,1122905.0,1122916.0,2 3 16 21 22 23 26 27 32 33 34 35 36 37 38 39 40 41 42 43 44 49 50 51 52 71 72 73 110 111 112 127,41513.0,False
base,active,,1122905.0,1122916.0,70 107 108 109 114 121,-1.0,
base,active,,1122916.0,1123420.0,72 73 110 111,-1.0,
base,active,,1122916.0,1123455.0,112 127,-1.0,
base,active,1121791.0,1122916.0,1130209.0,2 3 16 21 22 23 26 27 32 33 34 35 36 37 38 39 40 41 42 43 44 49 50 51 52 70 71 107 108 109 114 121,41514.0,False
base,active,1123420.0,1123420.0,1123443.0,72 73 110 111,41527.0,False
base,active,,1123443.0,1123455.0,72 73,-1.0,
base,active,,1123443.0,1123464.0,110,-1.0,
base,active,,1123443.0,1123479.0,111,-1.0,
base,active,1123455.0,1123455.0,1123475.0,72 73 112 127,41528.0,False
base,active,1123464.0,1123464.0,1123471.0,110,41529.0,False
base,active,,1123471.0,1123560.0,110,-1.0,
base,active,,1123475.0,1123560.0,72 73 112,-1.0,
base,active,,1123475.0,1123615.0,127,-1.0,
base,active,1123479.0,1123479.0,1123500.0,111,41530.0,False
base,active,,1123500.0,1123615.0,111,-1.0,
base,active,1123560.0,1123560.0,1123584.0,72 73 110 112,41532.0,False
base,active,,1123584.0,1123615.0,72 73,-1.0,
base,active,,1123584.0,1123863.0,110 112,-1.0,
base,active,1123615.0,1123615.0,1123658.0,72 73 111 127,41533.0,False
base,active,,1123658.0,1123863.0,72 73,-1.0,
base,active,,1123658.0,1126622.0,111 127,-1.0,
base,active,1123863.0,1123863.0,1123957.0,72 73 110 112,41535.0,False
base,switching_on,,1123922.0,1126622.0,74 75 76 77 78 79 80 81 82 83 84 104 105 106,-3.0,
base,active,,1123957.0,1124098.0,72 73,-1.0,
base,active,,1123957.0,1124267.0,110 112,-1.0,
base,active,1124098.0,1124098.0,1124267.0,72 73,41539.0,False
base,active,1124189.0,1124267.0,1129162.0,72 73 110 112,41542.0,False
base,active,1122891.0,1126622.0,1126662.0,74 75 76 77 78 79 80 81,41524.0,False
base,active,1123047.0,1126622.0,1126681.0,82 83 84 104 105 106 111 127,41525.0,False
base,active,1123507.0,1126662.0,1126737.0,74 75 76 77 78 79 80 81,41531.0,False
base,active,1123940.0,1126681.0,1126722.0,82 83 84 104 105 106 111 127,41536.0,False
base,active,1123996.0,1126722.0,1126784.0,82 83 84 104 105 106 111 127,41537.0,False
base,active,1124433.0,1126737.0,1127435.0,74 75 76 77 78 79 80 81,41545.0,False
base,active,1125648.0,1126784.0,1127292.0,82 83 84 104,41548.0,False
base,active,1125656.0,1126784.0,1127813.0,105 106 111 127,41549.0,False
base,active,,1126854.0,1126941.0,103 123 124 126,-1.0,
base,active,1126732.0,1126941.0,1127387.0,89 90 91 92,41555.0,False
base,active,1124118.0,1126941.0,1131907.0,10 11 12 13 14 15 17 18 19 20 24 25 53 55 56 57 58 59 60 61 62 63 64 65 66 67 68 69 103 123 124 126,41541.0,False
base,active,1127063.0,1127292.0,1127314.0,82 83 84 104,41557.0,False
base,active,1127211.0,1127314.0,1128395.0,82 83 84 104,41558.0,False
base,active,1127250.0,1127387.0,1127443.0,89,41559.0,False
base,active,,1127387.0,1128287.0,90 91 92,-1.0,
base,active,,1127435.0,1128335.0,74 75 76 77 78 79 80 81,-1.0,
base,active,,1127443.0,1128343.0,89,-1.0,
base,active,,1127813.0,1128445.0,105 106 111 127,-1.0,
base,switching_off,,1128287.0,1130087.0,90 91 92,-2.0,
base,switching_off,,1128335.0,1130135.0,74 75 76 77 78 79 80 81,-2.0,
base,switching_off,,1128343.0,1130143.0,89,-2.0,
base,active,,1128395.0,1128445.0,82 83 84 104,-1.0,
base,active,1127894.0,1128445.0,1128471.0,99,41566.0,False
base,active,,1128445.0,1129076.0,101 102 115 116 117,-1.0,
base,active,,1128445.0,1129345.0,119 120,-1.0,
base,active,1127375.0,1128445.0,1129536.0,0 1 4 5 6 7 8 9 28 29 30 31 45 46 47 48 82 83 84 85 86 88 93 94 95 96 98 104 105 106 111 127,41562.0,False
base,active,,1128471.0,1129371.0,99,-1.0,
base,active,1129076.0,1129076.0,1129084.0,102 115 116 117,41571.0,False
base,active,1128873.0,1129076.0,1129097.0,101,41569.0,False
base,active,,1129084.0,1129536.0,102 115 116 117,-1.0,
base,active,,1129097.0,1129536.0,101,-1.0,
base,active,,1129162.0,1129536.0,72 73 110 112,-1.0,
base,switching_off,,1129345.0,1131145.0,119 120,-2.0,
base,switching_off,,1129371.0,1131171.0,99,-2.0,
base,active,,1129473.0,1129536.0,54 87 97 100 113 118 122 125,-1.0,
base,active,,1129536.0,1129854.0,48 82 83 84 85 86 88 93,-1.0,
base,active,,1129536.0,1129864.0,94 95 96 98,-1.0,
base,active,,1129536.0,1129885.0,104 105 106 111,-1.0,
base,active,,1129536.0,1129907.0,127,-1.0,
base,active,1128506.0,1129536.0,1130114.0,0 1 4 5 6 7 8 9 28 29 30 31 45 46 47 54 72 73 87 97 100 101 102 110 112 113 115 116 117 118 122 125,41568.0,False
base,active,1129854.0,1129854.0,1130286.0,48 82 83 84 85 86 88 93,41574.0,False
base,active,1129864.0,1129864.0,1129887.0,94 95 96 98,41575.0,False
base,active,1129885.0,1129885.0,1135026.0,104 105 106 111,41576.0,False
base,active,,1129887.0,1129907.0,94 95 96,-1.0,
base,active,,1129887.0,1130041.0,98,-1.0,
base,active,1129907.0,1129907.0,1129943.0,94 95 96 127,41577.0,False
base,active,,1129943.0,1130041.0,94 95 96,-1.0,
base,active,,1129943.0,1130114.0,127,-1.0,
base,active,1130041.0,1130041.0,1130158.0,94 95 96 98,41579.0,False
base,sleeping,,1130087.0,1130316.0,90 91 92,-4.0,
base,active,,1130114.0,1130209.0,125,-1.0,
base,active,1129766.0,1130114.0,1135373.0,0 1 4 5 6 7 8 9 28 29 30 31 45 46 47 54 72 73 87 97 100 101 102 110 112 113 115 116 117 118 122 127,41572.0,False
base,sleeping,,1130135.0,1130173.0,74 75 76 77,-4.0,
base,sleeping,,1130135.0,1130244.0,78 79 80 81,-4.0,
base,sleeping,,1130143.0,1130244.0,89,-4.0,
base,active,,1130158.0,1130209.0,94 95 96 98,-1.0,
base,switching_on,,1130173.0,1132873.0,74 75 76 77,-3.0,
base,active,,1130209.0,1130353.0,108 109 114 121,-1.0,
base,active,1129789.0,1130209.0,1130706.0,2 3 16 21 22 23 26 27 32 33 34 35 36 37 38 39 40 41 42 43 44 49 50 51 52 70 71 94 95 96 98 125,41573.0,False
base,active,,1130209.0,1133016.0,107,-1.0,
base,switching_on,,1130244.0,1132944.0,78 79 80 81 89,-3.0,
base,active,,1130286.0,1130353.0,48 82 83 84,-1.0,
base,active,,1130286.0,1130706.0,85 86 88 93,-1.0,
base,switching_on,,1130316.0,1133016.0,90 91 92,-3.0,
base,active,1130353.0,1130353.0,1137200.0,48 82 83 84 108 109 114 121,41586.0,False
base,active,,1130706.0,1131566.0,96,-1.0,
base,active,,1130706.0,1131606.0,98 125,-1.0,
base,active,1129910.0,1130706.0,1133163.0,2 3 16 21 22 23 26 27 32 33 34 35 36 37 38 39 40 41 42 43 44 49 50 51 52 70 71 85 86 88 93 94,41578.0,False
base,active,,1130706.0,1134266.0,95,-1.0,
base,sleeping,,1131145.0,1131566.0,119 120,-4.0,
base,sleeping,,1131171.0,1131566.0,99,-4.0,
base,active,1131566.0,1131566.0,1131588.0,96,41593.0,False
base,switching_on,,1131566.0,1134266.0,99 119 120,-3.0,
base,active,,1131588.0,1131907.0,96,-1.0,
base,switching_off,,1131606.0,1133406.0,98 125,-2.0,
base,active,,1131907.0,1132369.0,126,-1.0,
base,active,1130316.0,1131907.0,1138788.0,10 11 12 13 14 15 17 18 19 20 24 25 53 55 56 57 58 59 60 61 62 63 64 65 66 67 68 69 96 103 123 124,41585.0,False
base,active,1132369.0,1132369.0,1132388.0,126,41595.0,False
base,active,,1132388.0,1133163.0,126,-1.0,
base,active,1130173.0,1132873.0,1132894.0,74 75 76 77,41581.0,False
base,active,,1132894.0,1133163.0,74 75 76 77,-1.0,
base,active,1130244.0,1132944.0,1132973.0,89,41583.0,False
base,active,1130226.0,1132944.0,1133120.0,78 79 80 81,41582.0,False
base,active,,1132973.0,1133163.0,89,-1.0,
base,active,1130247.0,1133016.0,1133093.0,90 91 92 107,41584.0,False
base,active,,1133093.0,1133163.0,90 91 92 107,-1.0,
base,active,,1133120.0,1133163.0,78 79 80 81,-1.0,
base,active,1132446.0,1133163.0,1133939.0,2 3 16 21 22 23 26 27 32 33 34 35 36 37 38 39 40 41 74 75 76 77 78 79 80 81 89 90 91 92 107 126,41597.0,False
base,active,,1133163.0,1133939.0,42 43 44 49 50 51 52 70 71 85 86 88 93 94,-1.0,
base,sleeping,,1133406.0,1135135.0,98 125,-4.0,
base,active,,1133939.0,1134260.0,74,-1.0,
base,active,,1133939.0,1134731.0,75,-1.0,
base,active,,1133939.0,1134839.0,76 77 78 79 80 81 89 90 91 92 107 126,-1.0,
base,active,1133346.0,1133939.0,1137551.0,2 3 16 21 22 23 26 27 32 33 34 35 36 37 38 39 40 41 42 43 44 49 50 51 52 70 71 85 86 88 93 94,41599.0,False
base,active,1134260.0,1134260.0,1134374.0,74,41605.0,False
base,active,1130903.0,1134266.0,1134341.0,95 99 119 120,41588.0,False
base,active,,1134341.0,1135009.0,95,-1.0,
base,active,,1134341.0,1137835.0,99 119 120,-1.0,
base,active,,1134374.0,1135274.0,74,-1.0,
base,active,1134731.0,1134731.0,1134753.0,75,41607.0,False
base,active,,1134753.0,1135373.0,75,-1.0,
base,switching_off,,1134839.0,1136639.0,76 77 78 79 80 81 89 90 91 92 107 126,-2.0,
base,active,1135009.0,1135009.0,1135034.0,95,41608.0,False
base,active,,1135026.0,1135373.0,104 105 106 111,-1.0,
base,active,,1135034.0,1135373.0,95,-1.0,
base,switching_on,,1135135.0,1137835.0,98 125,-3.0,
base,switching_off,,1135274.0,1137074.0,74,-2.0,
base,active,,1135373.0,1135927.0,115 116 117 118 122,-1.0,
base,active,1135066.0,1135373.0,1135968.0,0 1 4 5 6 7 8 9 28 29 30 31 45 46 47 54 72 73 75 87 95 97 100 101 102 104 105 106 110 111 112 113,41609.0,False
base,active,,1135373.0,1135968.0,127,-1.0,
base,active,1135927.0,1135927.0,1135947.0,122,41619.0,False
base,active,1135748.0,1135927.0,1140526.0,115 116 117 118,41615.0,False
base,active,,1135947.0,1135968.0,122,-1.0,
base,active,,1135968.0,1136868.0,112 113,-1.0,
base,active,1135682.0,1135968.0,1140632.0,0 1 4 5 6 7 8 9 28 29 30 31 45 46 47 54 72 73 75 87 95 97 100 101 102 104 105 106 110 111 122 127,41613.0,False
base,sleeping,,1136639.0,1136939.0,76,-4.0,
base,sleeping,,1136639.0,1136960.0,77,-4.0,
base,sleeping,,1136639.0,1137016.0,78,-4.0,
base,sleeping,,1136639.0,1137050.0,79,-4.0,
base,sleeping,,1136639.0,1152258.0,80 81,-4.0,
base,sleeping,,1136639.0,1162001.0,89 90 91,-4.0,
base,sleeping,,1136639.0,1162757.0,92,-4.0,
base,sleeping,,1136639.0,1162935.0,107,-4.0,
base,sleeping,,1136639.0,1163021.0,126,-4.0,
base,switching_off,,1136868.0,1138668.0,112 113,-2.0,
base,switching_on,,1136939.0,1139639.0,76,-3.0,
base,switching_on,,1136960.0,1139660.0,77,-3.0,
base,switching_on,,1137016.0,1139716.0,78,-3.0,
base,switching_on,,1137050.0,1139750.0,79,-3.0,
base,sleeping,,1137074.0,1152258.0,74,-4.0,
base,active,,1137200.0,1137551.0,48 82 83 84 108 109 114 121,-1.0,
base,active,,1137551.0,1138451.0,52 70 71 85 86 88 93 94,-1.0,
base,active,1137079.0,1137551.0,1139154.0,2 3 16 21 22 23 26 27 32 33 34 35 36 37 38 39 40 41 42 43 44 48 49 50 51 82 83 84 108 109 114 121,41626.0,False
base,active,1135075.0,1137835.0,1137950.0,98,41610.0,False
base,active,1135135.0,1137835.0,1138362.0,99 119 120 125,41611.0,False
base,active,,1137950.0,1138606.0,98,-1.0,
base,active,,1138362.0,1138683.0,99,-1.0,
base,active,,1138362.0,1138788.0,119 120 125,-1.0,
base,switching_off,,1138451.0,1140251.0,52 70 71 85 86 88 93 94,-2.0,
base,active,1138606.0,1138606.0,1138623.0,98,41629.0,False
base,active,,1138623.0,1138788.0,98,-1.0,
base,sleeping,,1138668.0,1162935.0,112 113,-4.0,
base,active,1138683.0,1138683.0,1138700.0,99,41630.0,False
base,active,,1138700.0,1138788.0,99,-1.0,
base,active,,1138788.0,1139648.0,69 96 103 123 124,-1.0,
base,active,1138729.0,1138788.0,1139663.0,10 11 12 13 14 15 17 18 19 20 24 25 53 55 56 57 58 59 60 61 62 63 64 65 66 67 68 98 99 119 120 125,41631.0,False
base,active,,1139154.0,1139648.0,2 3 16 21 22 23 26 27 32 33 34 35 36 37 38 39 40 41 42 43 44 48 49 50 51 82 83,-1.0,
base,active,,1139154.0,1139994.0,84 108 109 114 121,-1.0,
base,active,1136939.0,1139639.0,1139644.0,76,41622.0,False
base,active,,1139644.0,1139994.0,76,-1.0,
base,active,1139648.0,1139648.0,1142024.0,2 3 16 21 22 23 26 27 32 33 34 35 36 37 38 39 40 41 42 43 44 48 49 50 51 69 82 83 96 103 123 124,41632.0,False
base,active,1136960.0,1139660.0,1139688.0,77,41623.0,False
base,active,,1139663.0,1139994.0,10 11 12 13 14 15 17 18 19 20 24 25 53 55 56 57 58 59 60 61 62 63 64 65 66 67,-1.0,
base,active,,1139663.0,1140363.0,68 98 99 119 120 125,-1.0,
base,active,,1139688.0,1140363.0,77,-1.0,
base,active,1137016.0,1139716.0,1139733.0,78,41624.0,False
base,active,,1139733.0,1140363.0,78,-1.0,
base,active,1137050.0,1139750.0,1139849.0,79,41625.0,False
base,active,,1139849.0,1140363.0,79,-1.0,
base,active,1139994.0,1139994.0,1140006.0,10 11 12 13 14 15 17 18 19 20 24 25 53 55 56 57 58 59 60 61 62 63 64 65 66 67 76 84 108 109 114 121,41633.0,False
base,active,,1140006.0,1140363.0,10 11 12 13 14 15 17 18 19 20 24 25 53 55 56 57 58 59 60 61 62 63 64,-1.0,
base,active,,1140006.0,1140428.0,65 66 67 76,-1.0,
base,active,,1140006.0,1140707.0,84 108 109 114 121,-1.0,
base,sleeping,,1140251.0,1148023.0,52,-4.0,
base,sleeping,,1140251.0,1150679.0,70,-4.0,
base,sleeping,,1140251.0,1152258.0,71 85,-4.0,
base,sleeping,,1140251.0,1161140.0,86,-4.0,
base,sleeping,,1140251.0,1162001.0,88,-4.0,
base,sleeping,,1140251.0,1162757.0,93 94,-4.0,
base,active,1140363.0,1140363.0,1154925.0,10 11 12 13 14 15 17 18 19 20 24 25 53 55 56 57 58 59 60 61 62 63 64 68 77 78 79 98 99 119 120 125,41634.0,False
base,active,1140428.0,1140428.0,1164534.0,65 66 67 76,41635.0,False
base,active,,1140526.0,1140707.0,115 116 117 118,-1.0,
base,active,,1140632.0,1140707.0,0 1 4 5 6 7 8 9 28 29 30 31 45 46 47 54 72 73 75 87 95 97 100,-1.0,
base,active,,1140632.0,1140739.0,101 102 104 105 106 110 111 122,-1.0,
base,active,,1140632.0,1141532.0,127,-1.0,
base,active,1140707.0,1140707.0,1164529.0,0 1 4 5 6 7 8 9 28 29 30 31 45 46 47 54 72 73 75 84 87 95 97 100 108 109 114 115 116 117 118 121,41636.0,False
base,active,1140739.0,1140739.0,1164529.0,101 102 104 105 106 110 111 122,41637.0,False
base,switching_off,,1141532.0,1143332.0,127,-2.0,
base,active,,1142024.0,1142029.0,2,-1.0,
base,active,,1142024.0,1142035.0,3,-1.0,
base,active,,1142024.0,1142079.0,16 21 22 23 26 27 32 33 34 35 36 37 38 39 40 41 42 43 44 48 49 50 51 69 82 83 96 103 123 124,-1.0,
base,active,1142029.0,1142029.0,1142050.0,2,41638.0,False
base,active,1142035.0,1142035.0,1142045.0,3,41639.0,False
base,active,,1142045.0,1142079.0,3,-1.0,
base,active,,1142050.0,1142079.0,2,-1.0,
base,active,1142079.0,1142079.0,1144459.0,2 3 16 21 22 23 26 27 32 33 34 35 36 37 38 39 40 41 42 43 44 48 49 50 51 69 82 83 96 103 123 124,41640.0,False
base,sleeping,,1143332.0,1163021.0,127,-4.0,
base,active,,1144459.0,1144461.0,2,-1.0,
base,active,,1144459.0,1144465.0,3,-1.0,
base,active,,1144459.0,1144510.0,16 21 22 23 26 27 32 33 34 35 36 37 38 39 40 41 42 43 44 48 49 50 51 69 82 83 96 103 123 124,-1.0,
base,active,1144461.0,1144461.0,1144481.0,2,41641.0,False
base,active,1144465.0,1144465.0,1144473.0,3,41642.0,False
base,active,,1144473.0,1144510.0,3,-1.0,
base,active,,1144481.0,1144510.0,2,-1.0,
base,active,1144510.0,1144510.0,1146903.0,2 3 16 21 22 23 26 27 32 33 34 35 36 37 38 39 40 41 42 43 44 48 49 50 51 69 82 83 96 103 123 124,41643.0,False
base,active,,1146903.0,1146905.0,2,-1.0,
base,active,,1146903.0,1147227.0,3 16 21 22 23 26 27 32 33 34 35 36 37 38 39 40 41 42 43 44 48 49 50 51 69 82 83 96 103 123 124,-1.0,
base,active,1146905.0,1146905.0,1146931.0,2,41644.0,False
base,active,,1146931.0,1147227.0,2,-1.0,
base,active,1147227.0,1147227.0,1149558.0,2 3 16 21 22 23 26 27 32 33 34 35 36 37 38 39 40 41 42 43 44 48 49 50 51 69 82 83 96 103 123 124,41645.0,False
base,switching_on,,1148023.0,1150723.0,52,-3.0,
base,active,,1149558.0,1149560.0,2,-1.0,
base,active,,1149558.0,1150458.0,3 16 21 22 23 26 27 32 33 34 35 36 37 38 39 40 41 42 43 44 48 49 50 51 69 82 83 96 103 123 124,-1.0,
base,active,1149560.0,1149560.0,1149585.0,2,41647.0,False
base,active,,1149585.0,1150485.0,2,-1.0,
base,switching_off,,1150458.0,1152258.0,3 16 21 22 23 26 27 32 33 34 35 36 37 38 39 40 41 42 43 44 48 49 50 51 69 82 83 96 103 123 124,-2.0,
base,switching_off,,1150485.0,1152285.0,2,-2.0,
base,switching_on,,1150679.0,1153379.0,70,-3.0,
base,active,1148023.0,1150723.0,1150740.0,52,41646.0,False
base,active,,1150740.0,1151640.0,52,-1.0,
base,switching_off,,1151640.0,1153440.0,52,-2.0,
base,switching_on,,1152258.0,1154958.0,3 16 21 22 23 26 27 32 33 34 35 36 37 38 39 40 41 42 43 44 48 49 50 51 69 71 74 80 81 82 83 85,-3.0,
base,sleeping,,1152258.0,1162757.0,96,-4.0,
base,sleeping,,1152258.0,1162935.0,103,-4.0,
base,sleeping,,1152258.0,1163021.0,123 124,-4.0,
base,sleeping,,1152285.0,1161140.0,2,-4.0,
base,active,1150679.0,1153379.0,1153388.0,70,41648.0,False
base,active,,1153388.0,1154288.0,70,-1.0,
base,sleeping,,1153440.0,1161140.0,52,-4.0,
base,switching_off,,1154288.0,1156088.0,70,-2.0,
base,active,,1154925.0,1155792.0,10 11 12 13 14 15 17 18 19 20 24 25 53 55 56 57 58 59 60 61 62 63 64 68 77 78 79 98 99 119 120 125,-1.0,
base,active,1150790.0,1154958.0,1155792.0,3 16 21 22 23 26 27 32 33 34 35 36 37 38 39 40 41 42 43 44 48 49 50 51 69 71 74 80 81 82 83 85,41649.0,False
base,active,1154931.0,1155792.0,1165388.0,3 10 11 12 13 14 15 16 17 18 19 20 21 22 23 24 25 26 27 32 33 34 35 36 37 38 39 40 41 42 43 44 48 49 50 51 53 55 56 57 58 59 60 61 62 63 64 68 69 71 74 77 78 79 80 81 82 83 85 98 99 119 120 125,41650.0,False
base,sleeping,,1156088.0,1161140.0,70,-4.0,
base,switching_on,,1161140.0,1163840.0,2 52 70 86,-3.0,
base,switching_on,,1162001.0,1164701.0,88 89 90 91,-3.0,
base,switching_on,,1162757.0,1165457.0,92 93 94 96,-3.0,
base,switching_on,,1162935.0,1165635.0,103 107 112 113,-3.0,
base,switching_on,,1163021.0,1165721.0,123 124 126 127,-3.0,
base,active,1161140.0,1163840.0,1164015.0,2 52 70 86,41651.0,False
base,active,1163198.0,1164015.0,1164037.0,2 52,41656.0,False
base,active,,1164015.0,1164915.0,70 86,-1.0,
base,active,,1164037.0,1164937.0,2 52,-1.0,
base,active,,1164529.0,1165388.0,0 1 4 5 6 7 8 9 28 29 30 31 45 46 47 54 72 73 75 84 87 95 97 100 101 102 104 105 106 108 109 110 111 114 115 116 117 118 121 122,-1.0,
base,active,,1164534.0,1165388.0,65 66 67 76,-1.0,
base,active,1162001.0,1164701.0,1165139.0,88 89 90 91,41652.0,False
base,switching_off,,1164915.0,1166715.0,70 86,-2.0,
base,switching_off,,1164937.0,1166737.0,2 52,-2.0,
base,active,,1165139.0,1165388.0,88 89 90 91,-1.0,
base,active,,1165388.0,1166288.0,25 26 27 32 33 34 35 36 37 38 39 40 41 42 43 44 48 49 50 51 53 55 56 57 58 59 60 61 62 63 64 68 69 71 74 77 78 79 80 81 82 83 85 98 99 119 120 125,-1.0,
base,active,1164538.0,1165388.0,1170525.0,0 1 3 4 5 6 7 8 9 10 11 12 13 14 15 16 17 18 19 20 21 22 23 24 28 29 30 31 45 46 47 54 65 66 67 72 73 75 76 84 87 88 89 90 91 95 97 100 101 102 104 105 106 108 109 110 111 114 115 116 117 118 121 122,41657.0,False
base,active,1162757.0,1165457.0,1165595.0,92 93 94 96,41653.0,False
base,active,,1165595.0,1166495.0,92 93 94 96,-1.0,
base,active,1162935.0,1165635.0,1165660.0,103 107 112 113,41654.0,False
base,active,,1165660.0,1166560.0,103 107 112 113,-1.0,
base,active,1163021.0,1165721.0,1165744.0,123 124 126 127,41655.0,False
base,active,,1165744.0,1166644.0,123 124 126 127,-1.0,
base,switching_off,,1166288.0,1168088.0,25 26 27 32 33 34 35 36 37 38 39 40 41 42 43 44 48 49 50 51 53 55 56 57 58 59 60 61 62 63 64 68 69 71 74 77 78 79 80 81 82 83 85 98 99 119 120 125,-2.0,
base,switching_off,,1166495.0,1168295.0,92 93 94 96,-2.0,
base,switching_off,,1166560.0,1168360.0,103 107 112 113,-2.0,
base,switching_off,,1166644.0,1168444.0,123 124 126 127,-2.0,
base,sleeping,,1166715.0,1683107.0,70 86,-4.0,
base,sleeping,,1166737.0,1682786.0,2 52,-4.0,
base,sleeping,,1168088.0,1682786.0,25 26 27 32 33 34 35 36 37 38 39 40 41 42 43 44 48 49 50 51 53 55 56 57 58 59 60 61 62 63,-4.0,
base,sleeping,,1168088.0,1683107.0,64 68 69 71 74 77 78 79 80 81 82 83 85 98 99 119 120 125,-4.0,
base,sleeping,,1168295.0,1683107.0,92 93 94 96,-4.0,
base,sleeping,,1168360.0,1683107.0,103 107 112 113,-4.0,
base,sleeping,,1168444.0,1683107.0,123 124 126 127,-4.0,
base,active,,1170525.0,1171425.0,0 1 3 4 5 6 7 8 9 10 11 12 13 14 15 16 17 18 19 20 21 22 23 24 28 29 30 31 45 46 47 54 65 66 67 72 73 75 76 84 87 88 89 90 91 95 97 100 101 102 104 105 106 108 109 110 111 114 115 116 117 118 121 122,-1.0,
base,switching_off,,1171425.0,1173225.0,0 1 3 4 5 6 7 8 9 10 11 12 13 14 15 16 17 18 19 20 21 22 23 24 28 29 30 31 45 46 47 54 65 66 67 72 73 75 76 84 87 88 89 90 91 95 97 100 101 102 104 105 106 108 109 110 111 114 115 116 117 118 121 122,-2.0,
base,sleeping,,1173225.0,1682786.0,0 1 3 4 5 6 7 8 9 10 11 12 13 14 15 16 17 18 19 20 21 22 23 24 28 29 30 31 45 46 47 54,-4.0,
base,sleeping,,1173225.0,1683107.0,65 66 67 72 73 75 76 84 87 88 89 90 91 95 97 100 101 102 104 105 106 108 109 110 111 114 115 116 117 118 121 122,-4.0,
base,switching_on,,1682786.0,1685486.0,0 1 2 3 4 5 6 7 8 9 10 11 12 13 14 15 16 17 18 19 20 21 22 23 24 25 26 27 28 29 30 31 32 33 34 35 36 37 38 39 40 41 42 43 44 45 46 47 48 49 50 51 52 53 54 55 56 57 58 59 60 61 62 63,-3.0,
base,switching_on,,1683107.0,1685807.0,64 65 66 67 68 69 70 71 72 73 74 75 76 77 78 79 80 81 82 83 84 85 86 87 88 89 90 91 92 93 94 95 96 97 98 99 100 101 102 103 104 105 106 107 108 109 110 111 112 113 114 115 116 117 118 119 120 121 122 123 124 125 126 127,-3.0,
base,active,1682786.0,1685486.0,1685792.0,0 1 2 3 4 5 6 7 8 9 10 11 12 13 14 15 16 17 18 19 20 21 22 23 24 25 26 27 28 29 30 31 32 33 34 35 36 37 38 39 40 41 42 43 44 45 46 47 48 49 50 51 52 53 54 55 56 57 58 59 60 61 62 63,41679.0,False
base,active,,1685792.0,1686692.0,0 1 2 3 4 5 6 7 8 9 10 11 12 13 14 15 16 17 18 19 20 21 22 23 24 25 26 27 28 29 30 31 32 33 34 35 36 37 38 39 40 41 42 43 44 45 46 47 48 49 50 51 52 53 54 55 56 57 58 59 60 61 62 63,-1.0,
base,active,1683107.0,1685807.0,1695376.0,64 65 66 67 68 69 70 71 72 73 74 75 76 77 78 79 80 81 82 83 84 85 86 87 88 89 90 91 92 93 94 95 96 97 98 99 100 101 102 103 104 105 106 107 108 109 110 111 112 113 114 115 116 117 118 119 120 121 122 123 124 125 126 127,41680.0,False
base,switching_off,,1686692.0,1688492.0,0 1 2 3 4 5 6 7 8 9 10 11 12 13 14 15 16 17 18 19 20 21 22 23 24 25 26 27 28 29 30 31 32 33 34 35 36 37 38 39 40 41 42 43 44 45 46 47 48 49 50 51 52 53 54 55 56 57 58 59 60 61 62 63,-2.0,
base,sleeping,,1688492.0,1690717.0,0 1 2 3 4 5 6 7,-4.0,
base,sleeping,,1688492.0,1694718.0,8 9 10 11 12 13 14 15 16 17 18 19 20 21 22 23 24 25 26 27 28 29 30 31 32 33 34 35 36 37 38 39 40 41 42 43 44 45 46 47 48 49 50 51 52 53 54 55 56 57 58 59 60 61 62 63,-4.0,
base,switching_on,,1690717.0,1693417.0,0 1 2 3 4 5 6 7,-3.0,
base,active,1690717.0,1693417.0,1694718.0,0 1 2 3 4 5 6 7,41702.0,False
base,active,,1694718.0,1697418.0,0 1 2 3 4 5 6 7,-1.0,
base,switching_on,,1694718.0,1697418.0,8 9 10 11 12 13 14 15 16 17 18 19 20 21 22 23 24 25 26 27 28 29 30 31 32 33 34 35 36 37 38 39 40 41 42 43 44 45 46 47 48 49 50 51 52 53 54 55 56 57 58 59 60 61 62 63,-3.0,
base,active,,1695376.0,1696276.0,64 65 66 67 68 69 70 71 72 73 74 75 76 77 78 79 80 81 82 83 84 85 86 87 88 89 90 91 92 93 94 95 96 97 98 99 100 101 102 103 104 105 106 107 108 109 110 111 112 113 114 115 116 117 118 119 120 121 122 123 124 125 126 127,-1.0,
base,switching_off,,1696276.0,1698076.0,64 65 66 67 68 69 70 71 72 73 74 75 76 77 78 79 80 81 82 83 84 85 86 87 88 89 90 91 92 93 94 95 96 97 98 99 100 101 102 103 104 105 106 107 108 109 110 111 112 113 114 115 116 117 118 119 120 121 122 123 124 125 126 127,-2.0,
base,active,1692675.0,1697418.0,1707071.0,0 1 2 3 4 5 6 7 8 9 10 11 12 13 14 15 16 17 18 19 20 21 22 23 24 25 26 27 28 29 30 31 32 33 34 35 36 37 38 39 40 41 42 43 44 45 46 47 48 49 50 51 52 53 54 55 56 57 58 59 60 61 62 63,41709.0,False
base,sleeping,,1698076.0,1709237.0,64 65 66 67 68 69 70 71 72 73 74 75 76 77 78 79 80 81 82 83 84 85 86 87 88 89 90 91 92 93 94 95,-4.0,
base,sleeping,,1698076.0,1718127.0,96,-4.0,
base,sleeping,,1698076.0,1718745.0,97 98 99 100 101 102 103,-4.0,
base,sleeping,,1698076.0,1720656.0,104 105 106 107 108 109 110 111 112 113 114 115 116 117 118 119 120 121 122 123 124 125 126 127,-4.0,
base,active,,1707071.0,1707971.0,0 1 2 3 4 5 6 7 8 9 10 11 12 13 14 15 16 17 18 19 20 21 22 23 24 25 26 27 28 29 30 31 32 33 34 35 36 37 38 39 40 41 42 43 44 45 46 47 48 49 50 51 52 53 54 55 56 57 58 59 60 61 62 63,-1.0,
base,switching_off,,1707971.0,1709771.0,0 1 2 3 4 5 6 7 8 9 10 11 12 13 14 15 16 17 18 19 20 21 22 23 24 25 26 27 28 29 30 31 32 33 34 35 36 37 38 39 40 41 42 43 44 45 46 47 48 49 50 51 52 53 54 55 56 57 58 59 60 61 62 63,-2.0,
base,switching_on,,1709237.0,1711937.0,64 65 66 67 68 69 70 71 72 73 74 75 76 77 78 79 80 81 82 83 84 85 86 87 88 89 90 91 92 93 94 95,-3.0,
base,sleeping,,1709771.0,1712272.0,0,-4.0,
base,sleeping,,1709771.0,1712887.0,1,-4.0,
base,sleeping,,1709771.0,1713050.0,2 3 4 5 6 7 8 9,-4.0,
base,sleeping,,1709771.0,1714067.0,10 11 12 13 14 15 16 17,-4.0,
base,sleeping,,1709771.0,1715030.0,18 19 20 21 22 23 24 25,-4.0,
base,sleeping,,1709771.0,1717909.0,26 27 28 29 30 31 32 33 34 35 36 37 38 39 40 41 42 43 44 45 46 47 48 49 50 51 52 53 54 55 56,-4.0,
base,sleeping,,1709771.0,1718127.0,57 58 59 60 61 62 63,-4.0,
base,active,1709237.0,1711937.0,1720787.0,64 65 66 67 68 69 70 71 72 73 74 75 76 77 78 79 80 81 82 83 84 85 86 87 88 89 90 91 92 93 94 95,41770.0,False
base,switching_on,,1712272.0,1714972.0,0,-3.0,
base,switching_on,,1712887.0,1715587.0,1,-3.0,
base,switching_on,,1713050.0,1715750.0,2 3 4 5 6 7 8 9,-3.0,
base,switching_on,,1714067.0,1716767.0,10 11 12 13 14 15 16 17,-3.0,
base,active,1712272.0,1714972.0,1714975.0,0,41780.0,False
base,active,,1714975.0,1715875.0,0,-1.0,
base,switching_on,,1715030.0,1717730.0,18 19 20 21 22 23 24 25,-3.0,
base,active,1712887.0,1715587.0,1715604.0,1,41786.0,False
base,active,,1715604.0,1716148.0,1,-1.0,
base,active,1713050.0,1715750.0,1715818.0,2 3 4 5 6 7 8 9,41787.0,False
base,active,,1715818.0,1716148.0,2 3 4 5 6 7 8,-1.0,
base,active,,1715818.0,1716718.0,9,-1.0,
base,switching_off,,1715875.0,1717675.0,0,-2.0,
base,active,1716148.0,1716148.0,1716231.0,1 2 3 4 5 6 7 8,41799.0,False
base,active,,1716231.0,1717131.0,1 2 3 4 5 6 7 8,-1.0,
base,switching_off,,1716718.0,1718518.0,9,-2.0,
base,active,1714067.0,1716767.0,1716837.0,10 11 12 13 14 15 16 17,41790.0,False
base,active,,1716837.0,1717737.0,10 11 12 13 14 15 16 17,-1.0,
base,switching_off,,1717131.0,1718931.0,1 2 3 4 5 6 7 8,-2.0,
base,sleeping,,1717675.0,1717909.0,0,-4.0,
base,active,1715030.0,1717730.0,1717782.0,18 19 20 21 22 23 24 25,41796.0,False
base,switching_off,,1717737.0,1719537.0,10 11 12 13 14 15 16 17,-2.0,
base,active,,1717782.0,1717936.0,18 19 20 21 22 23 24 25,-1.0,
base,switching_on,,1717909.0,1720609.0,0 26 27 28 29 30 31 32 33 34 35 36 37 38 39 40 41 42 43 44 45 46 47 48 49 50 51 52 53 54 55 56,-3.0,
base,active,1717936.0,1717936.0,1717957.0,18 19 20 21 22 23 24 25,41804.0,False
base,active,,1717957.0,1718857.0,18 19 20 21 22 23 24 25,-1.0,
base,switching_on,,1718127.0,1720827.0,57 58 59 60 61 62 63 96,-3.0,
base,sleeping,,1718518.0,1718745.0,9,-4.0,
base,switching_on,,1718745.0,1721445.0,9 97 98 99 100 101 102 103,-3.0,
base,switching_off,,1718857.0,1720657.0,18 19 20 21 22 23 24 25,-2.0,
base,sleeping,,1718931.0,1720656.0,1 2 3 4 5 6 7 8,-4.0,
base,sleeping,,1719537.0,1720656.0,10 11 12 13 14 15 16 17,-4.0,
base,active,1717909.0,1720609.0,1720656.0,0 26 27 28 29 30 31 32 33 34 35 36 37 38 39 40 41 42 43 44 45 46 47 48 49 50 51 52 53 54 55 56,41803.0,False
base,active,1720423.0,1720656.0,1720678.0,56,41823.0,False
base,active,,1720656.0,1720787.0,49 50 51 52 53 54 55,-1.0,
base,active,,1720656.0,1723356.0,0 26 27 28 29 30 31 32 33 34 35 36 37 38 39 40 41 42 43 44 45 46 47 48,-1.0,
base,switching_on,,1720656.0,1723356.0,1 2 3 4 5 6 7 8 10 11 12 13 14 15 16 17 104 105 106 107 108 109 110 111 112 113 114 115 116 117 118 119 120 121 122 123 124 125 126 127,-3.0,
base,sleeping,,1720657.0,1726187.0,18,-4.0,
base,sleeping,,1720657.0,1726595.0,19 20 21 22 23 24 25,-4.0,
base,active,,1720678.0,1720787.0,56,-1.0,
base,active,1718013.0,1720787.0,1720821.0,49 50 51 52 53 54 55 56 64 65 66 67 68 69 70 71 72 73 74 75 76 77 78 79 80 81 82 83 84 85 86 87,41806.0,False
base,active,,1720787.0,1720821.0,88 89 90 91 92 93 94 95,-1.0,
base,active,,1720821.0,1721169.0,87,-1.0,
base,active,,1720821.0,1721721.0,80 81 82 83 84 85 86,-1.0,
base,active,1718095.0,1720821.0,1744812.0,49 50 51 52 53 54 55 56 64 65 66 67 68 69 70 71 72 73 74 75 76 77 78 79 88 89 90 91 92 93 94 95,41807.0,False
base,active,1718127.0,1720827.0,1744786.0,57 58 59 60 61 62 63 96,41808.0,False
base,active,1721049.0,1721169.0,1721182.0,87,41825.0,False
base,active,,1721182.0,1722082.0,87,-1.0,
base,active,1718745.0,1721445.0,1721506.0,9 97 98 99 100 101 102 103,41815.0,False
base,active,,1721506.0,1722162.0,9 97 98 99 100 101 102 103,-1.0,
base,switching_off,,1721721.0,1723521.0,80 81 82 83 84 85 86,-2.0,
base,switching_off,,1722082.0,1723882.0,87,-2.0,
base,active,1722162.0,1722162.0,1722221.0,9 97 98 99 100 101 102 103,41832.0,False
base,active,,1722221.0,1722831.0,9 97 98 99 100 101 102 103,-1.0,
base,active,1722831.0,1722831.0,1722869.0,9 97 98 99 100 101 102 103,41837.0,False
base,active,,1722869.0,1723331.0,9 97 98 99 100 101 102 103,-1.0,
base,active,1723331.0,1723331.0,1723355.0,9 97 98 99 100 101 102 103,41838.0,False
base,active,,1723355.0,1723457.0,9 97 98 99 100 101 102 103,-1.0,
base,active,1718002.0,1723356.0,1723457.0,0 1 2 3 4 5 6 7 8 10 11 12 13 14 15 16 17 26 27 28 29 30 31 32 33 34 35 36 37 38 39 40 41 42 43 44 45 46 47 48 104 105 106 107 108 109 110 111 112 113 114 115 116 117 118 119 120 121 122 123 124 125 126 127,41805.0,False
base,active,1718682.0,1723457.0,1723481.0,0 1 2 3 4 5 6 7 8 9 10 11 12 13 14 15 16 17 26 27 28 29 30 31 32 33 34 35 36 37 38 39 40 41 42 43 44 45 46 47 48 97 98 99 100 101 102 103 104 105 106 107 108 109 110 111 112 113 114 115 116 117 118 119,41814.0,False
base,active,,1723457.0,1723481.0,120 121 122 123 124 125 126 127,-1.0,
base,active,1721169.0,1723481.0,1723670.0,0 1 2 3 4 5 6 7 8 9 10 11 12 13 14 15 16 17 26 27 28 29 30 31 120 121 122 123 124 125 126 127,41826.0,False
base,active,,1723481.0,1723670.0,112 113 114 115 116 117 118 119,-1.0,
base,active,1721463.0,1723481.0,1728245.0,32 33 34 35 36 37 38 39 40 41 42 43 44 45 46 47 48 97 98 99 100 101 102 103 104 105 106 107 108 109 110 111,41827.0,False
base,sleeping,,1723521.0,1726595.0,80 81 82 83,-4.0,
base,sleeping,,1723521.0,1726646.0,84 85 86,-4.0,
base,active,1722662.0,1723670.0,1723895.0,0 1 2 3 4 5 6 7 8 9 10 11 12 13 14 15 16 17 26 27 28 29 30 31 112 113 114 115 116 117 118 119,41835.0,False
base,active,,1723670.0,1724570.0,120 121 122 123 124 125 126 127,-1.0,
base,sleeping,,1723882.0,1726646.0,87,-4.0,
base,active,,1723895.0,1724795.0,0 1 2 3 4 5 6 7 8 9 10 11 12 13 14 15 16 17 26 27 28 29 30 31 112 113 114 115 116 117 118 119,-1.0,
base,switching_off,,1724570.0,1726370.0,120 121 122 123 124 125 126 127,-2.0,
base,switching_off,,1724795.0,1726595.0,0 1 2 3 4 5 6 7 8 9 10 11 12 13 14 15 16 17 26 27 28 29 30 31 112 113 114 115 116 117 118 119,-2.0,
base,switching_on,,1726187.0,1728887.0,18,-3.0,
base,sleeping,,1726370.0,1728903.0,120 121 122 123,-4.0,
base,sleeping,,1726370.0,1729352.0,124 125 126 127,-4.0,
base,sleeping,,1726595.0,1728245.0,112 113 114 115 116 117 118 119,-4.0,
base,switching_on,,1726595.0,1729295.0,0 1 2 3 4 5 6 7 8 9 10 11 12 13 14 15 16 17 19 20 21 22 23 24 25 26 27 28 29 30 31 80 81 82 83,-3.0,
base,switching_on,,1726646.0,1729346.0,84 85 86 87,-3.0,
base,active,1726738.0,1728245.0,1729262.0,32 33 34 35 36 37 38 39 40 41 42 43 44 45 46 47 48 97 98 99 100 101 102 103 104 105 106 107 108 109 110 111,41858.0,False
base,switching_on,,1728245.0,1730945.0,112 113 114 115 116 117 118 119,-3.0,
base,active,1726187.0,1728887.0,1728903.0,18,41852.0,False
base,active,,1728903.0,1729262.0,18,-1.0,
base,switching_on,,1728903.0,1731603.0,120 121 122 123,-3.0,
base,active,1727463.0,1729262.0,1729291.0,106 107,41866.0,False
base,active,1728753.0,1729262.0,1729294.0,48 97,41874.0,False
base,active,1727366.0,1729262.0,1729296.0,108 109 110 111,41864.0,False
base,active,1727616.0,1729262.0,1729342.0,98 99 100 101 102 103 104 105,41870.0,False
base,active,1726884.0,1729262.0,1729352.0,18 32 33 34 35 36 37 38 39 40 41 42 43 44 45 46,41860.0,False
base,active,,1729262.0,1729352.0,47,-1.0,
base,active,,1729291.0,1729352.0,106 107,-1.0,
base,active,,1729294.0,1729352.0,48 97,-1.0,
base,active,1726571.0,1729295.0,1729358.0,82 83,41856.0,False
base,active,1726463.0,1729295.0,1729375.0,81,41854.0,False
base,active,1726391.0,1729295.0,1729559.0,0 1 2 3 4 5 6 7 8 9 10 11 12 13 14 15 16 17 19 20 21 22 23 24 25 26 27 28 29 30 31 80,41853.0,False
base,active,,1729296.0,1729352.0,108 109 110 111,-1.0,
base,active,,1729342.0,1729352.0,98 99 100 101 102 103 104 105,-1.0,
base,active,1726646.0,1729346.0,1729451.0,84 85 86 87,41857.0,False
base,active,,1729352.0,1729375.0,46,-1.0,
base,active,1726990.0,1729352.0,1729462.0,18 32 33 34 35 36 37 38 39 40 41 42 43 44 45 47 48 97 98 99 100 101 102 103 104 105 106 107 108 109 110 111,41861.0,False
base,switching_on,,1729352.0,1732052.0,124 125 126 127,-3.0,
base,active,,1729358.0,1729375.0,82 83,-1.0,
base,active,1727505.0,1729375.0,1729471.0,46 81 82 83,41867.0,False
base,active,1728795.0,1729451.0,1729540.0,84 85 86 87,41875.0,False
base,active,1728896.0,1729462.0,1729538.0,104 105 106 107 108 109 110 111,41876.0,False
base,active,1727714.0,1729462.0,1729549.0,39 40 41 42 43 44 45 47 48 97 98 99 100 101 102 103,41871.0,False
base,active,1727536.0,1729462.0,1729580.0,18 32 33 34 35 36 37 38,41868.0,False
base,active,,1729471.0,1729549.0,46 81 82 83,-1.0,
base,active,,1729538.0,1729549.0,104 105 106 107 108 109 110 111,-1.0,
base,active,,1729540.0,1729549.0,84 85 86 87,-1.0,
base,active,1727812.0,1729549.0,1729664.0,39 40 41 42 43 44 45 46 47 48 81 82 83 84 85 86 87 97 98 99 100 101 102 103 104 105 106 107 108 109 110 111,41872.0,False
base,active,,1729559.0,1729664.0,16 17 19 20 21 22 23 24 25 26 27 28 29 30 31 80,-1.0,
base,active,1728991.0,1729559.0,1729667.0,0 1 2 3 4 5 6 7 8 9 10 11 12 13 14 15,41877.0,False
base,active,,1729580.0,1729664.0,18 32 33 34 35 36 37 38,-1.0,
base,active,,1729664.0,1729667.0,47 48 81 82 83 84 85 86 87 97 98 99 100 101 102 103 104 105 106 107 108 109 110 111,-1.0,
base,active,1729113.0,1729664.0,1729796.0,16 17 18 19 20 21 22 23 24 25 26 27 28 29 30 31 32 33 34 35 36 37 38 39 40 41 42 43 44 45 46 80,41878.0,False
base,active,,1729667.0,1729796.0,8 9 10 11 12 13 14 15,-1.0,
base,active,1729234.0,1729667.0,1730036.0,0 1 2 3 4 5 6 7 47 48 81 82 83 84 85 86 87 97 98 99 100 101 102 103 104 105 106 107 108 109 110 111,41879.0,False
base,active,1729746.0,1729796.0,1729903.0,40 41 42 43,41881.0,False
base,active,,1729796.0,1729903.0,44 45 46 80,-1.0,
base,active,1729645.0,1729796.0,1730199.0,8 9 10 11 12 13 14 15 16 17 18 19 20 21 22 23 24 25 26 27 28 29 30 31 32 33 34 35 36 37 38 39,41880.0,False
base,active,1729859.0,1729903.0,1729994.0,40 41 42 43 44 45 46 80,41882.0,False
base,active,,1729994.0,1730036.0,40 41 42 43 44 45 46 80,-1.0,
base,active,1730030.0,1730036.0,1730255.0,0 1 2 3 4 5 6 7 40 41 42 43 44 45 46 47 48 80 81 82 83 84 85 86 87 97 98 99 100 101 102 103,41883.0,False
base,active,,1730036.0,1730255.0,104 105 106 107 108 109 110 111,-1.0,
base,active,,1730199.0,1730255.0,8 9 10 11 12 13 14 15 16 17 18 19 20 21 22 23 24 25 26 27 28 29 30 31 32 33 34 35 36 37 38 39,-1.0,
base,active,1730255.0,1730255.0,1730417.0,0 1 2 3 4 5 6 7 8 9 10 11 12 13 14 15 16 17 18 19 20 21 22 23 24 25 26 27 28 29 30 31 32 33 34 35 36 37 38 39 40 41 42 43 44 45 46 47 48 80 81 82 83 84 85 86 104 105 106 107 108 109 110 111,41884.0,False
base,active,,1730255.0,1730488.0,87 97 98 99 100 101 102 103,-1.0,
base,active,,1730417.0,1730488.0,0 1 2 3 4 5 6 7,-1.0,
base,active,,1730417.0,1730505.0,8 9 10 11 12 13 14 15,-1.0,
base,active,,1730417.0,1730839.0,16,-1.0,
base,active,,1730417.0,1730848.0,17 18 19 20 21 22 23 24 25 26 27 28 29 30 31 32 33 34 35 36 37 38 39 40 41 42 43 44 45 46 47 48,-1.0,
base,active,,1730417.0,1730908.0,80 81,-1.0,
base,active,,1730417.0,1730998.0,82 83 84 85,-1.0,
base,active,,1730417.0,1731152.0,86 104 105 106 107 108 109 110,-1.0,
base,active,,1730417.0,1731244.0,111,-1.0,
base,active,1730488.0,1730488.0,1730666.0,0 1 2 3 4 5 6 7 87 97 98 99 100 101 102 103,41885.0,False
base,active,1730505.0,1730505.0,1730851.0,8 9 10 11 12 13 14 15,41886.0,False
base,active,,1730666.0,1731244.0,0 1 2 3 4 5 6 7 87 97 98 99 100 101 102,-1.0,
base,active,,1730666.0,1731251.0,103,-1.0,
base,active,1730839.0,1730839.0,1730893.0,16,41887.0,False
base,active,1730848.0,1730848.0,1731203.0,17 18 19 20 21 22 23 24 25 26 27 28 29 30 31 32 33 34 35 36 37 38 39 40 41 42 43 44 45 46 47 48,41888.0,False
base,active,,1730851.0,1731251.0,8 9 10 11 12 13 14 15,-1.0,
base,active,,1730893.0,1731251.0,16,-1.0,
base,active,1730908.0,1730908.0,1730971.0,80 81,41889.0,False
base,active,1726763.0,1730945.0,1731055.0,112 113 114 115 116 117 118 119,41859.0,False
base,active,,1730971.0,1731251.0,80 81,-1.0,
base,active,1730998.0,1730998.0,1731130.0,82 83 84 85,41890.0,False
base,active,,1731055.0,1731251.0,112 113 114 115 116 117 118 119,-1.0,
base,active,,1731130.0,1731251.0,82 83 84 85,-1.0,
base,active,1731152.0,1731152.0,1731235.0,86 104 105 106 107 108 109 110,41891.0,False
base,active,,1731203.0,1731251.0,17 18 19 20 21 22 23 24,-1.0,
base,active,,1731203.0,1731353.0,25 26 27 28 29 30 31 32 33 34 35 36 37 38 39 40 41 42 43 44 45 46 47 48,-1.0,
base,active,,1731235.0,1731353.0,86 104 105 106 107 108 109 110,-1.0,
base,active,1731244.0,1731244.0,1731336.0,0 1 2 3 4 5 6 7 87 97 98 99 100 101 102 111,41892.0,False
base,active,1731251.0,1731251.0,1731677.0,8 9 10 11 12 13 14 15 16 17 18 19 20 21 22 23 24 80 81 82 83 84 85 103 112 113 114 115 116 117 118 119,41893.0,False
base,active,,1731336.0,1731771.0,0 1 2 3,-1.0,
base,active,,1731336.0,1731982.0,4 5 6 7 87 97 98 99 100 101 102 111,-1.0,
base,active,1731353.0,1731353.0,1731458.0,25 26 27 28 29 30 31 32 33 34 35 36 37 38 39 40 41 42 43 44 45 46 47 48 86 104 105 106 107 108 109 110,41894.0,False
base,active,,1731458.0,1731982.0,25 26 27 28 29 30 31 32 33 34 35 36 37 38 39 40 41 42 43 44,-1.0,
base,active,,1731458.0,1732025.0,45 46 47 48,-1.0,
base,active,,1731458.0,1732172.0,86 104 105 106 107 108 109 110,-1.0,
base,active,1727285.0,1731603.0,1731612.0,120,41862.0,False
base,active,1727546.0,1731603.0,1731615.0,122,41869.0,False
base,active,1728714.0,1731603.0,1731629.0,123,41873.0,False
base,active,1727420.0,1731603.0,1731630.0,121,41865.0,False
base,active,,1731612.0,1732387.0,120,-1.0,
base,active,,1731615.0,1732435.0,122,-1.0,
base,active,,1731629.0,1732435.0,123,-1.0,
base,active,,1731630.0,1732473.0,121,-1.0,
base,active,,1731677.0,1732473.0,8 9 10,-1.0,
base,active,,1731677.0,1732552.0,11,-1.0,
base,active,,1731677.0,1732571.0,12,-1.0,
base,active,,1731677.0,1732577.0,13 14 15 16 17 18 19 20 21 22 23 24 80 81 82 83 84 85 103 112 113 114 115 116 117 118 119,-1.0,
base,active,1731771.0,1731771.0,1731799.0,0 1 2 3,41895.0,False
base,active,,1731799.0,1732582.0,0 1 2 3,-1.0,
base,active,1731982.0,1731982.0,1732550.0,4 5 6 7 25 26 27 28 29 30 31 32 33 34 35 36 37 38 39 40 41 42 43 44 87 97 98 99 100 101 102 111,41896.0,False
base,active,1732025.0,1732025.0,1732160.0,45 46 47 48,41897.0,False
base,active,1727303.0,1732052.0,1732171.0,124 125 126 127,41863.0,False
base,active,,1732160.0,1732582.0,45 46 47 48,-1.0,
base,active,,1732171.0,1732643.0,124 125 126 127,-1.0,
base,active,1732172.0,1732172.0,1732398.0,86 104 105 106 107 108 109 110,41898.0,False
base,active,1732387.0,1732387.0,1732415.0,120,41899.0,False
base,active,,1732398.0,1732643.0,86 104 105 106 107 108 109 110,-1.0,
base,active,,1732415.0,1732643.0,120,-1.0,
base,active,1732435.0,1732435.0,1732462.0,122 123,41900.0,False
base,active,,1732462.0,1732643.0,122 123,-1.0,
base,active,1732473.0,1732473.0,1732567.0,8 9 10 121,41901.0,False
base,active,,1732550.0,1732643.0,4 5 6 7 25 26 27 28 29 30 31 32 33 34 35 36 37,-1.0,
base,active,,1732550.0,1732684.0,38 39 40 41 42 43 44 87 97 98 99 100 101 102 111,-1.0,
base,active,1732552.0,1732552.0,1732568.0,11,41902.0,False
base,active,,1732567.0,1732684.0,8,-1.0,
base,active,,1732567.0,1733391.0,9 10,-1.0,
base,active,,1732567.0,1733395.0,121,-1.0,
base,active,,1732568.0,1733391.0,11,-1.0,
base,active,1732571.0,1732571.0,1732584.0,12,41903.0,False
base,switching_off,,1732577.0,1734377.0,13 14 15 16 17 18 19 20 21 22 23 24 80 81 82 83 84 85 103 112 113 114 115 116 117 118 119,-2.0,
base,active,1732582.0,1732582.0,1732671.0,0 1 2 3 45 46 47 48,41904.0,False
base,active,,1732584.0,1733391.0,12,-1.0,
base,active,1732643.0,1732643.0,1739508.0,4 5 6 7 25 26 27 28 29 30 31 32 33 34 35 36 37 86 104 105 106 107 108 109 110 120 122 123 124 125 126 127,41905.0,False
base,active,,1732671.0,1733391.0,0 1 2 3,-1.0,
base,active,,1732671.0,1733466.0,45 46,-1.0,
base,active,,1732671.0,1733549.0,47,-1.0,
base,active,,1732671.0,1733571.0,48,-1.0,
base,active,1732684.0,1732684.0,1732808.0,8 38 39 40 41 42 43 44 87 97 98 99 100 101 102 111,41906.0,False
base,active,,1732808.0,1733617.0,8 38,-1.0,
base,active,,1732808.0,1733668.0,39 40 41 42,-1.0,
base,active,,1732808.0,1733708.0,43 44 87 97 98 99 100 101 102 111,-1.0,
base,active,1733391.0,1733391.0,1733509.0,0 1 2 3 9 10 11 12,41910.0,False
base,active,1733395.0,1733395.0,1733449.0,121,41911.0,False
base,active,,1733449.0,1733770.0,121,-1.0,
base,active,1733466.0,1733466.0,1733472.0,45 46,41912.0,False
base,active,,1733472.0,1733770.0,45 46,-1.0,
base,active,,1733509.0,1733721.0,0 1 2 3 9 10 11 12,-1.0,
base,active,1733549.0,1733549.0,1733606.0,47,41913.0,False
base,switching_off,,1733571.0,1735371.0,48,-2.0,
base,active,,1733606.0,1733770.0,47,-1.0,
base,active,1733617.0,1733617.0,1733657.0,8 38,41914.0,False
base,active,,1733657.0,1733770.0,8 38,-1.0,
base,active,1733668.0,1733668.0,1733711.0,39 40 41 42,41915.0,False
base,switching_off,,1733708.0,1735508.0,43 44 87 97 98 99 100 101 102 111,-2.0,
base,active,,1733711.0,1733770.0,39 40 41 42,-1.0,
base,active,1733721.0,1733721.0,1733759.0,0 1 2 3 9 10 11 12,41916.0,False
base,active,,1733759.0,1733770.0,2 3 9 10 11 12,-1.0,
base,active,,1733759.0,1734187.0,0,-1.0,
base,active,,1733759.0,1737077.0,1,-1.0,
base,active,1733770.0,1733770.0,1733822.0,2 3 8 9 10 11 12 38 39 40 41 42 45 46 47 121,41917.0,False
base,active,,1733822.0,1734722.0,10 11 12 38 39 40 41 42 45 46 47 121,-1.0,
base,active,,1733822.0,1737077.0,2 3 8 9,-1.0,
base,active,1734187.0,1734187.0,1734242.0,0,41919.0,False
base,active,,1734242.0,1734756.0,0,-1.0,
base,switching_on,,1734377.0,1737077.0,13 14 15 16 17 18 19 20 21 22 23 24 80 81 82 83 84 85 103 112 113 114 115 116 117 118 119,-3.0,
base,switching_off,,1734722.0,1736522.0,10 11 12 38 39 40 41 42 45 46 47 121,-2.0,
base,active,1734756.0,1734756.0,1735265.0,0,41921.0,False
base,active,,1735265.0,1735336.0,0,-1.0,
base,active,1735336.0,1735336.0,1735406.0,0,41923.0,False
base,sleeping,,1735371.0,1737374.0,48,-4.0,
base,active,,1735406.0,1736306.0,0,-1.0,
base,sleeping,,1735508.0,1735796.0,43,-4.0,
base,sleeping,,1735508.0,1736301.0,44,-4.0,
base,sleeping,,1735508.0,1737374.0,87 97 98 99 100 101 102 111,-4.0,
base,switching_on,,1735796.0,1738496.0,43,-3.0,
base,switching_on,,1736301.0,1739001.0,44,-3.0,
base,switching_off,,1736306.0,1738106.0,0,-2.0,
base,sleeping,,1736522.0,1737374.0,10 11 12 38 39 40 41 42 45 46 47,-4.0,
base,sleeping,,1736522.0,1737476.0,121,-4.0,
base,active,1732824.0,1737077.0,1737106.0,1 2 3 8 9 13 14 15 16 17 18 19 20 21 22 23 24 80 81 82 83 84 85 103 112 113 114 115 116 117 118 119,41907.0,False
base,active,1732912.0,1737106.0,1737138.0,1 2 3 8 9 13 14 15 16 17 18 19 20 21 22 23 24 80 81 82 83 84 85 103 112 113 114 115 116 117 118 119,41908.0,False
base,active,1733033.0,1737138.0,1737241.0,1 2 3 8 9 13 14 15 16 17 18 19 20 21 22 23 24 80 81 82 83 84 85 103 112 113 114 115 116 117 118 119,41909.0,False
base,active,1733837.0,1737241.0,1737331.0,1 2 3 8 9 13 14 15 16 17 18 19 20 21 22 23 24 80 81 82 83 84 85 103 112 113 114 115 116 117 118 119,41918.0,False
base,active,1734192.0,1737331.0,1737374.0,1 2 3 8 9 13 14 15 16 17 18 19 20 21 22 23 24 80 81 82 83 84 85 103 112 113 114 115 116 117 118 119,41920.0,False
base,active,1734911.0,1737374.0,1737410.0,1 2 3 8 9 13 14 15 16 17 18 19 20 21 22 23 24 80 81 82 83 84 85 103 112 113 114 115 116 117 118 119,41922.0,False
base,switching_on,,1737374.0,1740074.0,10 11 12 38 39 40 41 42 45 46 47 48 87 97 98 99 100 101 102 111,-3.0,
base,active,1737408.0,1737410.0,1737431.0,119,41936.0,False
base,active,1737409.0,1737410.0,1737437.0,118,41937.0,False
base,active,1736650.0,1737410.0,1737475.0,16 17 18 19 20 21 22 23 24 80 81 82 83 84 85 103,41933.0,False
base,active,1736567.0,1737410.0,1737476.0,1 2 3 8 9 13 14 15,41932.0,False
base,active,,1737410.0,1737476.0,112 113 114 115 116 117,-1.0,
base,active,,1737431.0,1737476.0,119,-1.0,
base,active,,1737437.0,1737476.0,118,-1.0,
base,active,,1737475.0,1737476.0,16 17 18 19 20 21 22 23 24 80 81 82 83 84 85 103,-1.0,
base,active,1736731.0,1737476.0,1737576.0,1 2 3 8 9 13 14 15 16 17 18 19 20 21 22 23 24 80 81 82 83 84 85 103 112 113 114 115 116 117 118 119,41934.0,False
base,switching_on,,1737476.0,1740176.0,121,-3.0,
base,active,,1737576.0,1737579.0,14 15 16 17 18 19 20 21,-1.0,
base,active,1737446.0,1737576.0,1737629.0,1 2,41938.0,False
base,active,1737510.0,1737576.0,1737635.0,3 8 9 13,41939.0,False
base,active,,1737576.0,1737655.0,22 23 24 80 81 82 83 84 85 103 112 113 114 115 116 117,-1.0,
base,active,,1737576.0,1737742.0,118 119,-1.0,
base,active,1737579.0,1737579.0,1737641.0,14 15 16 17 18 19 20 21,41940.0,False
base,active,,1737629.0,1737742.0,1 2,-1.0,
base,active,,1737635.0,1737742.0,3 8 9 13,-1.0,
base,active,,1737641.0,1737742.0,14 15 16 17 18 19 20 21,-1.0,
base,active,1737655.0,1737655.0,1737723.0,22 23 24 80 81 82 83 84 85 103 112 113 114 115 116 117,41941.0,False
base,active,,1737723.0,1737742.0,22 23 24 80 81 82 83 84 85 103 112 113 114 115 116 117,-1.0,
base,active,1737742.0,1737742.0,1737778.0,1 2 3 8 9 13 14 15 16 17 18 19 20 21 22 23 24 80 81 82 83 84 85 103 112 113 114 115 116 117 118 119,41942.0,False
base,active,,1737778.0,1738480.0,1,-1.0,
base,active,,1737778.0,1738591.0,2,-1.0,
base,active,,1737778.0,1738678.0,3 8 9 13 14 15 16 17 18 19 20 21 22 23 24 80 81 82 83 84 85 103 112 113 114 115 116 117 118 119,-1.0,
base,sleeping,,1738106.0,1739034.0,0,-4.0,
base,active,1738480.0,1738480.0,1738500.0,1,41943.0,False
base,active,1735796.0,1738496.0,1738516.0,43,41926.0,False
base,active,,1738500.0,1738733.0,1,-1.0,
base,active,,1738516.0,1738927.0,43,-1.0,
base,active,1738591.0,1738591.0,1738612.0,2,41944.0,False
base,active,,1738612.0,1738972.0,2,-1.0,
base,switching_off,,1738678.0,1740478.0,3 8 9 13 14 15 16 17 18 19 20 21 22 23 24 80 81 82 83 84 85 103 112 113 114 115 116 117 118 119,-2.0,
base,active,1738733.0,1738733.0,1738765.0,1,41945.0,False
base,active,,1738765.0,1738972.0,1,-1.0,
base,active,1738927.0,1738927.0,1738956.0,43,41946.0,False
base,active,,1738956.0,1741734.0,43,-1.0,
base,active,1738972.0,1738972.0,1739018.0,1 2,41947.0,False
base,active,1736301.0,1739001.0,1739089.0,44,41927.0,False
base,active,,1739018.0,1741734.0,1 2,-1.0,
base,switching_on,,1739034.0,1741734.0,0,-3.0,
base,active,,1739089.0,1739508.0,44,-1.0,
base,active,1739096.0,1739508.0,1739559.0,4 5 6 7 25 26 27 44,41949.0,False
base,active,1739157.0,1739508.0,1739576.0,28 29 30 31 32 33 34 35 36 37 86 104 105 106 107 108,41950.0,False
base,active,,1739508.0,1739576.0,109 110 120 122 123 124 125 126 127,-1.0,
base,active,,1739559.0,1739576.0,4 5 6 7 25 26 27 44,-1.0,
base,active,1739510.0,1739576.0,1739590.0,108,41952.0,False
base,active,1739236.0,1739576.0,1739671.0,4 5 6 7 25 26 27 28 29 30 31 32 33 34 35 36 37 44 86 104 105 106 107 109 110 120 122 123 124 125 126 127,41951.0,False
base,active,,1739590.0,1739966.0,108,-1.0,
base,active,,1739671.0,1739976.0,4 5 6 7 25 26 27 28 29 30 31 32 33 34 35 36 37 44 86 104 105 106 107 109 110 120 122 123 124 125 126 127,-1.0,
base,active,1739966.0,1739966.0,1740020.0,108,41953.0,False
base,active,1739976.0,1739976.0,1741268.0,4 5 6 7 25 26 27 28 29 30 31 32 33 34 35 36 37 44 86 104 105 106 107 109 110 120 122 123 124 125 126 127,41954.0,False
base,active,,1740020.0,1740105.0,108,-1.0,
base,active,1735582.0,1740074.0,1740105.0,12 38 39 40,41925.0,False
base,active,1736495.0,1740074.0,1740130.0,100 101 102 111,41931.0,False
base,active,1736406.0,1740074.0,1740154.0,47 48,41929.0,False
base,active,1736370.0,1740074.0,1740187.0,41 42 45 46,41928.0,False
base,active,1735415.0,1740074.0,1740231.0,10 11,41924.0,False
base,active,1736473.0,1740074.0,1740423.0,87 97 98 99,41930.0,False
base,active,,1740105.0,1740130.0,38 39 40,-1.0,
base,active,1740034.0,1740105.0,1740168.0,12 108,41955.0,False
base,active,1740116.0,1740130.0,1740166.0,38 39 40 100,41956.0,False
base,active,,1740130.0,1740167.0,101 102 111,-1.0,
base,active,,1740154.0,1740167.0,47 48,-1.0,
base,active,,1740166.0,1740167.0,38 39 40,-1.0,
base,active,,1740166.0,1740231.0,100,-1.0,
base,active,1740167.0,1740167.0,1740210.0,38 39 40 47 48 101 102 111,41957.0,False
base,active,,1740168.0,1740231.0,12 108,-1.0,
base,active,1737072.0,1740176.0,1740258.0,121,41935.0,False
base,active,,1740187.0,1740231.0,41 42 45 46,-1.0,
base,active,,1740210.0,1740231.0,38 39 40 47 48 101 102 111,-1.0,
base,active,1740222.0,1740231.0,1740291.0,10 12 38 39 40 41 42 45 46 47 48 100 101 102 108 111,41958.0,False
base,active,,1740231.0,1743178.0,11,-1.0,
base,active,,1740258.0,1743178.0,121,-1.0,
base,active,,1740291.0,1740478.0,10,-1.0,
base,active,,1740291.0,1740960.0,12,-1.0,
base,active,,1740291.0,1741087.0,38 39 40 41 42 45,-1.0,
base,active,,1740291.0,1741120.0,46 47 48 100 101 102 108 111,-1.0,
base,active,,1740423.0,1741120.0,87 97 98 99,-1.0,
base,active,1740373.0,1740478.0,1740489.0,10,41960.0,False
base,switching_on,,1740478.0,1743178.0,3 8 9 13 14 15 16 17 18 19 20 21 22 23 24 80 81 82 83 84 85 103 112 113 114 115 116 117 118 119,-3.0,
base,active,,1740489.0,1741120.0,10,-1.0,
base,active,1740960.0,1740960.0,1741001.0,12,41961.0,False
base,active,,1741001.0,1741120.0,12,-1.0,
base,active,1741026.0,1741087.0,1741089.0,38 39,41963.0,False
base,active,1741087.0,1741087.0,1741110.0,40 41 42 45,41964.0,False
base,active,,1741089.0,1741120.0,38 39,-1.0,
base,active,,1741110.0,1741120.0,40 41 42 45,-1.0,
base,active,1741094.0,1741120.0,1741125.0,46 47 48 100,41965.0,False
base,active,1741120.0,1741120.0,1741206.0,10 12 38 39 40 41 42 45 87 97 98 99 101 102 108 111,41966.0,False
base,active,,1741125.0,1741268.0,46 47 48 100,-1.0,
base,active,,1741206.0,1741268.0,10 12 38 39 40 41 42 45 87 97 98 99 101 102 108 111,-1.0,
base,active,1741024.0,1741268.0,1741355.0,4 5 6 7 10 12 25 26 27 28 29 30 31 32 38 39 40 41 42 45 46 47 48 87 97 98 99 100 101 102 108 111,41962.0,False
base,active,,1741268.0,1741355.0,33 34 35 36 37 44 86 104 105 106 107 109 110 120 122 123 124 125 126 127,-1.0,
base,active,1741270.0,1741355.0,1741373.0,31,41968.0,False
base,active,,1741355.0,1741410.0,32 38,-1.0,
base,active,,1741355.0,1741488.0,39 40 41 42 45,-1.0,
base,active,1741223.0,1741355.0,1741491.0,4 5 6 7 10 12 25 26 27 28 29 30 33 34 35 36 37 44 86 104 105 106 107 109 110 120 122 123 124 125 126 127,41967.0,False
base,active,,1741355.0,1741491.0,46 47 48 87 97 98 99 100 101 102 108 111,-1.0,
base,active,,1741373.0,1741491.0,31,-1.0,
base,active,1741410.0,1741410.0,1741436.0,32 38,41969.0,False
base,active,,1741436.0,1741491.0,32 38,-1.0,
base,active,1741488.0,1741488.0,1741520.0,40 41 42 45,41972.0,False
base,active,1741421.0,1741488.0,1741524.0,39,41971.0,False
base,active,,1741491.0,1741506.0,44 86 104 105,-1.0,
base,active,,1741491.0,1741532.0,106 107 109 110 120 122 123 124,-1.0,
base,active,,1741491.0,1741612.0,125 126 127,-1.0,
base,active,1741413.0,1741491.0,1750673.0,4 5 6 7 10 12 25 26 27 28 29 30 31 32 33 34 35 36 37 38 46 47 48 87 97 98 99 100 101 102 108 111,41970.0,False
base,active,1741506.0,1741506.0,1750896.0,44 86 104 105,41973.0,False
base,active,,1741520.0,1741612.0,40 41 42 45,-1.0,
base,active,,1741524.0,1741612.0,39,-1.0,
base,active,1741532.0,1741532.0,1741558.0,106 107 109 110 120 122 123 124,41974.0,False
base,active,,1741558.0,1741876.0,106 107 109 110,-1.0,
base,active,,1741558.0,1742137.0,120 122 123 124,-1.0,
base,active,1741612.0,1741612.0,1741633.0,39 40 41 42 45 125 126 127,41975.0,False
base,active,,1741633.0,1742274.0,39 40 41 42,-1.0,
base,active,,1741633.0,1742313.0,45 125,-1.0,
base,active,,1741633.0,1742533.0,126 127,-1.0,
base,active,1739034.0,1741734.0,1741785.0,0 1 2 43,41948.0,False
base,active,,1741785.0,1742313.0,0 1 2 43,-1.0,
base,active,1741745.0,1741876.0,1741897.0,106 107 109 110,41977.0,False
base,active,,1741897.0,1742313.0,106 107 109 110,-1.0,
base,active,1742137.0,1742137.0,1742159.0,120 122 123 124,41981.0,False
base,active,,1742159.0,1742313.0,120 122 123 124,-1.0,
base,active,1742274.0,1742274.0,1742295.0,39 40 41 42,41982.0,False
base,active,,1742295.0,1742313.0,39 40,-1.0,
base,active,,1742295.0,1742879.0,41 42,-1.0,
base,active,1742313.0,1742313.0,1742335.0,0 1 2 39 40 43 45 106 107 109 110 120 122 123 124 125,41983.0,False
base,active,,1742335.0,1742879.0,0 1,-1.0,
base,active,,1742335.0,1743186.0,2 39,-1.0,
base,active,,1742335.0,1743221.0,40 43,-1.0,
base,active,,1742335.0,1743235.0,45 106 107 109 110 120 122 123 124 125,-1.0,
base,switching_off,,1742533.0,1744333.0,126 127,-2.0,
base,active,1742879.0,1742879.0,1745760.0,0 1 41 42,41984.0,False
base,active,1740295.0,1743178.0,1743266.0,3 8 9 11 13 14 15 16 17 18 19 20 21 22 23 24 80 81 82 83 84 85 103 112 113 114 115 116 117 118 119 121,41959.0,False
base,active,1743186.0,1743186.0,1743283.0,2 39,41986.0,False
base,active,1743221.0,1743221.0,1743286.0,40 43,41987.0,False
base,switching_off,,1743235.0,1745035.0,45 106 107 109 110 120 122 123 124 125,-2.0,
base,active,1741654.0,1743266.0,1743453.0,3 8 9 11 13 14 15 16 17 18 19 20 21 22 23 24 80 81 82 83 84 85 103 112 113 114 115 116 117 118 119 121,41976.0,False
base,active,,1743283.0,1743315.0,2,-1.0,
base,active,,1743283.0,1743411.0,39,-1.0,
base,active,,1743286.0,1743453.0,40 43,-1.0,
base,active,1743315.0,1743315.0,1743330.0,2,41988.0,False
base,active,,1743330.0,1743453.0,2,-1.0,
base,active,1743411.0,1743411.0,1743426.0,39,41989.0,False
base,active,,1743426.0,1743453.0,39,-1.0,
base,active,1741876.0,1743453.0,1743583.0,2 3 8 9 11 13 14 15 16 17 18 19 20 21 22 23 24 39 40 43 80 81 82 83 84 85 103 112 113 114 115 116,41978.0,False
base,active,,1743453.0,1743583.0,117 118 119 121,-1.0,
base,active,1742027.0,1743583.0,1743671.0,2 3 8 9 11 13 14 15 16 17 18 19 20 21 22 23 24 39 40 43 80 81 82 83 84 85 103 112 117 118 119 121,41979.0,False
base,active,,1743583.0,1743671.0,113 114 115 116,-1.0,
base,active,,1743671.0,1744571.0,117 118 119 121,-1.0,
base,active,1742097.0,1743671.0,1753745.0,2 3 8 9 11 13 14 15 16 17 18 19 20 21 22 23 24 39 40 43 80 81 82 83 84 85 103 112 113 114 115 116,41980.0,False
base,sleeping,,1744333.0,1744786.0,126 127,-4.0,
base,switching_off,,1744571.0,1746371.0,117 118 119 121,-2.0,
base,active,,1744786.0,1744812.0,63 96,-1.0,
base,active,,1744786.0,1747486.0,57 58 59 60 61 62,-1.0,
base,switching_on,,1744786.0,1747486.0,126 127,-3.0,
base,active,1742937.0,1744812.0,1744842.0,49 50 51 52 53 54 55 56 63 64 65 66 67 68 69 70 71 72 73 74 75 76 77 78 79 88 89 90 91 92 93 96,41985.0,False
base,active,,1744812.0,1744842.0,94 95,-1.0,
base,active,1744441.0,1744842.0,1744879.0,49 50 51 52 53 54 94 95,41991.0,False
base,active,1744496.0,1744842.0,1745985.0,55 56 63 64 65 66 67 68,41992.0,False
base,active,,1744842.0,1748097.0,69 70 71 72 73 74 75 76 77 78 79 88 89 90 91 92 93 96,-1.0,
base,active,,1744879.0,1745742.0,53,-1.0,
base,active,,1744879.0,1745779.0,54 94 95,-1.0,
base,active,,1744879.0,1748097.0,49 50 51 52,-1.0,
base,sleeping,,1745035.0,1745397.0,45 106 107 109 110 120 122 123 124 125,-4.0,
base,switching_on,,1745397.0,1748097.0,45 106 107 109 110 120 122 123 124 125,-3.0,
base,active,1745742.0,1745742.0,1745766.0,53,41994.0,False
base,active,,1745760.0,1745985.0,0 1 41 42,-1.0,
base,active,,1745766.0,1745985.0,53,-1.0,
base,switching_off,,1745779.0,1747579.0,54 94 95,-2.0,
base,active,1745935.0,1745985.0,1746728.0,0 1 41 42 53 55 56 63,41995.0,False
base,active,,1745985.0,1746885.0,64 65 66 67 68,-1.0,
base,sleeping,,1746371.0,1776177.0,117 118 119 121,-4.0,
base,active,,1746728.0,1747628.0,0 1 41 42 53 55 56 63,-1.0,
base,switching_off,,1746885.0,1748685.0,64 65 66 67 68,-2.0,
base,active,1743878.0,1747486.0,1747997.0,57 58 59 60 61 62 126 127,41990.0,False
base,sleeping,,1747579.0,1750673.0,54,-4.0,
base,sleeping,,1747579.0,1751557.0,94 95,-4.0,
base,switching_off,,1747628.0,1749428.0,0 1 41 42 53 55 56 63,-2.0,
base,active,1746968.0,1747997.0,1748042.0,57 58 59 60 61 62 126 127,41999.0,False
base,active,,1748042.0,1748128.0,57 58 59 60 61 62 126 127,-1.0,
base,active,1745397.0,1748097.0,1748128.0,45 49 50 51 52 69 70 71 72 73 74 75 76 77 78 79 88 89 90 91 92 93 96 106 107 109 110 120 122 123 124 125,41993.0,False
base,active,1746558.0,1748128.0,1748164.0,45 49 50 51 52 57 58 59 60 61 62 69 70 71 72 73 74 75 76 77 78 79 88 89 90 91 92 93 96 106 126 127,41996.0,False
base,active,1746775.0,1748128.0,1748303.0,107 109 110 120 122 123 124 125,41997.0,False
base,active,1746966.0,1748164.0,1748208.0,45 49 50 51 52 57 58 59 60 61 62 69 70 71 72 73 74 75 76 77 78 79 88 89 90 91 92 93 96 106 126 127,41998.0,False
base,active,,1748208.0,1748303.0,60 61 62 69 70 71 72 73 74 75 76 77 78 79 88 89 90 91 92 93 96 106 126 127,-1.0,
base,active,1747035.0,1748208.0,1748598.0,45 49 50 51 52 57 58 59,42000.0,False
base,active,1747715.0,1748303.0,1748525.0,60 61 62 69 70 71 72 73 74 75 76 77 78 79 88 89 90 91 92 93 96 106 107 109 110 120 122 123 124 125 126 127,42001.0,False
base,active,1747895.0,1748525.0,1748654.0,60 61 62 69 70 71 72 73,42002.0,False
base,active,1747947.0,1748525.0,1748707.0,74 75 76 77 78 79 88 89 90 91 92 93 96 106 107 109,42003.0,False
base,active,1748165.0,1748525.0,1752404.0,110 120 122 123 124 125 126 127,42004.0,False
base,active,,1748598.0,1749498.0,45 49 50 51 52 57 58 59,-1.0,
base,active,,1748654.0,1749554.0,60 61 62 69 70 71 72 73,-1.0,
base,sleeping,,1748685.0,1751407.0,64 65 66 67 68,-4.0,
base,active,,1748707.0,1749607.0,74 75 76 77 78 79 88 89 90 91 92 93 96 106 107 109,-1.0,
base,sleeping,,1749428.0,1750673.0,0 1 41 42 53 55 56 63,-4.0,
base,switching_off,,1749498.0,1751298.0,45 49 50 51 52 57 58 59,-2.0,
base,switching_off,,1749554.0,1751354.0,60 61 62 69 70 71 72 73,-2.0,
base,switching_off,,1749607.0,1751407.0,74 75 76 77 78 79 88 89 90 91 92 93 96 106 107 109,-2.0,
base,switching_on,,1750673.0,1753373.0,0 1 41 42 53 54 55 56 63,-3.0,
base,active,1749875.0,1750673.0,1760528.0,4 5 6 7 10 12 25 26 27 28 29 30 31 32 33 34 35 36 37 38 46 47 48 87 97 98 99 100 101 102 108 111,42005.0,False
base,active,,1750896.0,1751796.0,44 86 104 105,-1.0,
base,sleeping,,1751298.0,1751407.0,45 49 50 51 52 57 58 59,-4.0,
base,sleeping,,1751354.0,1751407.0,60 61 62 69 70 71 72 73,-4.0,
base,sleeping,,1751407.0,1751557.0,93 96,-4.0,
base,sleeping,,1751407.0,1752404.0,106,-4.0,
base,sleeping,,1751407.0,1752823.0,107,-4.0,
base,switching_on,,1751407.0,1754107.0,45 49 50 51 52 57 58 59 60 61 62 64 65 66 67 68 69 70 71 72 73 74 75 76 77 78 79 88 89 90 91 92,-3.0,
base,sleeping,,1751407.0,1776177.0,109,-4.0,
base,switching_on,,1751557.0,1754257.0,93 94 95 96,-3.0,
base,switching_off,,1751796.0,1753596.0,44 86 104 105,-2.0,
base,active,,1752404.0,1753304.0,110 120 122 123 124 125 126 127,-1.0,
base,switching_on,,1752404.0,1755104.0,106,-3.0,
base,switching_on,,1752823.0,1755523.0,107,-3.0,
base,switching_off,,1753304.0,1755104.0,110 120 122 123 124 125 126 127,-2.0,
base,active,1750547.0,1753373.0,1753378.0,63,42007.0,False
base,active,1749903.0,1753373.0,1763200.0,0 1 41 42 53 54 55 56,42006.0,False
base,active,,1753378.0,1753745.0,63,-1.0,
base,sleeping,,1753596.0,1762734.0,44 86 104 105,-4.0,
base,active,,1753745.0,1754138.0,116,-1.0,
base,active,1750883.0,1753745.0,1754162.0,2 3 8 9 11 13 14 15 16 17 18 19 20 21 22 23 24 39 40 43 63 80 81 82 83 84 85 103 112 113 114 115,42009.0,False
base,active,1750616.0,1754107.0,1754138.0,45 49 50 51 52 57 58 59 60 61 62 64 65 66 67 68 69 70 71 72 73 74 75 76 77 78 79 88 89 90 91 92,42008.0,False
base,active,,1754138.0,1754162.0,92,-1.0,
base,active,1751501.0,1754138.0,1762371.0,45 49 50 51 52 57 58 59 60 61 62 64 65 66 67 68 69 70 71 72 73 74 75 76 77 78 79 88 89 90 91 116,42010.0,False
base,active,,1754162.0,1755062.0,115,-1.0,
base,active,1752438.0,1754162.0,1764211.0,2 3 8 9 11 13 14 15 16 17 18 19 20 21 22 23 24 39 40 43 63 80 81 82 83 84 85 92 103 112 113 114,42013.0,False
base,active,1751557.0,1754257.0,1762734.0,93 94 95 96,42011.0,False
base,switching_off,,1755062.0,1756862.0,115,-2.0,
base,active,1752175.0,1755104.0,1755118.0,106,42012.0,False
base,sleeping,,1755104.0,1776177.0,110 120 122 123 124 125 126 127,-4.0,
base,active,,1755118.0,1756018.0,106,-1.0,
base,active,1752823.0,1755523.0,1755540.0,107,42014.0,False
base,active,,1755540.0,1756440.0,107,-1.0,
base,switching_off,,1756018.0,1757818.0,106,-2.0,
base,switching_off,,1756440.0,1758240.0,107,-2.0,
base,sleeping,,1756862.0,1776177.0,115,-4.0,
base,sleeping,,1757818.0,1762734.0,106,-4.0,
base,sleeping,,1758240.0,1776177.0,107,-4.0,
base,active,1760036.0,1760528.0,1760590.0,4 5 6 7 10 12 25 26 27 28 29 30 31 32 33 34 35 36 37 38 46 47 48 87 97 98 99 100 101 102 108 111,42016.0,False
base,active,,1760590.0,1760764.0,4 5 6 7 10 12 25 26 27 28 29 30 31 32 33 34 35 36 37 38 46 47 48 87 97 98 99 100 101 102 108 111,-1.0,
base,active,1760400.0,1760764.0,1760827.0,4 5 6 7 10 12 25 26 27 28 29 30 31 32 33 34 35 36 37 38 46 47 48 87 97 98 99 100 101 102 108 111,42017.0,False
base,active,,1760827.0,1761126.0,4 5 6 7 10 12 25 26 27 28 29 30 31 32 33 34 35 36 37 38 46 47 48 87 97 98 99 100 101 102 108 111,-1.0,
base,active,1760764.0,1761126.0,1761185.0,4 5 6 7 10 12 25 26 27 28 29 30 31 32 33 34 35 36 37 38 46 47 48 87 97 98 99 100 101 102 108 111,42018.0,False
base,active,,1761185.0,1761488.0,4 5 6 7 10 12 25 26 27 28 29 30 31 32 33 34 35 36 37 38 46 47 48 87 97 98 99 100 101 102 108 111,-1.0,
base,active,1761126.0,1761488.0,1761549.0,4 5 6 7 10 12 25 26 27 28 29 30 31 32 33 34 35 36 37 38 46 47 48 87 97 98 99 100 101 102 108 111,42019.0,False
base,active,,1761549.0,1761855.0,4 5 6 7 10 12 25 26 27 28 29 30 31 32 33 34 35 36 37 38 46 47 48 87 97 98 99 100 101 102 108 111,-1.0,
base,active,1761488.0,1761855.0,1761921.0,4 5 6 7 10 12 25 26 27 28 29 30 31 32 33 34 35 36 37 38 46 47 48 87 97 98 99 100 101 102 108 111,42020.0,False
base,active,,1761921.0,1762214.0,4 5 6 7 10 12 25 26 27 28 29 30 31 32 33 34 35 36 37 38 46 47 48 87 97 98 99 100 101 102 108 111,-1.0,
base,active,1761855.0,1762214.0,1762272.0,4 5 6 7 10 12 25 26 27 28 29 30 31 32 33 34 35 36 37 38 46 47 48 87 97 98 99 100 101 102 108 111,42021.0,False
base,active,,1762272.0,1762371.0,4 5 6 7 10 12 25 26 27 28 29 30 31 32 33 34 35 36 37 38 46 47 48 87 97 98 99 100 101 102 108 111,-1.0,
base,active,1759737.0,1762371.0,1773304.0,4 5 6 7 10 12 25 26 27 28 29 30 31 32 33 34 35 36 37 38 45 46 47 48 49 50 51 52 57 58 59 60 61 62 64 65 66 67 68 69 70 71 72 73 74 75 76 77 78 79 87 88 89 90 91 97 98 99 100 101 102 108 111 116,42015.0,False
base,active,,1762734.0,1763634.0,93 94 95 96,-1.0,
base,switching_on,,1762734.0,1765434.0,44 86 104 105 106,-3.0,
base,active,,1763200.0,1764100.0,0 1 41 42 53 54 55 56,-1.0,
base,switching_off,,1763634.0,1765434.0,93 94 95 96,-2.0,
base,switching_off,,1764100.0,1765900.0,0 1 41 42 53 54 55 56,-2.0,
base,active,1762214.0,1764211.0,1764268.0,2 3 8 9 11 13 14 15 16 17 18 19 20 21 22 23 24 39 40 43 63 80 81 82 83 84 85 92 103 112 113 114,42022.0,False
base,active,1762572.0,1764268.0,1772371.0,2 3 8 9 11 13 14 15 16 17 18 19 20 21 22 23 24 39 40 43 63 80 81 82 83 84 85 92 103 112 113 114,42024.0,False
base,active,1762489.0,1765434.0,1765447.0,44,42023.0,False
base,active,1762635.0,1765434.0,1773477.0,86 104 105 106,42025.0,False
base,sleeping,,1765434.0,1776177.0,93 94 95 96,-4.0,
base,active,,1765447.0,1766347.0,44,-1.0,
base,sleeping,,1765900.0,1776177.0,0 1 41 42 53 54 55 56,-4.0,
base,switching_off,,1766347.0,1768147.0,44,-2.0,
base,sleeping,,1768147.0,1776177.0,44,-4.0,
base,active,,1772371.0,1773271.0,2 3 8 9 11 13 14 15 16 17 18 19 20 21 22 23 24 39 40 43 63 80 81 82 83 84 85 92 103 112 113 114,-1.0,
base,switching_off,,1773271.0,1775071.0,2 3 8 9 11 13 14 15 16 17 18 19 20 21 22 23 24 39 40 43 63 80 81 82 83 84 85 92 103 112 113 114,-2.0,
base,active,,1773304.0,1774204.0,4 5 6 7 10 12 25 26 27 28 29 30 31 32 33 34 35 36 37 38 45 46 47 48 49 50 51 52 57 58 59 60 61 62 64 65 66 67 68 69 70 71 72 73 74 75 76 77 78 79 87 88 89 90 91 97 98 99 100 101 102 108 111 116,-1.0,
base,active,,1773477.0,1774377.0,86 104 105 106,-1.0,
base,switching_off,,1774204.0,1776004.0,4 5 6 7 10 12 25 26 27 28 29 30 31 32 33 34 35 36 37 38 45 46 47 48 49 50 51 52 57 58 59 60 61 62 64 65 66 67 68 69 70 71 72 73 74 75 76 77 78 79 87 88 89 90 91 97 98 99 100 101 102 108 111 116,-2.0,
base,switching_off,,1774377.0,1776177.0,86 104 105 106,-2.0,
base,sleeping,,1775071.0,1776177.0,2 3 8 9 11 13 14 15 16 17 18 19 20 21 22 23 24 39 40 43 63 80 81 82 83 84 85 92 103 112 113 114,-4.0,
base,sleeping,,1776004.0,1776177.0,4 5 6 7 10 12 25 26 27 28 29 30 31 32 33 34 35 36 37 38 45 46 47 48 49 50 51 52 57 58 59 60 61 62 64 65 66 67 68 69 70 71 72 73 74 75 76 77 78 79 87 88 89 90 91 97 98 99 100 101 102 108 111 116,-4.0,
base,switching_on,,1776177.0,1778877.0,0 1 2 3 4 5 6 7 8 9 10 11 12 13 14 15 16 17 18 19 20 21 22 23 24 25 26 27 28 29 30 31 32 33 34 35 36 37 38 39 40 41 42 43 44 45 46 47 48 49 50 51 52 53 54 55 56 57 58 59 60 61 62 63 64 65 66 67 68 69 70 71 72 73 74 75 76 77 78 79 80 81 82 83 84 85 86 87 88 89 90 91 92 93 94 95 96 97 98 99 100 101 102 103 104 105 106 107 108 109 110 111 112 113 114 115 116 117 118 119 120 121 122 123 124 125 126 127,-3.0,
base,active,1770683.0,1778877.0,1778981.0,0 1 2 3 4 5 6 7 8 9 10 11 12 13 14 15 16 17 18 19 20 21 22 23 24 25 26 27 28 29 30 31 32 33 34 35 36 37 38 39 40 41 42 43 44 45 46 47 48 49 50 51 52 53 54 55 56 57 58 59 60 61 62 63 64 65 66 67 68 69 70 71 72 73 74 75 76 77 78 79 80 81 82 83 84 85 86 87 88 89 90 91 92 93 94 95 96 97 98 99 100 101 102 103 104 105 106 107 108 109 110 111 112 113 114 115 116 117 118 119 120 121 122 123 124 125 126 127,42026.0,False
base,active,,1778981.0,1779881.0,76 77 78 79 80 81 82 83 84 85 86 87 88 89 90 91 92 93 94 95 96 97 98 99 100 101 102 103 104 105 106 107 108 109 110 111 112 113 114 115 116 117 118 119 120 121 122 123 124 125 126 127,-1.0,
base,active,1778106.0,1778981.0,1811647.0,68 69 70 71 72 73 74 75,42045.0,False
base,active,1778076.0,1778981.0,1811675.0,36 37 38 39 40 41 42 43 44 45 46 47 48 49 50 51 52 53 54 55 56 57 58 59 60 61 62 63 64 65 66 67,42044.0,False
base,active,1771039.0,1778981.0,1841562.0,32 33 34 35,42028.0,False
base,active,1770977.0,1778981.0,1841624.0,0 1 2 3 4 5 6 7 8 9 10 11 12 13 14 15 16 17 18 19 20 21 22 23 24 25 26 27 28 29 30 31,42027.0,False
base,switching_off,,1779881.0,1781681.0,76 77 78 79 80 81 82 83 84 85 86 87 88 89 90 91 92 93 94 95 96 97 98 99 100 101 102 103 104 105 106 107 108 109 110 111 112 113 114 115 116 117 118 119 120 121 122 123 124 125 126 127,-2.0,
base,sleeping,,1781681.0,1795649.0,76 77 78 79 80 81 82 83 84 85 86 87 88 89 90 91 92 93 94 95 96 97 98 99 100 101 102 103 104 105 106 107,-4.0,
base,sleeping,,1781681.0,1805005.0,108 109,-4.0,
base,sleeping,,1781681.0,1805065.0,110 111,-4.0,
base,sleeping,,1781681.0,1805754.0,112,-4.0,
base,sleeping,,1781681.0,1859751.0,113 114 115 116 117 118 119 120 121 122 123 124 125 126 127,-4.0,
base,switching_on,,1795649.0,1798349.0,76 77 78 79 80 81 82 83 84 85 86 87 88 89 90 91 92 93 94 95 96 97 98 99 100 101 102 103 104 105 106 107,-3.0,
base,active,1795649.0,1798349.0,1808452.0,76 77 78 79 80 81 82 83 84 85 86 87 88 89 90 91 92 93 94 95 96 97 98 99 100 101 102 103 104 105 106 107,42122.0,False
base,switching_on,,1805005.0,1807705.0,108 109,-3.0,
base,switching_on,,1805065.0,1807765.0,110 111,-3.0,
base,switching_on,,1805754.0,1808454.0,112,-3.0,
base,active,1805005.0,1807705.0,1807725.0,108 109,42154.0,False
base,active,,1807725.0,1808452.0,108 109,-1.0,
base,active,1805065.0,1807765.0,1807793.0,110 111,42155.0,False
base,active,,1807793.0,1808452.0,110 111,-1.0,
base,active,1806823.0,1808452.0,1808478.0,104,42165.0,False
base,active,,1808452.0,1809352.0,105 106 107,-1.0,
base,active,1806441.0,1808452.0,1818532.0,76 77 78 79 80 81 82 83 84 85 86 87 88 89 90 91 92 93 94 95 96 97 98 99 100 101 102 103 108 109 110 111,42163.0,False
base,active,1805754.0,1808454.0,1808471.0,112,42160.0,False
base,active,,1808471.0,1809371.0,112,-1.0,
base,active,,1808478.0,1809378.0,104,-1.0,
base,switching_off,,1809352.0,1811152.0,105 106 107,-2.0,
base,switching_off,,1809371.0,1811171.0,112,-2.0,
base,switching_off,,1809378.0,1811178.0,104,-2.0,
base,sleeping,,1811152.0,1859751.0,105 106 107,-4.0,
base,sleeping,,1811171.0,1859751.0,112,-4.0,
base,sleeping,,1811178.0,1859751.0,104,-4.0,
base,active,,1811647.0,1812547.0,68 69 70 71 72 73 74 75,-1.0,
base,active,,1811675.0,1812575.0,36 37 38 39 40 41 42 43 44 45 46 47 48 49 50 51 52 53 54 55 56 57 58 59 60 61 62 63 64 65 66 67,-1.0,
base,switching_off,,1812547.0,1814347.0,68 69 70 71 72 73 74 75,-2.0,
base,switching_off,,1812575.0,1814375.0,36 37 38 39 40 41 42 43 44 45 46 47 48 49 50 51 52 53 54 55 56 57 58 59 60 61 62 63 64 65 66 67,-2.0,
base,sleeping,,1814347.0,1817234.0,68,-4.0,
base,sleeping,,1814347.0,1828033.0,69 70 71 72 73 74 75,-4.0,
base,sleeping,,1814375.0,1816523.0,36,-4.0,
base,sleeping,,1814375.0,1817234.0,37 38 39 40 41 42 43 44 45 46 47 48 49 50 51 52 53 54 55 56 57 58 59 60 61 62 63 64 65 66 67,-4.0,
base,switching_on,,1816523.0,1819223.0,36,-3.0,
base,switching_on,,1817234.0,1819934.0,37 38 39 40 41 42 43 44 45 46 47 48 49 50 51 52 53 54 55 56 57 58 59 60 61 62 63 64 65 66 67 68,-3.0,
base,active,,1818532.0,1818705.0,76 77 78 79,-1.0,
base,active,,1818532.0,1818829.0,80 81 82 83 84 85 86 87,-1.0,
base,active,,1818532.0,1819037.0,88 89 90 91,-1.0,
base,active,,1818532.0,1819432.0,92 93 94 95 96 97 98 99 100 101 102 103 108 109 110 111,-1.0,
base,active,1818705.0,1818705.0,1818819.0,76 77 78 79,42212.0,False
base,active,,1818819.0,1819719.0,76 77 78 79,-1.0,
base,active,1818829.0,1818829.0,1818987.0,80 81 82 83 84 85 86 87,42214.0,False
base,active,,1818987.0,1819887.0,80 81 82 83 84 85 86 87,-1.0,
base,active,1819037.0,1819037.0,1819095.0,88 89 90 91,42215.0,False
base,active,,1819095.0,1819995.0,88 89 90 91,-1.0,
base,active,1816523.0,1819223.0,1819236.0,36,42201.0,False
base,active,,1819236.0,1820136.0,36,-1.0,
base,switching_off,,1819432.0,1821232.0,92 93 94 95 96 97 98 99 100 101 102 103 108 109 110 111,-2.0,
base,switching_off,,1819719.0,1821519.0,76 77 78 79,-2.0,
base,switching_off,,1819887.0,1821687.0,80 81 82 83 84 85 86 87,-2.0,
base,active,1817234.0,1819934.0,1830005.0,37 38 39 40 41 42 43 44 45 46 47 48 49 50 51 52 53 54 55 56 57 58 59 60 61 62 63 64 65 66 67 68,42206.0,False
base,switching_off,,1819995.0,1821795.0,88 89 90 91,-2.0,
base,switching_off,,1820136.0,1821936.0,36,-2.0,
base,sleeping,,1821232.0,1828033.0,92 93 94 95 96 97 98 99 100,-4.0,
base,sleeping,,1821232.0,1839223.0,101,-4.0,
base,sleeping,,1821232.0,1859751.0,102 103 108 109 110 111,-4.0,
base,sleeping,,1821519.0,1828033.0,76 77 78 79,-4.0,
base,sleeping,,1821687.0,1828033.0,80 81 82 83 84 85 86 87,-4.0,
base,sleeping,,1821795.0,1828033.0,88 89 90 91,-4.0,
base,sleeping,,1821936.0,1827306.0,36,-4.0,
base,switching_on,,1827306.0,1830006.0,36,-3.0,
base,switching_on,,1828033.0,1830733.0,69 70 71 72 73 74 75 76 77 78 79 80 81 82 83 84 85 86 87 88 89 90 91 92 93 94 95 96 97 98 99 100,-3.0,
base,active,,1830005.0,1830905.0,37 38 39 40 41 42 43 44 45 46 47 48 49 50 51 52 53 54 55 56 57 58 59 60 61 62 63 64 65 66 67 68,-1.0,
base,active,1827306.0,1830006.0,1830020.0,36,42248.0,False
base,active,,1830020.0,1830920.0,36,-1.0,
base,active,1828033.0,1830733.0,1840802.0,69 70 71 72 73 74 75 76 77 78 79 80 81 82 83 84 85 86 87 88 89 90 91 92 93 94 95 96 97 98 99 100,42253.0,False
base,switching_off,,1830905.0,1832705.0,37 38 39 40 41 42 43 44 45 46 47 48 49 50 51 52 53 54 55 56 57 58 59 60 61 62 63 64 65 66 67 68,-2.0,
base,switching_off,,1830920.0,1832720.0,36,-2.0,
base,sleeping,,1832705.0,1838834.0,37 38 39 40 41 42 43 44 45 46 47 48 49 50 51 52 53 54 55 56 57 58 59 60 61 62 63 64 65 66 67 68,-4.0,
base,sleeping,,1832720.0,1838104.0,36,-4.0,
base,switching_on,,1838104.0,1840804.0,36,-3.0,
base,switching_on,,1838834.0,1841534.0,37 38 39 40 41 42 43 44 45 46 47 48 49 50 51 52 53 54 55 56 57 58 59 60 61 62 63 64 65 66 67 68,-3.0,
base,switching_on,,1839223.0,1841923.0,101,-3.0,
base,active,1840162.0,1840802.0,1841019.0,69 70 71 72 73 74 75 76 77 78 79 80 81 82 83 84 85 86 87 88 89 90 91 92 93 94 95 96 97 98 99 100,42260.0,False
base,active,1838104.0,1840804.0,1840817.0,36,42256.0,False
base,active,,1840817.0,1841624.0,36,-1.0,
base,active,,1841019.0,1841624.0,69 70 71 72 73 74 75 76 77 78 79 80 81 82 83 84 85 86 87 88 89 90 91 92 93 94 95 96 97 98 99 100,-1.0,
base,active,1838834.0,1841534.0,1848251.0,37 38 39 40 41 42 43 44 45 46 47 48 49 50 51 52 53 54 55 56 57 58 59 60 61 62 63 64 65 66 67 68,42257.0,False
base,active,,1841562.0,1841624.0,32 33 34 35,-1.0,
base,active,1840332.0,1841624.0,1841641.0,27,42261.0,False
base,active,1840146.0,1841624.0,1841784.0,0 1 2 3 4 5 6 7 8 9 10 11 12 13 14 15 16 17 18 19 20 21 22 23 24 25 26 32 33 34 35 36 69 70 71 72 73 74 75 76 77 78 79 80 81 82 83 84 85 86 87 88 89 90 91 92 93 94 95 96 97 98 99 100,42259.0,False
base,active,,1841624.0,1842524.0,28 29 30 31,-1.0,
base,active,,1841641.0,1842541.0,27,-1.0,
base,active,,1841784.0,1842684.0,0 1 2 3 4 5 6 7 8 9 10 11 12 13 14 15 16 17 18 19 20 21 22 23 24 25 26 32 33 34 35 36 69 70 71 72 73 74 75 76 77 78 79 80 81 82 83 84 85 86 87 88 89 90 91 92 93 94 95 96 97 98 99 100,-1.0,
base,active,1839223.0,1841923.0,1841937.0,101,42258.0,False
base,active,,1841937.0,1842837.0,101,-1.0,
base,switching_off,,1842524.0,1844324.0,28 29 30 31,-2.0,
base,switching_off,,1842541.0,1844341.0,27,-2.0,
base,switching_off,,1842684.0,1844484.0,0 1 2 3 4 5 6 7 8 9 10 11 12 13 14 15 16 17 18 19 20 21 22 23 24 25 26 32 33 34 35 36 69 70 71 72 73 74 75 76 77 78 79 80 81 82 83 84 85 86 87 88 89 90 91 92 93 94 95 96 97 98 99 100,-2.0,
base,switching_off,,1842837.0,1844637.0,101,-2.0,
base,sleeping,,1844324.0,1846128.0,28 29 30 31,-4.0,
base,sleeping,,1844341.0,1846128.0,27,-4.0,
base,sleeping,,1844484.0,1845553.0,0,-4.0,
base,sleeping,,1844484.0,1846128.0,1 2 3 4 5 6 7 8 9 10 11 12 13 14 15 16 17 18 19 20 21 22 23 24 25 26 32 33 34 35 36 69 70 71 72 73 74 75 76 77 78 79 80 81 82 83 84 85 86 87 88 89 90 91 92 93 94 95 96,-4.0,
base,sleeping,,1844484.0,1859751.0,97 98 99 100,-4.0,
base,sleeping,,1844637.0,1859751.0,101,-4.0,
base,switching_on,,1845553.0,1848253.0,0,-3.0,
base,switching_on,,1846128.0,1848828.0,1 2 3 4 5 6 7 8 9 10 11 12 13 14 15 16 17 18 19 20 21 22 23 24 25 26 27 28 29 30 31 32 33 34 35 36 69 70 71 72 73 74 75 76 77 78 79 80 81 82 83 84 85 86 87 88 89 90 91 92 93 94 95 96,-3.0,
base,active,,1848251.0,1849151.0,37 38 39 40 41 42 43 44 45 46 47 48 49 50 51 52 53 54 55 56 57 58 59 60 61 62 63 64 65 66 67 68,-1.0,
base,active,1845553.0,1848253.0,1848266.0,0,42262.0,False
base,active,,1848266.0,1849166.0,0,-1.0,
base,active,1846128.0,1848828.0,1859751.0,1 2 3 4 5 6 7 8 9 10 11 12 13 14 15 16 17 18 19 20 21 22 23 24 25 26 27 28 29 30 31 32 33 34 35 36 69 70 71 72 73 74 75 76 77 78 79 80 81 82 83 84 85 86 87 88 89 90 91 92 93 94 95 96,42263.0,False
base,switching_off,,1849151.0,1850951.0,37 38 39 40 41 42 43 44 45 46 47 48 49 50 51 52 53 54 55 56 57 58 59 60 61 62 63 64 65 66 67 68,-2.0,
base,switching_off,,1849166.0,1850966.0,0,-2.0,
base,sleeping,,1850951.0,1859751.0,37 38 39 40 41 42 43 44 45 46 47 48 49 50 51 52 53 54 55 56 57 58 59 60 61 62 63 64 65 66 67 68,-4.0,
base,sleeping,,1850966.0,1859751.0,0,-4.0,
base,active,,1859751.0,1862451.0,1 2 3 4 5 6 7 8 9 10 11 12 13 14 15 16 17 18 19 20 21 22 23 24 25 26 27 28 29 30 31 32 33 34 35 36 69 70 71 72 73 74 75 76 77 78 79 80 81 82 83 84 85 86 87 88 89 90 91 92 93 94 95 96,-1.0,
base,switching_on,,1859751.0,1862451.0,0 37 38 39 40 41 42 43 44 45 46 47 48 49 50 51 52 53 54 55 56 57 58 59 60 61 62 63 64 65 66 67 68 97 98 99 100 101 102 103 104 105 106 107 108 109 110 111 112 113 114 115 116 117 118 119 120 121 122 123 124 125 126 127,-3.0,
base,active,1857058.0,1862451.0,1862537.0,0 1 2 3 4 5 6 7 8 9 10 11 12 13 14 15 16 17 18 19 20 21 22 23 24 25 26 27 28 29 30 31 32 33 34 35 36 37 38 39 40 41 42 43 44 45 46 47 48 49 50 51 52 53 54 55 56 57 58 59 60 61 62 63 64 65 66 67 68 69 70 71 72 73 74 75 76 77 78 79 80 81 82 83 84 85 86 87 88 89 90 91 92 93 94 95 96 97 98 99 100 101 102 103 104 105 106 107 108 109 110 111 112 113 114 115 116 117 118 119 120 121 122 123 124 125 126 127,42264.0,False
base,active,,1862537.0,1863437.0,0 1 2 3 4 5 6 7 8 9 10 11 12 13 14 15 16 17 18 19 20 21 22 23 24 25 26 27 28 29 30 31 32 33 34 35 36 37 38 39 40 41 42 43 44 45 46 47 48 49 50 51 52 53 54 55 56 57 58 59 60 61 62 63 64 65 66 67 68 69 70 71 72 73 74 75 76 77 78 79 80 81 82 83 84 85 86 87 88 89 90 91 92 93 94 95 96 97 98 99 100 101 102 103 104 105 106 107 108 109 110 111 112 113 114 115 116 117 118 119 120 121 122 123 124 125 126 127,-1.0,
base,switching_off,,1863437.0,1865237.0,0 1 2 3 4 5 6 7 8 9 10 11 12 13 14 15 16 17 18 19 20 21 22 23 24 25 26 27 28 29 30 31 32 33 34 35 36 37 38 39 40 41 42 43 44 45 46 47 48 49 50 51 52 53 54 55 56 57 58 59 60 61 62 63 64 65 66 67 68 69 70 71 72 73 74 75 76 77 78 79 80 81 82 83 84 85 86 87 88 89 90 91 92 93 94 95 96 97 98 99 100 101 102 103 104 105 106 107 108 109 110 111 112 113 114 115 116 117 118 119 120 121 122 123 124 125 126 127,-2.0,
